Timestamp,ReadLatency(s),Throughput(MiB/s)
1725522014,0.329,0.000
1725522014,0.374,0.000
1725522014,0.379,0.000
1725522014,0.381,0.000
1725522014,0.383,0.000
1725522014,0.384,0.000
1725522014,0.396,0.000
1725522014,0.397,0.000
1725522014,0.398,0.000
1725522014,0.402,0.000
1725522014,0.405,0.000
1725522014,0.409,0.000
1725522014,0.410,0.000
1725522014,0.413,0.000
1725522014,0.421,0.000
1725522014,0.424,0.000
1725522014,0.434,0.000
1725522014,0.435,0.000
1725522014,0.435,0.000
1725522014,0.436,0.000
1725522014,0.437,0.000
1725522014,0.440,0.000
1725522014,0.440,0.000
1725522014,0.442,0.000
1725522014,0.446,0.000
1725522014,0.447,0.000
1725522014,0.450,0.000
1725522014,0.450,0.000
1725522014,0.452,0.000
1725522014,0.454,0.000
1725522014,0.460,0.000
1725522014,0.461,0.000
1725522014,0.461,0.000
1725522014,0.465,0.000
1725522014,0.466,0.000
1725522014,0.468,0.000
1725522014,0.470,0.000
1725522014,0.477,0.000
1725522014,0.484,0.000
1725522014,0.486,0.000
1725522014,0.502,0.000
1725522014,0.506,0.000
1725522014,0.508,0.000
1725522014,0.517,0.000
1725522014,0.519,0.000
1725522014,0.524,0.000
1725522014,0.529,0.000
1725522014,0.535,0.000
1725522014,0.535,0.000
1725522014,0.536,0.000
1725522014,0.540,0.000
1725522014,0.550,0.000
1725522014,0.556,0.000
1725522014,0.560,0.000
1725522014,0.583,0.000
1725522014,0.590,0.000
1725522014,0.280,0.000
1725522014,0.231,0.000
1725522014,0.619,0.000
1725522014,0.245,0.000
1725522014,0.286,0.000
1725522014,0.320,0.000
1725522014,0.316,0.000
1725522014,0.267,0.000
1725522014,0.249,0.000
1725522014,0.281,0.000
1725522014,0.309,0.000
1725522014,0.320,0.000
1725522014,0.353,0.000
1725522014,0.314,0.000
1725522014,0.312,0.000
1725522014,0.357,0.000
1725522014,0.334,0.000
1725522014,0.346,0.000
1725522014,0.359,0.000
1725522014,0.284,0.000
1725522014,0.300,0.000
1725522014,0.781,0.000
1725522014,0.397,0.000
1725522014,0.355,0.000
1725522014,0.299,0.000
1725522014,0.296,0.000
1725522014,0.428,0.000
1725522014,0.340,0.000
1725522014,0.366,0.000
1725522014,0.275,0.000
1725522014,0.367,0.000
1725522014,0.374,0.000
1725522014,0.373,0.000
1725522014,0.334,0.000
1725522014,0.385,0.000
1725522014,0.414,0.000
1725522014,0.322,0.000
1725522014,0.408,0.000
1725522014,0.459,0.000
1725522014,0.353,0.000
1725522014,0.873,0.000
1725522014,0.288,0.000
1725522014,0.445,0.000
1725522014,0.449,0.000
1725522014,0.352,0.000
1725522014,0.283,0.000
1725522014,0.428,0.000
1725522014,0.436,0.000
1725522014,0.289,0.000
1725522014,0.451,0.000
1725522014,0.479,0.000
1725522014,0.391,0.000
1725522014,0.432,0.000
1725522014,0.457,0.000
1725522014,0.350,0.000
1725522014,0.266,0.000
1725522014,0.379,0.000
1725522014,0.414,0.000
1725522014,0.301,0.000
1725522014,0.441,0.000
1725522014,0.452,0.000
1725522014,0.274,0.000
1725522014,0.287,0.000
1725522014,0.276,0.000
1725522014,0.459,0.000
1725522014,0.460,0.000
1725522015,0.416,0.000
1725522015,0.320,0.000
1725522015,0.288,0.000
1725522015,0.268,0.000
1725522015,0.328,0.000
1725522015,0.348,0.000
1725522015,0.314,0.000
1725522015,0.296,0.000
1725522015,0.331,0.000
1725522015,0.297,0.000
1725522015,0.398,0.000
1725522015,0.356,0.000
1725522015,0.370,0.000
1725522015,0.320,0.000
1725522015,0.376,0.000
1725522015,0.337,0.000
1725522015,0.301,0.000
1725522015,0.349,0.000
1725522015,0.308,0.000
1725522015,0.350,0.000
1725522015,0.301,0.000
1725522015,0.367,0.000
1725522015,0.477,0.000
1725522015,0.297,0.000
1725522015,0.376,0.000
1725522015,0.297,0.000
1725522015,0.400,0.000
1725522015,0.362,0.000
1725522015,0.447,0.000
1725522015,0.424,0.000
1725522015,0.312,0.000
1725522015,0.293,0.000
1725522015,0.371,0.000
1725522015,0.268,0.000
1725522015,0.380,0.000
1725522015,0.344,0.000
1725522015,0.399,0.000
1725522015,0.342,0.000
1725522015,0.372,0.000
1725522015,0.395,0.000
1725522015,0.389,0.000
1725522015,0.278,0.000
1725522015,0.346,0.000
1725522015,0.291,0.000
1725522015,0.519,0.000
1725522015,0.450,0.000
1725522015,0.274,0.000
1725522015,0.410,0.000
1725522015,0.415,0.000
1725522015,0.365,0.000
1725522015,0.429,0.000
1725522015,0.507,0.000
1725522015,0.388,0.000
1725522015,0.493,0.000
1725522015,0.400,0.000
1725522015,0.314,0.000
1725522015,0.277,0.000
1725522015,0.444,0.000
1725522015,0.335,0.000
1725522015,0.226,0.000
1725522015,0.336,0.000
1725522015,0.362,0.000
1725522015,0.540,0.000
1725522015,0.424,0.000
1725522015,0.306,0.000
1725522015,0.329,0.000
1725522015,0.323,0.000
1725522015,0.583,0.000
1725522015,0.353,0.000
1725522015,0.268,0.000
1725522015,0.397,0.000
1725522015,0.288,0.000
1725522015,0.443,0.000
1725522015,0.299,0.000
1725522015,0.363,0.000
1725522015,0.314,0.000
1725522015,0.369,0.000
1725522015,0.329,0.000
1725522015,0.231,0.000
1725522015,0.499,0.000
1725522015,0.368,0.000
1725522015,0.302,0.000
1725522015,0.383,0.000
1725522015,0.288,0.000
1725522015,0.470,0.000
1725522015,0.311,0.000
1725522015,0.298,0.000
1725522015,0.399,0.000
1725522015,0.398,0.000
1725522015,0.303,0.000
1725522015,0.321,0.000
1725522015,0.395,0.000
1725522015,0.371,0.000
1725522015,0.384,0.000
1725522015,0.353,0.000
1725522015,0.411,0.000
1725522015,0.361,0.000
1725522015,0.373,0.000
1725522015,0.404,0.000
1725522015,0.533,0.000
1725522015,0.354,0.000
1725522015,0.297,0.000
1725522015,0.256,0.000
1725522015,0.404,0.000
1725522015,0.392,0.000
1725522015,0.363,0.000
1725522015,0.278,0.000
1725522015,0.407,0.000
1725522015,0.336,0.000
1725522015,0.398,0.000
1725522015,0.393,0.000
1725522015,0.347,0.000
1725522015,0.258,0.000
1725522015,0.436,0.000
1725522015,0.387,0.000
1725522015,0.379,0.000
1725522015,0.550,0.000
1725522015,0.346,0.000
1725522015,0.275,0.000
1725522015,0.323,0.000
1725522015,0.332,0.000
1725522015,0.286,0.000
1725522015,0.450,0.000
1725522015,0.315,0.000
1725522015,0.314,0.000
1725522015,0.326,0.000
1725522015,1.836,0.000
1725522015,0.297,0.000
1725522015,0.541,0.000
1725522015,0.372,0.000
1725522015,0.390,0.000
1725522015,0.377,0.000
1725522015,0.437,0.000
1725522015,0.336,0.000
1725522015,0.342,0.000
1725522015,0.291,0.000
1725522015,0.434,0.000
1725522015,0.518,0.000
1725522015,0.362,0.000
1725522015,0.284,0.000
1725522015,0.423,0.000
1725522015,0.397,0.000
1725522015,0.341,0.000
1725522015,0.388,0.000
1725522015,0.414,0.000
1725522015,0.653,0.000
1725522015,0.372,0.000
1725522015,0.346,0.000
1725522015,0.351,0.000
1725522015,0.925,0.000
1725522015,0.363,0.000
1725522015,0.285,0.000
1725522015,0.361,0.000
1725522015,0.302,0.000
1725522015,0.338,0.000
1725522016,0.392,0.000
1725522016,0.302,0.000
1725522016,0.413,0.000
1725522016,0.418,0.000
1725522016,0.276,0.000
1725522016,0.294,0.000
1725522016,0.323,0.000
1725522016,0.312,0.000
1725522016,0.422,0.000
1725522016,0.258,0.000
1725522016,0.437,0.000
1725522016,0.383,0.000
1725522016,0.317,0.000
1725522016,0.332,0.000
1725522016,0.318,0.000
1725522016,0.353,0.000
1725522016,0.309,0.000
1725522016,0.264,0.000
1725522016,0.333,0.000
1725522016,0.288,0.000
1725522016,0.391,0.000
1725522016,0.275,0.000
1725522016,0.383,0.000
1725522016,0.500,0.000
1725522016,0.539,0.000
1725522016,0.367,0.000
1725522016,0.358,0.000
1725522016,0.373,0.000
1725522016,0.297,0.000
1725522016,0.307,0.000
1725522016,0.350,0.000
1725522016,0.366,0.000
1725522016,0.317,0.000
1725522016,0.376,0.000
1725522016,0.372,0.000
1725522016,0.307,0.000
1725522016,0.491,0.000
1725522016,0.286,0.000
1725522016,0.842,0.000
1725522016,0.432,0.000
1725522016,0.358,0.000
1725522016,0.413,0.000
1725522016,0.416,0.000
1725522016,0.367,0.000
1725522016,0.468,0.000
1725522016,0.323,0.000
1725522016,0.358,0.000
1725522016,0.382,0.000
1725522016,0.448,0.000
1725522016,0.361,0.000
1725522016,0.423,0.000
1725522016,0.469,0.000
1725522016,0.293,0.000
1725522016,0.238,0.000
1725522016,0.249,0.000
1725522016,0.401,0.000
1725522016,0.350,0.000
1725522016,0.291,0.000
1725522016,0.379,0.000
1725522016,0.312,0.000
1725522016,0.284,0.000
1725522016,0.273,0.000
1725522016,0.297,0.000
1725522016,0.312,0.000
1725522016,0.451,0.000
1725522016,0.284,0.000
1725522016,0.369,0.000
1725522016,0.398,0.000
1725522016,0.261,0.000
1725522016,0.387,0.000
1725522016,0.381,0.000
1725522016,0.297,0.000
1725522016,0.355,0.000
1725522016,0.330,0.000
1725522016,0.534,0.000
1725522016,0.322,0.000
1725522016,0.375,0.000
1725522016,0.368,0.000
1725522016,0.392,0.000
1725522016,0.387,0.000
1725522016,0.304,0.000
1725522016,0.313,0.000
1725522016,0.364,0.000
1725522016,0.332,0.000
1725522016,0.409,0.000
1725522016,0.503,0.000
1725522016,0.348,0.000
1725522016,0.405,0.000
1725522016,0.302,0.000
1725522016,0.322,0.000
1725522016,0.314,0.000
1725522016,0.310,0.000
1725522016,0.292,0.000
1725522016,0.272,0.000
1725522016,0.329,0.000
1725522016,0.275,0.000
1725522016,0.489,0.000
1725522016,0.247,0.000
1725522016,0.347,0.000
1725522016,0.359,0.000
1725522016,0.403,0.000
1725522016,0.492,0.000
1725522016,0.525,0.000
1725522016,0.380,0.000
1725522016,0.296,0.000
1725522016,0.502,0.000
1725522016,0.318,0.000
1725522016,0.359,0.000
1725522016,0.296,0.000
1725522016,0.281,0.000
1725522016,0.394,0.000
1725522016,0.426,0.000
1725522016,0.320,0.000
1725522016,0.308,0.000
1725522016,0.297,0.000
1725522016,0.332,0.000
1725522016,0.507,0.000
1725522016,0.423,0.000
1725522016,0.347,0.000
1725522016,0.284,0.000
1725522016,0.337,0.000
1725522016,0.313,0.000
1725522016,0.304,0.000
1725522016,0.353,0.000
1725522016,0.342,0.000
1725522016,0.442,0.000
1725522016,0.638,0.000
1725522016,0.394,0.000
1725522016,0.304,0.000
1725522016,0.381,0.000
1725522016,0.329,0.000
1725522016,0.297,0.000
1725522016,0.310,0.000
1725522016,0.487,0.000
1725522016,0.330,0.000
1725522016,0.305,0.000
1725522016,0.364,0.000
1725522016,0.370,0.000
1725522016,0.324,0.000
1725522016,0.454,0.000
1725522016,0.395,0.000
1725522016,0.337,0.000
1725522016,0.351,0.000
1725522016,0.296,0.000
1725522016,0.333,0.000
1725522016,0.299,0.000
1725522016,0.299,0.000
1725522016,0.267,0.000
1725522016,0.321,0.000
1725522016,0.388,0.000
1725522016,0.347,0.000
1725522016,0.307,0.000
1725522016,0.345,0.000
1725522016,0.348,0.000
1725522016,0.336,0.000
1725522016,0.367,0.000
1725522016,0.311,0.000
1725522016,0.247,0.000
1725522016,0.284,0.000
1725522016,0.341,0.000
1725522016,0.394,0.000
1725522016,0.305,0.000
1725522016,0.535,0.000
1725522016,1.671,0.000
1725522016,0.557,0.000
1725522016,0.292,0.000
1725522016,0.351,0.000
1725522017,0.230,0.000
1725522017,0.407,0.000
1725522017,0.414,0.000
1725522017,0.290,0.000
1725522017,0.350,0.000
1725522017,0.305,0.000
1725522017,0.315,0.000
1725522017,0.354,0.000
1725522017,0.396,0.000
1725522017,0.469,0.000
1725522017,0.333,0.000
1725522017,0.279,0.000
1725522017,0.347,0.000
1725522017,0.338,0.000
1725522017,0.295,0.000
1725522017,0.459,0.000
1725522017,0.398,0.000
1725522017,0.331,0.000
1725522017,0.359,0.000
1725522017,0.412,0.000
1725522017,0.522,0.000
1725522017,0.358,0.000
1725522017,0.336,0.000
1725522017,0.240,0.000
1725522017,0.422,0.000
1725522017,0.395,0.000
1725522017,0.246,0.000
1725522017,0.328,0.000
1725522017,0.322,0.000
1725522017,0.509,0.000
1725522017,0.413,0.000
1725522017,0.321,0.000
1725522017,0.251,0.000
1725522017,0.256,0.000
1725522017,0.309,0.000
1725522017,0.399,0.000
1725522017,0.388,0.000
1725522017,0.335,0.000
1725522017,0.286,0.000
1725522017,0.410,0.000
1725522017,0.310,0.000
1725522017,0.288,0.000
1725522017,0.287,0.000
1725522017,0.357,0.000
1725522017,0.379,0.000
1725522017,0.350,0.000
1725522017,0.343,0.000
1725522017,0.390,0.000
1725522017,0.434,0.000
1725522017,0.359,0.000
1725522017,0.334,0.000
1725522017,0.429,0.000
1725522017,0.309,0.000
1725522017,0.324,0.000
1725522017,0.285,0.000
1725522017,0.376,0.000
1725522017,0.315,0.000
1725522017,0.349,0.000
1725522017,0.234,0.000
1725522017,0.335,0.000
1725522017,0.357,0.000
1725522017,0.449,0.000
1725522017,1.617,0.000
1725522017,0.488,0.000
1725522017,0.377,0.000
1725522017,0.290,0.000
1725522017,0.419,0.000
1725522017,0.339,0.000
1725522017,0.388,0.000
1725522017,0.317,0.000
1725522017,0.327,0.000
1725522017,0.411,0.000
1725522017,0.307,0.000
1725522017,0.505,0.000
1725522017,0.241,0.000
1725522017,0.327,0.000
1725522017,0.366,0.000
1725522017,0.500,0.000
1725522017,0.517,0.000
1725522017,0.412,0.000
1725522017,0.355,0.000
1725522017,0.371,0.000
1725522017,0.272,0.000
1725522017,0.275,0.000
1725522017,0.291,0.000
1725522017,0.294,0.000
1725522017,0.289,0.000
1725522017,0.328,0.000
1725522017,0.410,0.000
1725522017,0.444,0.000
1725522017,0.467,0.000
1725522017,0.358,0.000
1725522017,0.419,0.000
1725522017,0.480,0.000
1725522017,0.362,0.000
1725522017,0.321,0.000
1725522017,0.343,0.000
1725522017,0.354,0.000
1725522017,0.554,0.000
1725522017,0.307,0.000
1725522017,0.317,0.000
1725522017,0.386,0.000
1725522017,0.361,0.000
1725522017,0.692,0.000
1725522017,0.297,0.000
1725522017,0.309,0.000
1725522017,0.303,0.000
1725522017,0.264,0.000
1725522017,0.259,0.000
1725522017,0.560,0.000
1725522017,0.594,0.000
1725522017,0.260,0.000
1725522017,0.328,0.000
1725522017,0.264,0.000
1725522017,0.371,0.000
1725522017,0.623,0.000
1725522017,0.354,0.000
1725522017,0.272,0.000
1725522017,0.364,0.000
1725522017,0.397,0.000
1725522017,0.386,0.000
1725522017,0.220,0.000
1725522017,0.400,0.000
1725522017,0.375,0.000
1725522017,0.322,0.000
1725522017,0.341,0.000
1725522017,0.318,0.000
1725522017,0.327,0.000
1725522017,0.408,0.000
1725522017,0.354,0.000
1725522017,0.304,0.000
1725522017,0.356,0.000
1725522017,0.435,0.000
1725522017,0.334,0.000
1725522017,0.278,0.000
1725522017,0.341,0.000
1725522017,0.305,0.000
1725522017,0.417,0.000
1725522017,0.394,0.000
1725522017,0.322,0.000
1725522017,0.307,0.000
1725522017,0.198,0.000
1725522017,0.317,0.000
1725522017,0.334,0.000
1725522017,0.290,0.000
1725522017,0.323,0.000
1725522017,0.341,0.000
1725522017,0.301,0.000
1725522017,0.388,0.000
1725522017,0.345,0.000
1725522017,0.328,0.000
1725522017,0.349,0.000
1725522017,0.317,0.000
1725522017,0.334,0.000
1725522017,0.294,0.000
1725522017,0.279,0.000
1725522017,0.363,0.000
1725522017,0.287,0.000
1725522017,0.497,0.000
1725522017,0.381,0.000
1725522018,0.387,0.000
1725522018,0.521,0.000
1725522018,0.274,0.000
1725522018,0.417,0.000
1725522018,0.300,0.000
1725522018,0.272,0.000
1725522018,0.372,0.000
1725522018,0.307,0.000
1725522018,0.304,0.000
1725522018,0.318,0.000
1725522018,0.328,0.000
1725522018,0.427,0.000
1725522018,0.298,0.000
1725522018,1.076,0.000
1725522018,0.244,0.000
1725522018,0.345,0.000
1725522018,0.263,0.000
1725522018,0.260,0.000
1725522018,0.321,0.000
1725522018,0.352,0.000
1725522018,0.368,0.000
1725522018,0.320,0.000
1725522018,0.339,0.000
1725522018,0.245,0.000
1725522018,0.388,0.000
1725522018,0.285,0.000
1725522018,0.405,0.000
1725522018,0.388,0.000
1725522018,0.282,0.000
1725522018,0.449,0.000
1725522018,0.287,0.000
1725522018,0.406,0.000
1725522018,0.344,0.000
1725522018,0.398,0.000
1725522018,0.391,0.000
1725522018,0.306,0.000
1725522018,0.622,0.000
1725522018,0.426,0.000
1725522018,0.791,0.000
1725522018,0.399,0.000
1725522018,0.441,0.000
1725522018,0.686,0.000
1725522018,0.344,0.000
1725522018,0.451,0.000
1725522018,0.398,0.000
1725522018,0.348,0.000
1725522018,0.341,0.000
1725522018,0.393,0.000
1725522018,0.543,0.000
1725522018,0.354,0.000
1725522018,0.308,0.000
1725522018,0.395,0.000
1725522018,0.288,0.000
1725522018,0.314,0.000
1725522018,0.382,0.000
1725522018,0.347,0.000
1725522018,0.296,0.000
1725522018,0.294,0.000
1725522018,0.359,0.000
1725522018,0.353,0.000
1725522018,0.338,0.000
1725522018,0.363,0.000
1725522018,0.397,0.000
1725522018,0.266,0.000
1725522018,0.281,0.000
1725522018,0.343,0.000
1725522018,0.362,0.000
1725522018,0.395,0.000
1725522018,0.268,0.000
1725522018,0.226,0.000
1725522018,0.589,0.000
1725522018,0.290,0.000
1725522018,0.368,0.000
1725522018,0.358,0.000
1725522018,0.390,0.000
1725522018,0.338,0.000
1725522018,0.294,0.000
1725522018,0.189,0.000
1725522018,0.334,0.000
1725522018,0.309,0.000
1725522018,0.317,0.000
1725522018,0.425,0.000
1725522018,0.455,0.000
1725522018,0.390,0.000
1725522018,0.245,0.000
1725522018,0.410,0.000
1725522018,0.277,0.000
1725522018,0.307,0.000
1725522018,0.253,0.000
1725522018,0.337,0.000
1725522018,0.349,0.000
1725522018,0.358,0.000
1725522018,0.397,0.000
1725522018,0.481,0.000
1725522018,0.428,0.000
1725522018,0.347,0.000
1725522018,0.292,0.000
1725522018,0.328,0.000
1725522018,0.323,0.000
1725522018,0.312,0.000
1725522018,0.352,0.000
1725522018,0.390,0.000
1725522018,0.355,0.000
1725522018,0.457,0.000
1725522018,0.245,0.000
1725522018,0.410,0.000
1725522018,0.305,0.000
1725522018,0.335,0.000
1725522018,0.264,0.000
1725522018,0.247,0.000
1725522018,0.307,0.000
1725522018,0.330,0.000
1725522018,0.343,0.000
1725522018,0.448,0.000
1725522018,0.417,0.000
1725522018,0.275,0.000
1725522018,0.405,0.000
1725522018,0.309,0.000
1725522018,0.350,0.000
1725522018,0.336,0.000
1725522018,0.351,0.000
1725522018,0.272,0.000
1725522018,0.376,0.000
1725522018,0.338,0.000
1725522018,0.268,0.000
1725522018,0.294,0.000
1725522018,0.328,0.000
1725522018,0.341,0.000
1725522018,0.386,0.000
1725522018,0.380,0.000
1725522018,0.361,0.000
1725522018,0.416,0.000
1725522018,0.508,0.000
1725522018,0.268,0.000
1725522018,0.304,0.000
1725522018,0.321,0.000
1725522018,0.289,0.000
1725522018,0.411,0.000
1725522018,0.353,0.000
1725522018,0.401,0.000
1725522018,0.404,0.000
1725522018,0.357,0.000
1725522018,0.319,0.000
1725522018,0.289,0.000
1725522018,0.296,0.000
1725522018,0.296,0.000
1725522018,0.296,0.000
1725522018,0.522,0.000
1725522018,0.414,0.000
1725522018,0.447,0.000
1725522018,0.558,0.000
1725522018,0.328,0.000
1725522018,0.402,0.000
1725522018,0.539,0.000
1725522018,0.855,0.000
1725522018,0.354,0.000
1725522018,0.303,0.000
1725522018,0.294,0.000
1725522018,0.402,0.000
1725522018,0.370,0.000
1725522018,0.248,0.000
1725522018,0.422,0.000
1725522018,0.473,0.000
1725522018,0.302,0.000
1725522018,0.293,0.000
1725522018,0.440,0.000
1725522018,0.321,0.000
1725522018,0.436,0.000
1725522018,0.305,0.000
1725522018,0.298,0.000
1725522019,0.271,0.000
1725522019,0.428,0.000
1725522019,0.488,0.000
1725522019,0.327,0.000
1725522019,0.297,0.000
1725522019,0.351,0.000
1725522019,0.422,0.000
1725522019,0.302,0.000
1725522019,0.339,0.000
1725522019,0.321,0.000
1725522019,0.442,0.000
1725522019,0.402,0.000
1725522019,0.311,0.000
1725522019,0.428,0.000
1725522019,0.349,0.000
1725522019,0.349,0.000
1725522019,0.357,0.000
1725522019,0.271,0.000
1725522019,0.444,0.000
1725522019,0.489,0.000
1725522019,0.390,0.000
1725522019,0.282,0.000
1725522019,0.410,0.000
1725522019,0.297,0.000
1725522019,0.312,0.000
1725522019,0.378,0.000
1725522019,0.341,0.000
1725522019,0.297,0.000
1725522019,0.285,0.000
1725522019,0.362,0.000
1725522019,0.444,0.000
1725522019,0.336,0.000
1725522019,0.270,0.000
1725522019,0.382,0.000
1725522019,0.280,0.000
1725522019,0.391,0.000
1725522019,0.381,0.000
1725522019,0.338,0.000
1725522019,0.331,0.000
1725522019,0.417,0.000
1725522019,0.423,0.000
1725522019,0.249,0.000
1725522019,0.343,0.000
1725522019,0.328,0.000
1725522019,0.312,0.000
1725522019,0.313,0.000
1725522019,0.388,0.000
1725522019,0.314,0.000
1725522019,0.278,0.000
1725522019,0.439,0.000
1725522019,0.311,0.000
1725522019,0.397,0.000
1725522019,0.368,0.000
1725522019,0.319,0.000
1725522019,0.342,0.000
1725522019,0.318,0.000
1725522019,0.312,0.000
1725522019,0.474,0.000
1725522019,0.273,0.000
1725522019,0.325,0.000
1725522019,0.971,0.000
1725522019,0.347,0.000
1725522019,0.502,0.000
1725522019,0.420,0.000
1725522019,0.285,0.000
1725522019,0.338,0.000
1725522019,0.376,0.000
1725522019,0.460,0.000
1725522019,0.423,0.000
1725522019,0.303,0.000
1725522019,0.580,0.000
1725522019,0.366,0.000
1725522019,0.345,0.000
1725522019,0.462,0.000
1725522019,0.271,0.000
1725522019,0.380,0.000
1725522019,0.370,0.000
1725522019,0.394,0.000
1725522019,0.444,0.000
1725522019,0.325,0.000
1725522019,0.311,0.000
1725522019,0.418,0.000
1725522019,0.337,0.000
1725522019,0.323,0.000
1725522019,0.467,0.000
1725522019,0.231,0.000
1725522019,0.327,0.000
1725522019,0.314,0.000
1725522019,0.319,0.000
1725522019,0.322,0.000
1725522019,0.288,0.000
1725522019,0.364,0.000
1725522019,0.349,0.000
1725522019,0.435,0.000
1725522019,0.285,0.000
1725522019,0.317,0.000
1725522019,0.356,0.000
1725522019,0.233,0.000
1725522019,0.542,0.000
1725522019,0.309,0.000
1725522019,0.386,0.000
1725522019,0.422,0.000
1725522019,0.364,0.000
1725522019,0.241,0.000
1725522019,0.315,0.000
1725522019,0.390,0.000
1725522019,0.472,0.000
1725522019,0.347,0.000
1725522019,0.519,0.000
1725522019,0.298,0.000
1725522019,0.441,0.000
1725522019,0.332,0.000
1725522019,0.347,0.000
1725522019,0.439,0.000
1725522019,0.433,0.000
1725522019,0.250,0.000
1725522019,0.300,0.000
1725522019,0.490,0.000
1725522019,0.377,0.000
1725522019,0.351,0.000
1725522019,0.366,0.000
1725522019,0.298,0.000
1725522019,0.454,0.000
1725522019,0.430,0.000
1725522019,0.324,0.000
1725522019,0.303,0.000
1725522019,0.315,0.000
1725522019,0.266,0.000
1725522019,0.382,0.000
1725522019,0.265,0.000
1725522019,0.412,0.000
1725522019,0.457,0.000
1725522019,0.327,0.000
1725522019,0.325,0.000
1725522019,0.355,0.000
1725522019,0.302,0.000
1725522019,0.332,0.000
1725522019,0.282,0.000
1725522019,0.394,0.000
1725522019,0.547,0.000
1725522019,0.348,0.000
1725522019,0.447,0.000
1725522019,0.292,0.000
1725522019,0.576,0.000
1725522019,0.412,0.000
1725522019,0.482,0.000
1725522019,0.398,0.000
1725522019,0.590,0.000
1725522019,0.313,0.000
1725522019,0.269,0.000
1725522019,0.374,0.000
1725522019,0.376,0.000
1725522019,0.345,0.000
1725522019,0.359,0.000
1725522019,1.028,0.000
1725522019,0.319,0.000
1725522019,0.307,0.000
1725522019,0.357,0.000
1725522019,0.296,0.000
1725522019,0.371,0.000
1725522019,0.281,0.000
1725522019,0.280,0.000
1725522019,0.313,0.000
1725522020,0.322,0.000
1725522020,0.320,0.000
1725522020,0.449,0.000
1725522020,0.336,0.000
1725522020,0.292,0.000
1725522020,0.349,0.000
1725522020,0.320,0.000
1725522020,0.386,0.000
1725522020,0.373,0.000
1725522020,0.311,0.000
1725522020,0.430,0.000
1725522020,0.318,0.000
1725522020,0.286,0.000
1725522020,0.316,0.000
1725522020,0.288,0.000
1725522020,0.344,0.000
1725522020,0.367,0.000
1725522020,0.318,0.000
1725522020,0.308,0.000
1725522020,0.320,0.000
1725522020,0.318,0.000
1725522020,0.525,0.000
1725522020,0.353,0.000
1725522020,0.546,0.000
1725522020,0.774,0.000
1725522020,0.277,0.000
1725522020,0.259,0.000
1725522020,0.270,0.000
1725522020,0.390,0.000
1725522020,0.457,0.000
1725522020,0.386,0.000
1725522020,0.277,0.000
1725522020,0.361,0.000
1725522020,0.249,0.000
1725522020,0.259,0.000
1725522020,0.389,0.000
1725522020,0.379,0.000
1725522020,0.353,0.000
1725522020,0.373,0.000
1725522020,0.374,0.000
1725522020,0.433,0.000
1725522020,0.362,0.000
1725522020,0.366,0.000
1725522020,0.352,0.000
1725522020,0.255,0.000
1725522020,0.457,0.000
1725522020,0.349,0.000
1725522020,0.430,0.000
1725522020,0.287,0.000
1725522020,0.314,0.000
1725522020,0.387,0.000
1725522020,0.310,0.000
1725522020,0.431,0.000
1725522020,0.464,0.000
1725522020,0.416,0.000
1725522020,0.398,0.000
1725522020,0.518,0.000
1725522020,0.267,0.000
1725522020,0.501,0.000
1725522020,0.273,0.000
1725522020,0.287,0.000
1725522020,0.382,0.000
1725522020,0.440,0.000
1725522020,0.409,0.000
1725522020,0.470,0.000
1725522020,0.556,0.000
1725522020,0.318,0.000
1725522020,0.341,0.000
1725522020,0.307,0.000
1725522020,0.308,0.000
1725522020,0.321,0.000
1725522020,0.279,0.000
1725522020,0.233,0.000
1725522020,0.419,0.000
1725522020,0.372,0.000
1725522020,0.309,0.000
1725522020,0.455,0.000
1725522020,0.322,0.000
1725522020,0.347,0.000
1725522020,0.280,0.000
1725522020,0.363,0.000
1725522020,0.410,0.000
1725522020,0.322,0.000
1725522020,0.344,0.000
1725522020,0.282,0.000
1725522020,0.294,0.000
1725522020,0.469,0.000
1725522020,0.388,0.000
1725522020,0.386,0.000
1725522020,0.359,0.000
1725522020,0.313,0.000
1725522020,0.709,0.000
1725522020,0.369,0.000
1725522020,0.313,0.000
1725522020,0.330,0.000
1725522020,0.299,0.000
1725522020,0.343,0.000
1725522020,0.307,0.000
1725522020,0.301,0.000
1725522020,0.382,0.000
1725522020,0.300,0.000
1725522020,0.448,0.000
1725522020,0.333,0.000
1725522020,0.302,0.000
1725522020,0.344,0.000
1725522020,0.322,0.000
1725522020,0.498,0.000
1725522020,0.376,0.000
1725522020,0.268,0.000
1725522020,0.279,0.000
1725522020,0.313,0.000
1725522020,0.332,0.000
1725522020,0.433,0.000
1725522020,0.415,0.000
1725522020,0.395,0.000
1725522020,0.429,0.000
1725522020,0.252,0.000
1725522020,0.299,0.000
1725522020,0.377,0.000
1725522020,0.285,0.000
1725522020,0.305,0.000
1725522020,0.327,0.000
1725522020,0.364,0.000
1725522020,0.362,0.000
1725522020,0.310,0.000
1725522020,0.305,0.000
1725522020,0.308,0.000
1725522020,0.318,0.000
1725522020,0.465,0.000
1725522020,0.316,0.000
1725522020,0.354,0.000
1725522020,0.295,0.000
1725522020,0.367,0.000
1725522020,0.281,0.000
1725522020,0.335,0.000
1725522020,0.436,0.000
1725522020,0.479,0.000
1725522020,0.372,0.000
1725522020,0.220,0.000
1725522020,0.454,0.000
1725522020,0.396,0.000
1725522020,0.414,0.000
1725522020,0.276,0.000
1725522020,0.541,0.000
1725522020,0.371,0.000
1725522020,0.355,0.000
1725522020,0.340,0.000
1725522020,0.270,0.000
1725522020,0.482,0.000
1725522020,0.445,0.000
1725522020,0.317,0.000
1725522020,1.611,0.000
1725522020,0.280,0.000
1725522020,0.390,0.000
1725522020,0.310,0.000
1725522020,0.293,0.000
1725522020,0.340,0.000
1725522020,0.481,0.000
1725522020,0.343,0.000
1725522020,0.347,0.000
1725522020,0.348,0.000
1725522020,0.345,0.000
1725522020,0.293,0.000
1725522020,0.277,0.000
1725522020,0.382,0.000
1725522020,0.248,0.000
1725522021,0.356,0.000
1725522021,0.360,0.000
1725522021,0.457,0.000
1725522021,0.405,0.000
1725522021,0.379,0.000
1725522021,0.377,0.000
1725522021,0.256,0.000
1725522021,0.312,0.000
1725522021,0.278,0.000
1725522021,0.481,0.000
1725522021,0.343,0.000
1725522021,0.292,0.000
1725522021,0.375,0.000
1725522021,0.251,0.000
1725522021,0.461,0.000
1725522021,0.362,0.000
1725522021,0.323,0.000
1725522021,0.336,0.000
1725522021,0.341,0.000
1725522021,0.429,0.000
1725522021,0.351,0.000
1725522021,0.359,0.000
1725522021,0.331,0.000
1725522021,0.576,0.000
1725522021,0.338,0.000
1725522021,0.326,0.000
1725522021,0.286,0.000
1725522021,0.324,0.000
1725522021,0.318,0.000
1725522021,0.267,0.000
1725522021,0.576,0.000
1725522021,0.293,0.000
1725522021,0.481,0.000
1725522021,0.346,0.000
1725522021,0.526,0.000
1725522021,0.316,0.000
1725522021,0.378,0.000
1725522021,0.327,0.000
1725522021,0.284,0.000
1725522021,0.304,0.000
1725522021,0.316,0.000
1725522021,0.356,0.000
1725522021,0.750,0.000
1725522021,0.366,0.000
1725522021,0.467,0.000
1725522021,0.368,0.000
1725522021,0.448,0.000
1725522021,0.328,0.000
1725522021,0.387,0.000
1725522021,0.288,0.000
1725522021,0.296,0.000
1725522021,0.239,0.000
1725522021,0.346,0.000
1725522021,0.530,0.000
1725522021,0.504,0.000
1725522021,0.336,0.000
1725522021,0.422,0.000
1725522021,0.436,0.000
1725522021,0.265,0.000
1725522021,0.563,0.000
1725522021,0.430,0.000
1725522021,0.385,0.000
1725522021,0.366,0.000
1725522021,0.465,0.000
1725522021,0.268,0.000
1725522021,0.349,0.000
1725522021,0.387,0.000
1725522021,0.405,0.000
1725522021,0.298,0.000
1725522021,0.352,0.000
1725522021,0.323,0.000
1725522021,0.356,0.000
1725522021,0.506,0.000
1725522021,0.355,0.000
1725522021,0.330,0.000
1725522021,0.543,0.000
1725522021,0.456,0.000
1725522021,0.606,0.000
1725522021,0.304,0.000
1725522021,0.446,0.000
1725522021,0.412,0.000
1725522021,0.322,0.000
1725522021,0.322,0.000
1725522021,0.522,0.000
1725522021,0.295,0.000
1725522021,0.305,0.000
1725522021,0.419,0.000
1725522021,0.359,0.000
1725522021,0.499,0.000
1725522021,0.387,0.000
1725522021,0.348,0.000
1725522021,0.409,0.000
1725522021,0.384,0.000
1725522021,0.374,0.000
1725522021,0.507,0.000
1725522021,0.810,0.000
1725522021,0.386,0.000
1725522021,0.403,0.000
1725522021,0.472,0.000
1725522021,0.322,0.000
1725522021,0.564,0.000
1725522021,0.350,0.000
1725522021,0.378,0.000
1725522021,0.355,0.000
1725522021,0.309,0.000
1725522021,0.433,0.000
1725522021,0.517,0.000
1725522021,0.466,0.000
1725522021,0.319,0.000
1725522021,0.418,0.000
1725522021,0.330,0.000
1725522021,0.333,0.000
1725522021,0.414,0.000
1725522021,0.308,0.000
1725522021,0.405,0.000
1725522021,0.345,0.000
1725522021,0.368,0.000
1725522021,0.495,0.000
1725522021,0.240,0.000
1725522021,0.281,0.000
1725522021,0.327,0.000
1725522021,0.572,0.000
1725522021,0.357,0.000
1725522021,0.377,0.000
1725522021,0.388,0.000
1725522021,0.280,0.000
1725522021,0.401,0.000
1725522021,0.258,0.000
1725522021,0.395,0.000
1725522021,0.447,0.000
1725522021,0.372,0.000
1725522021,0.356,0.000
1725522021,0.449,0.000
1725522021,0.416,0.000
1725522021,0.294,0.000
1725522021,0.538,0.000
1725522021,0.329,0.000
1725522021,0.403,0.000
1725522021,0.427,0.000
1725522021,0.344,0.000
1725522021,0.296,0.000
1725522021,0.551,0.000
1725522021,0.279,0.000
1725522021,0.261,0.000
1725522021,0.362,0.000
1725522021,0.467,0.000
1725522021,0.390,0.000
1725522021,0.320,0.000
1725522021,0.487,0.000
1725522022,0.368,0.000
1725522022,0.257,0.000
1725522022,0.334,0.000
1725522022,0.605,0.000
1725522022,0.414,0.000
1725522022,0.322,0.000
1725522022,0.253,0.000
1725522022,0.294,0.000
1725522022,0.273,0.000
1725522022,0.291,0.000
1725522022,0.280,0.000
1725522022,0.492,0.000
1725522022,0.285,0.000
1725522022,0.456,0.000
1725522022,0.504,0.000
1725522022,0.354,0.000
1725522022,0.600,0.000
1725522022,0.276,0.000
1725522022,0.300,0.000
1725522022,0.412,0.000
1725522022,0.484,0.000
1725522022,0.466,0.000
1725522022,0.386,0.000
1725522022,0.406,0.000
1725522022,0.420,0.000
1725522022,0.390,0.000
1725522022,0.506,0.000
1725522022,0.375,0.000
1725522022,0.437,0.000
1725522022,0.271,0.000
1725522022,0.334,0.000
1725522022,0.451,0.000
1725522022,0.343,0.000
1725522022,0.308,0.000
1725522022,0.385,0.000
1725522022,0.340,0.000
1725522022,0.371,0.000
1725522022,0.490,0.000
1725522022,0.323,0.000
1725522022,0.305,0.000
1725522022,1.023,0.000
1725522022,0.471,0.000
1725522022,0.326,0.000
1725522022,0.445,0.000
1725522022,0.298,0.000
1725522022,0.549,0.000
1725522022,0.359,0.000
1725522022,0.256,0.000
1725522022,0.411,0.000
1725522022,0.340,0.000
1725522022,0.525,0.000
1725522022,0.313,0.000
1725522022,0.268,0.000
1725522022,0.400,0.000
1725522022,0.342,0.000
1725522022,0.404,0.000
1725522022,0.407,0.000
1725522022,0.360,0.000
1725522022,0.334,0.000
1725522022,0.459,0.000
1725522022,0.257,0.000
1725522022,0.293,0.000
1725522022,0.288,0.000
1725522022,0.375,0.000
1725522022,0.269,0.000
1725522022,0.454,0.000
1725522022,0.351,0.000
1725522022,0.326,0.000
1725522022,0.427,0.000
1725522022,0.361,0.000
1725522022,0.361,0.000
1725522022,0.564,0.000
1725522022,0.309,0.000
1725522022,0.289,0.000
1725522022,0.335,0.000
1725522022,0.416,0.000
1725522022,0.572,0.000
1725522022,0.282,0.000
1725522022,0.369,0.000
1725522022,0.372,0.000
1725522022,0.333,0.000
1725522022,0.391,0.000
1725522022,0.371,0.000
1725522022,0.293,0.000
1725522022,0.263,0.000
1725522022,0.319,0.000
1725522022,0.533,0.000
1725522022,0.429,0.000
1725522022,0.377,0.000
1725522022,0.343,0.000
1725522022,0.286,0.000
1725522022,0.473,0.000
1725522022,0.314,0.000
1725522022,0.243,0.000
1725522022,0.254,0.000
1725522022,0.314,0.000
1725522022,0.385,0.000
1725522022,0.514,0.000
1725522022,0.384,0.000
1725522022,0.333,0.000
1725522022,0.424,0.000
1725522022,0.965,0.000
1725522022,0.460,0.000
1725522022,0.416,0.000
1725522022,0.561,0.000
1725522022,0.299,0.000
1725522022,0.325,0.000
1725522022,0.367,0.000
1725522022,0.363,0.000
1725522022,0.304,0.000
1725522022,0.476,0.000
1725522022,0.631,0.000
1725522022,0.351,0.000
1725522022,0.541,0.000
1725522022,0.515,0.000
1725522022,0.339,0.000
1725522022,0.374,0.000
1725522022,0.438,0.000
1725522022,0.428,0.000
1725522022,0.603,0.000
1725522022,0.271,0.000
1725522022,0.364,0.000
1725522022,0.358,0.000
1725522022,0.326,0.000
1725522022,0.383,0.000
1725522022,0.287,0.000
1725522022,0.355,0.000
1725522022,1.546,0.000
1725522022,0.457,0.000
1725522022,0.561,0.000
1725522022,0.462,0.000
1725522022,0.255,0.000
1725522022,0.350,0.000
1725522022,0.379,0.000
1725522022,0.578,0.000
1725522022,0.302,0.000
1725522022,0.313,0.000
1725522022,0.387,0.000
1725522022,0.243,0.000
1725522022,0.383,0.000
1725522022,0.358,0.000
1725522022,0.264,0.000
1725522022,0.414,0.000
1725522022,0.474,0.000
1725522022,0.324,0.000
1725522022,0.279,0.000
1725522022,0.308,0.000
1725522022,0.259,0.000
1725522022,0.378,0.000
1725522022,0.290,0.000
1725522022,0.339,0.000
1725522022,0.266,0.000
1725522022,0.429,0.000
1725522022,0.376,0.000
1725522023,0.492,0.000
1725522023,0.305,0.000
1725522023,0.237,0.000
1725522023,0.363,0.000
1725522023,0.365,0.000
1725522023,0.344,0.000
1725522023,0.302,0.000
1725522023,0.289,0.000
1725522023,0.673,0.000
1725522023,0.518,0.000
1725522023,0.271,0.000
1725522023,0.492,0.000
1725522023,0.270,0.000
1725522023,0.322,0.000
1725522023,0.556,0.000
1725522023,0.395,0.000
1725522023,0.420,0.000
1725522023,0.489,0.000
1725522023,0.431,0.000
1725522023,0.403,0.000
1725522023,0.521,0.000
1725522023,0.396,0.000
1725522023,0.248,0.000
1725522023,0.236,0.000
1725522023,0.299,0.000
1725522023,0.499,0.000
1725522023,0.325,0.000
1725522023,0.458,0.000
1725522023,0.407,0.000
1725522023,0.397,0.000
1725522023,0.224,0.000
1725522023,0.473,0.000
1725522023,0.370,0.000
1725522023,0.287,0.000
1725522023,0.413,0.000
1725522023,0.387,0.000
1725522023,0.331,0.000
1725522023,0.402,0.000
1725522023,0.401,0.000
1725522023,0.381,0.000
1725522023,0.321,0.000
1725522023,0.276,0.000
1725522023,0.311,0.000
1725522023,0.304,0.000
1725522023,0.453,0.000
1725522023,0.276,0.000
1725522023,0.532,0.000
1725522023,0.365,0.000
1725522023,0.390,0.000
1725522023,0.427,0.000
1725522023,0.393,0.000
1725522023,0.337,0.000
1725522023,0.358,0.000
1725522023,0.340,0.000
1725522023,0.336,0.000
1725522023,0.357,0.000
1725522023,0.346,0.000
1725522023,0.434,0.000
1725522023,0.311,0.000
1725522023,0.274,0.000
1725522023,0.509,0.000
1725522023,0.377,0.000
1725522023,0.284,0.000
1725522023,0.328,0.000
1725522023,0.347,0.000
1725522023,0.420,0.000
1725522023,0.345,0.000
1725522023,0.293,0.000
1725522023,0.573,0.000
1725522023,0.420,0.000
1725522023,0.315,0.000
1725522023,0.571,0.000
1725522023,0.831,0.000
1725522023,0.392,0.000
1725522023,0.374,0.000
1725522023,0.345,0.000
1725522023,0.359,0.000
1725522023,0.281,0.000
1725522023,0.353,0.000
1725522023,0.287,0.000
1725522023,0.276,0.000
1725522023,0.397,0.000
1725522023,0.505,0.000
1725522023,0.410,0.000
1725522023,0.419,0.000
1725522023,0.268,0.000
1725522023,0.491,0.000
1725522023,0.396,0.000
1725522023,0.324,0.000
1725522023,0.404,0.000
1725522023,0.411,0.000
1725522023,0.559,0.000
1725522023,0.355,0.000
1725522023,0.291,0.000
1725522023,0.472,0.000
1725522023,0.782,0.000
1725522023,0.355,0.000
1725522023,0.379,0.000
1725522023,0.277,0.000
1725522023,0.305,0.000
1725522023,0.372,0.000
1725522023,0.208,0.000
1725522023,0.435,0.000
1725522023,0.331,0.000
1725522023,0.424,0.000
1725522023,0.282,0.000
1725522023,0.462,0.000
1725522023,0.321,0.000
1725522023,0.568,0.000
1725522023,0.344,0.000
1725522023,0.244,0.000
1725522023,0.335,0.000
1725522023,0.329,0.000
1725522023,0.452,0.000
1725522023,0.288,0.000
1725522023,0.295,0.000
1725522023,0.323,0.000
1725522023,0.249,0.000
1725522023,0.489,0.000
1725522023,0.320,0.000
1725522023,0.332,0.000
1725522023,0.345,0.000
1725522023,0.269,0.000
1725522023,0.334,0.000
1725522023,0.422,0.000
1725522023,0.544,0.000
1725522023,0.447,0.000
1725522023,0.307,0.000
1725522023,0.361,0.000
1725522023,0.327,0.000
1725522023,0.346,0.000
1725522023,0.431,0.000
1725522023,0.385,0.000
1725522023,0.430,0.000
1725522023,0.416,0.000
1725522023,0.406,0.000
1725522023,0.387,0.000
1725522023,0.432,0.000
1725522023,0.290,0.000
1725522023,0.369,0.000
1725522023,0.327,0.000
1725522023,0.376,0.000
1725522023,0.484,0.000
1725522023,0.309,0.000
1725522023,0.243,0.000
1725522023,0.269,0.000
1725522023,0.258,0.000
1725522023,0.444,0.000
1725522023,0.330,0.000
1725522023,0.253,0.000
1725522023,0.313,0.000
1725522023,0.728,0.000
1725522023,0.265,0.000
1725522023,0.287,0.000
1725522023,0.443,0.000
1725522023,0.391,0.000
1725522023,0.301,0.000
1725522023,0.327,0.000
1725522023,0.354,0.000
1725522023,0.253,0.000
1725522023,0.240,0.000
1725522023,0.459,0.000
1725522023,0.338,0.000
1725522023,0.368,0.000
1725522024,0.385,0.000
1725522024,0.360,0.000
1725522024,0.307,0.000
1725522024,0.442,0.000
1725522024,0.308,0.000
1725522024,0.294,0.000
1725522024,0.295,0.000
1725522024,0.292,0.000
1725522024,0.449,0.000
1725522024,0.495,0.000
1725522024,0.424,0.000
1725522024,0.282,0.000
1725522024,0.482,0.000
1725522024,0.313,0.000
1725522024,0.340,0.000
1725522024,0.351,0.000
1725522024,0.677,0.000
1725522024,0.285,0.000
1725522024,0.231,0.000
1725522024,0.368,0.000
1725522024,0.299,0.000
1725522024,0.493,0.000
1725522024,0.533,0.000
1725522024,0.418,0.000
1725522024,0.323,0.000
1725522024,0.341,0.000
1725522024,0.668,0.000
1725522024,0.389,0.000
1725522024,0.319,0.000
1725522024,0.313,0.000
1725522024,0.306,0.000
1725522024,0.352,0.000
1725522024,0.313,0.000
1725522024,0.379,0.000
1725522024,0.395,0.000
1725522024,0.363,0.000
1725522024,0.343,0.000
1725522024,0.278,0.000
1725522024,0.475,0.000
1725522024,0.295,0.000
1725522024,0.306,0.000
1725522024,0.378,0.000
1725522024,0.280,0.000
1725522024,0.299,0.000
1725522024,0.413,0.000
1725522024,0.298,0.000
1725522024,0.334,0.000
1725522024,0.400,0.000
1725522024,0.433,0.000
1725522024,0.385,0.000
1725522024,0.327,0.000
1725522024,0.570,0.000
1725522024,0.270,0.000
1725522024,0.255,0.000
1725522024,0.330,0.000
1725522024,0.399,0.000
1725522024,0.374,0.000
1725522024,0.318,0.000
1725522024,0.489,0.000
1725522024,0.421,0.000
1725522024,0.354,0.000
1725522024,0.367,0.000
1725522024,0.311,0.000
1725522024,0.300,0.000
1725522024,0.627,0.000
1725522024,0.324,0.000
1725522024,0.256,0.000
1725522024,0.364,0.000
1725522024,0.252,0.000
1725522024,0.448,0.000
1725522024,0.524,0.000
1725522024,0.264,0.000
1725522024,0.362,0.000
1725522024,0.503,0.000
1725522024,0.361,0.000
1725522024,0.280,0.000
1725522024,0.295,0.000
1725522024,0.428,0.000
1725522024,0.436,0.000
1725522024,0.332,0.000
1725522024,0.392,0.000
1725522024,0.320,0.000
1725522024,0.337,0.000
1725522024,0.678,0.000
1725522024,0.344,0.000
1725522024,0.290,0.000
1725522024,0.491,0.000
1725522024,0.555,0.000
1725522024,0.378,0.000
1725522024,0.723,0.000
1725522024,0.336,0.000
1725522024,0.305,0.000
1725522024,0.316,0.000
1725522024,0.593,0.000
1725522024,0.382,0.000
1725522024,0.304,0.000
1725522024,0.284,0.000
1725522024,0.371,0.000
1725522024,0.440,0.000
1725522024,0.383,0.000
1725522024,0.321,0.000
1725522024,0.396,0.000
1725522024,0.382,0.000
1725522024,0.316,0.000
1725522024,0.331,0.000
1725522024,0.318,0.000
1725522024,0.256,0.000
1725522024,0.227,0.000
1725522024,0.357,0.000
1725522024,0.486,0.000
1725522024,0.395,0.000
1725522024,0.278,0.000
1725522024,0.294,0.000
1725522024,0.273,0.000
1725522024,0.464,0.000
1725522024,0.359,0.000
1725522024,0.365,0.000
1725522024,0.350,0.000
1725522024,0.522,0.000
1725522024,0.471,0.000
1725522024,0.268,0.000
1725522024,0.290,0.000
1725522024,0.584,0.000
1725522024,0.249,0.000
1725522024,0.296,0.000
1725522024,0.341,0.000
1725522024,0.312,0.000
1725522024,0.384,0.000
1725522024,0.408,0.000
1725522024,0.340,0.000
1725522024,0.240,0.000
1725522024,0.371,0.000
1725522024,0.318,0.000
1725522024,0.344,0.000
1725522024,0.302,0.000
1725522024,0.317,0.000
1725522024,0.336,0.000
1725522024,0.396,0.000
1725522024,0.361,0.000
1725522024,0.378,0.000
1725522024,0.346,0.000
1725522024,0.297,0.000
1725522024,0.398,0.000
1725522024,0.346,0.000
1725522024,0.327,0.000
1725522024,0.313,0.000
1725522024,0.531,0.000
1725522024,0.297,0.000
1725522024,0.641,0.000
1725522024,0.336,0.000
1725522024,0.302,0.000
1725522024,0.344,0.000
1725522024,0.436,0.000
1725522024,0.360,0.000
1725522024,0.323,0.000
1725522024,0.358,0.000
1725522024,0.354,0.000
1725522024,0.402,0.000
1725522024,0.878,0.000
1725522025,0.273,0.000
1725522025,0.301,0.000
1725522025,0.350,0.000
1725522025,0.304,0.000
1725522025,0.424,0.000
1725522025,0.335,0.000
1725522025,0.494,0.000
1725522025,0.392,0.000
1725522025,0.488,0.000
1725522025,0.335,0.000
1725522025,0.280,0.000
1725522025,0.503,0.000
1725522025,0.318,0.000
1725522025,0.400,0.000
1725522025,0.473,0.000
1725522025,0.396,0.000
1725522025,0.354,0.000
1725522025,0.378,0.000
1725522025,0.417,0.000
1725522025,0.419,0.000
1725522025,0.413,0.000
1725522025,0.267,0.000
1725522025,0.657,0.000
1725522025,0.328,0.000
1725522025,0.409,0.000
1725522025,0.365,0.000
1725522025,0.410,0.000
1725522025,0.288,0.000
1725522025,0.327,0.000
1725522025,0.356,0.000
1725522025,0.462,0.000
1725522025,0.485,0.000
1725522025,0.332,0.000
1725522025,0.664,0.000
1725522025,0.282,0.000
1725522025,0.364,0.000
1725522025,0.324,0.000
1725522025,0.428,0.000
1725522025,0.301,0.000
1725522025,0.343,0.000
1725522025,0.399,0.000
1725522025,0.295,0.000
1725522025,0.353,0.000
1725522025,0.521,0.000
1725522025,0.371,0.000
1725522025,0.287,0.000
1725522025,0.287,0.000
1725522025,0.306,0.000
1725522025,0.306,0.000
1725522025,0.344,0.000
1725522025,0.311,0.000
1725522025,0.265,0.000
1725522025,0.381,0.000
1725522025,0.410,0.000
1725522025,0.428,0.000
1725522025,0.344,0.000
1725522025,0.335,0.000
1725522025,0.378,0.000
1725522025,0.431,0.000
1725522025,0.462,0.000
1725522025,0.244,0.000
1725522025,0.380,0.000
1725522025,0.514,0.000
1725522025,0.486,0.000
1725522025,0.400,0.000
1725522025,0.365,0.000
1725522025,0.495,0.000
1725522025,0.309,0.000
1725522025,0.278,0.000
1725522025,0.438,0.000
1725522025,0.377,0.000
1725522025,0.276,0.000
1725522025,0.454,0.000
1725522025,0.359,0.000
1725522025,0.327,0.000
1725522025,0.536,0.000
1725522025,0.329,0.000
1725522025,0.312,0.000
1725522025,0.482,0.000
1725522025,0.377,0.000
1725522025,0.379,0.000
1725522025,0.715,0.000
1725522025,0.351,0.000
1725522025,0.389,0.000
1725522025,0.355,0.000
1725522025,0.325,0.000
1725522025,0.289,0.000
1725522025,0.282,0.000
1725522025,0.322,0.000
1725522025,0.301,0.000
1725522025,0.571,0.000
1725522025,0.302,0.000
1725522025,0.276,0.000
1725522025,0.531,0.000
1725522025,0.352,0.000
1725522025,0.286,0.000
1725522025,0.361,0.000
1725522025,0.275,0.000
1725522025,0.362,0.000
1725522025,0.442,0.000
1725522025,0.365,0.000
1725522025,0.417,0.000
1725522025,0.334,0.000
1725522025,0.341,0.000
1725522025,0.455,0.000
1725522025,0.324,0.000
1725522025,0.393,0.000
1725522025,0.435,0.000
1725522025,0.573,0.000
1725522025,0.414,0.000
1725522025,0.318,0.000
1725522025,0.468,0.000
1725522025,0.303,0.000
1725522025,0.377,0.000
1725522025,0.337,0.000
1725522025,0.467,0.000
1725522025,0.318,0.000
1725522025,0.273,0.000
1725522025,0.436,0.000
1725522025,0.389,0.000
1725522025,0.271,0.000
1725522025,0.414,0.000
1725522025,0.793,0.000
1725522025,0.403,0.000
1725522025,0.414,0.000
1725522025,0.271,0.000
1725522025,0.352,0.000
1725522025,0.280,0.000
1725522025,0.642,0.000
1725522025,0.323,0.000
1725522025,0.357,0.000
1725522025,0.364,0.000
1725522025,0.266,0.000
1725522025,0.316,0.000
1725522025,0.270,0.000
1725522025,0.333,0.000
1725522025,0.348,0.000
1725522025,0.397,0.000
1725522025,0.357,0.000
1725522025,0.518,0.000
1725522025,0.409,0.000
1725522025,0.316,0.000
1725522025,0.405,0.000
1725522025,0.571,0.000
1725522025,0.322,0.000
1725522025,0.322,0.000
1725522025,0.289,0.000
1725522025,0.391,0.000
1725522025,0.347,0.000
1725522025,0.338,0.000
1725522025,0.469,0.000
1725522025,0.354,0.000
1725522025,0.498,0.000
1725522025,0.338,0.000
1725522025,0.374,0.000
1725522025,0.415,0.000
1725522025,0.466,0.000
1725522026,0.418,0.000
1725522026,0.320,0.000
1725522026,0.311,0.000
1725522026,0.358,0.000
1725522026,0.455,0.000
1725522026,0.344,0.000
1725522026,0.291,0.000
1725522026,0.281,0.000
1725522026,0.585,0.000
1725522026,0.367,0.000
1725522026,0.435,0.000
1725522026,0.368,0.000
1725522026,0.357,0.000
1725522026,0.442,0.000
1725522026,0.379,0.000
1725522026,0.391,0.000
1725522026,0.442,0.000
1725522026,0.457,0.000
1725522026,0.363,0.000
1725522026,0.315,0.000
1725522026,0.359,0.000
1725522026,0.286,0.000
1725522026,0.718,0.000
1725522026,0.298,0.000
1725522026,0.339,0.000
1725522026,0.320,0.000
1725522026,0.309,0.000
1725522026,0.335,0.000
1725522026,0.429,0.000
1725522026,0.346,0.000
1725522026,0.616,0.000
1725522026,0.266,0.000
1725522026,0.348,0.000
1725522026,0.521,0.000
1725522026,0.338,0.000
1725522026,0.330,0.000
1725522026,0.425,0.000
1725522026,0.311,0.000
1725522026,0.338,0.000
1725522026,0.324,0.000
1725522026,0.434,0.000
1725522026,0.425,0.000
1725522026,0.603,0.000
1725522026,0.391,0.000
1725522026,0.415,0.000
1725522026,0.443,0.000
1725522026,0.349,0.000
1725522026,0.456,0.000
1725522026,0.488,0.000
1725522026,0.359,0.000
1725522026,0.299,0.000
1725522026,0.510,0.000
1725522026,0.314,0.000
1725522026,0.343,0.000
1725522026,0.324,0.000
1725522026,0.385,0.000
1725522026,0.404,0.000
1725522026,0.272,0.000
1725522026,0.467,0.000
1725522026,0.356,0.000
1725522026,0.576,0.000
1725522026,0.355,0.000
1725522026,0.320,0.000
1725522026,0.310,0.000
1725522026,0.539,0.000
1725522026,0.272,0.000
1725522026,0.321,0.000
1725522026,0.488,0.000
1725522026,0.359,0.000
1725522026,0.349,0.000
1725522026,0.331,0.000
1725522026,0.460,0.000
1725522026,0.319,0.000
1725522026,0.778,0.000
1725522026,0.299,0.000
1725522026,0.443,0.000
1725522026,0.417,0.000
1725522026,0.374,0.000
1725522026,0.367,0.000
1725522026,0.319,0.000
1725522026,0.360,0.000
1725522026,0.542,0.000
1725522026,0.380,0.000
1725522026,0.259,0.000
1725522026,0.368,0.000
1725522026,0.307,0.000
1725522026,0.320,0.000
1725522026,0.379,0.000
1725522026,0.462,0.000
1725522026,0.324,0.000
1725522026,0.392,0.000
1725522026,0.627,0.000
1725522026,0.297,0.000
1725522026,0.359,0.000
1725522026,0.363,0.000
1725522026,0.385,0.000
1725522026,0.474,0.000
1725522026,0.340,0.000
1725522026,0.388,0.000
1725522026,0.438,0.000
1725522026,0.292,0.000
1725522026,0.463,0.000
1725522026,0.335,0.000
1725522026,0.264,0.000
1725522026,0.316,0.000
1725522026,0.333,0.000
1725522026,0.380,0.000
1725522026,0.270,0.000
1725522026,0.397,0.000
1725522026,0.610,0.000
1725522026,0.429,0.000
1725522026,0.960,0.000
1725522026,0.299,0.000
1725522026,0.446,0.000
1725522026,0.400,0.000
1725522026,0.329,0.000
1725522026,0.243,0.000
1725522026,0.324,0.000
1725522026,0.296,0.000
1725522026,0.389,0.000
1725522026,0.311,0.000
1725522026,0.350,0.000
1725522026,0.402,0.000
1725522026,0.370,0.000
1725522026,0.656,0.000
1725522026,0.359,0.000
1725522026,0.532,0.000
1725522026,0.562,0.000
1725522026,0.317,0.000
1725522026,0.382,0.000
1725522026,0.365,0.000
1725522026,0.385,0.000
1725522026,0.514,0.000
1725522026,0.394,0.000
1725522026,0.360,0.000
1725522026,0.317,0.000
1725522026,0.523,0.000
1725522026,0.333,0.000
1725522026,0.303,0.000
1725522026,0.939,0.000
1725522026,0.356,0.000
1725522026,0.516,0.000
1725522026,0.495,0.000
1725522026,0.486,0.000
1725522026,0.349,0.000
1725522026,0.291,0.000
1725522026,0.423,0.000
1725522026,0.360,0.000
1725522027,0.309,0.000
1725522027,0.430,0.000
1725522027,0.302,0.000
1725522027,0.461,0.000
1725522027,0.349,0.000
1725522027,0.421,0.000
1725522027,0.294,0.000
1725522027,0.428,0.000
1725522027,0.242,0.000
1725522027,0.414,0.000
1725522027,0.403,0.000
1725522027,0.362,0.000
1725522027,0.317,0.000
1725522027,0.273,0.000
1725522027,0.352,0.000
1725522027,0.343,0.000
1725522027,0.431,0.000
1725522027,0.360,0.000
1725522027,0.315,0.000
1725522027,0.339,0.000
1725522027,0.308,0.000
1725522027,0.386,0.000
1725522027,0.263,0.000
1725522027,0.280,0.000
1725522027,0.284,0.000
1725522027,0.350,0.000
1725522027,0.285,0.000
1725522027,0.355,0.000
1725522027,0.305,0.000
1725522027,0.479,0.000
1725522027,0.400,0.000
1725522027,0.343,0.000
1725522027,0.311,0.000
1725522027,0.340,0.000
1725522027,0.451,0.000
1725522027,0.404,0.000
1725522027,0.371,0.000
1725522027,0.606,0.000
1725522027,0.459,0.000
1725522027,0.691,0.000
1725522027,0.488,0.000
1725522027,0.309,0.000
1725522027,0.554,0.000
1725522027,0.569,0.000
1725522027,0.288,0.000
1725522027,0.279,0.000
1725522027,0.329,0.000
1725522027,0.436,0.000
1725522027,0.499,0.000
1725522027,0.429,0.000
1725522027,0.286,0.000
1725522027,0.539,0.000
1725522027,0.328,0.000
1725522027,0.448,0.000
1725522027,0.243,0.000
1725522027,0.312,0.000
1725522027,0.424,0.000
1725522027,0.297,0.000
1725522027,0.338,0.000
1725522027,0.280,0.000
1725522027,0.361,0.000
1725522027,0.299,0.000
1725522027,0.588,0.000
1725522027,0.340,0.000
1725522027,0.333,0.000
1725522027,0.514,0.000
1725522027,0.335,0.000
1725522027,0.460,0.000
1725522027,0.347,0.000
1725522027,0.295,0.000
1725522027,0.387,0.000
1725522027,0.321,0.000
1725522027,0.360,0.000
1725522027,0.344,0.000
1725522027,0.417,0.000
1725522027,0.435,0.000
1725522027,0.358,0.000
1725522027,0.303,0.000
1725522027,0.425,0.000
1725522027,0.339,0.000
1725522027,0.412,0.000
1725522027,0.347,0.000
1725522027,0.321,0.000
1725522027,0.360,0.000
1725522027,0.759,0.000
1725522027,0.432,0.000
1725522027,0.324,0.000
1725522027,0.398,0.000
1725522027,0.322,0.000
1725522027,0.448,0.000
1725522027,0.297,0.000
1725522027,0.269,0.000
1725522027,0.335,0.000
1725522027,0.421,0.000
1725522027,0.401,0.000
1725522027,0.412,0.000
1725522027,0.400,0.000
1725522027,0.371,0.000
1725522027,0.274,0.000
1725522027,0.365,0.000
1725522027,0.341,0.000
1725522027,0.290,0.000
1725522027,0.284,0.000
1725522027,0.292,0.000
1725522027,0.379,0.000
1725522027,0.412,0.000
1725522027,0.285,0.000
1725522027,0.420,0.000
1725522027,0.389,0.000
1725522027,0.677,0.000
1725522027,0.294,0.000
1725522027,0.318,0.000
1725522027,0.441,0.000
1725522027,0.432,0.000
1725522027,0.308,0.000
1725522027,0.382,0.000
1725522027,0.495,0.000
1725522027,0.415,0.000
1725522027,0.474,0.000
1725522027,0.317,0.000
1725522027,0.319,0.000
1725522027,0.303,0.000
1725522027,0.535,0.000
1725522027,0.400,0.000
1725522027,0.387,0.000
1725522027,0.262,0.000
1725522027,0.327,0.000
1725522027,0.427,0.000
1725522027,0.310,0.000
1725522027,0.359,0.000
1725522027,0.268,0.000
1725522027,0.298,0.000
1725522027,0.551,0.000
1725522027,0.326,0.000
1725522027,0.252,0.000
1725522027,0.295,0.000
1725522027,0.376,0.000
1725522027,0.302,0.000
1725522027,0.326,0.000
1725522027,0.263,0.000
1725522027,0.306,0.000
1725522027,0.493,0.000
1725522027,0.431,0.000
1725522027,0.356,0.000
1725522027,0.429,0.000
1725522027,0.333,0.000
1725522027,0.566,0.000
1725522027,0.364,0.000
1725522027,0.315,0.000
1725522027,0.433,0.000
1725522027,0.341,0.000
1725522027,0.227,0.000
1725522027,0.326,0.000
1725522027,0.273,0.000
1725522027,0.216,0.000
1725522027,0.300,0.000
1725522027,0.396,0.000
1725522027,0.570,0.000
1725522027,0.372,0.000
1725522027,0.331,0.000
1725522027,0.352,0.000
1725522028,0.334,0.000
1725522028,0.316,0.000
1725522028,0.381,0.000
1725522028,0.274,0.000
1725522028,0.365,0.000
1725522028,0.230,0.000
1725522028,0.707,0.000
1725522028,0.507,0.000
1725522028,0.884,0.000
1725522028,0.479,0.000
1725522028,0.327,0.000
1725522028,0.320,0.000
1725522028,0.329,0.000
1725522028,0.514,0.000
1725522028,0.323,0.000
1725522028,0.556,0.000
1725522028,0.283,0.000
1725522028,0.370,0.000
1725522028,0.477,0.000
1725522028,0.360,0.000
1725522028,0.281,0.000
1725522028,0.399,0.000
1725522028,0.405,0.000
1725522028,0.293,0.000
1725522028,0.380,0.000
1725522028,0.418,0.000
1725522028,0.311,0.000
1725522028,0.297,0.000
1725522028,0.382,0.000
1725522028,0.364,0.000
1725522028,0.292,0.000
1725522028,0.397,0.000
1725522028,0.624,0.000
1725522028,0.258,0.000
1725522028,0.377,0.000
1725522028,0.256,0.000
1725522028,0.377,0.000
1725522028,0.259,0.000
1725522028,0.349,0.000
1725522028,0.322,0.000
1725522028,0.357,0.000
1725522028,0.345,0.000
1725522028,0.362,0.000
1725522028,0.252,0.000
1725522028,0.324,0.000
1725522028,0.339,0.000
1725522028,0.365,0.000
1725522028,0.408,0.000
1725522028,0.331,0.000
1725522028,0.439,0.000
1725522028,0.371,0.000
1725522028,0.419,0.000
1725522028,0.319,0.000
1725522028,0.429,0.000
1725522028,0.304,0.000
1725522028,0.328,0.000
1725522028,0.539,0.000
1725522028,0.251,0.000
1725522028,0.309,0.000
1725522028,0.370,0.000
1725522028,0.295,0.000
1725522028,0.299,0.000
1725522028,0.284,0.000
1725522028,0.565,0.000
1725522028,0.366,0.000
1725522028,0.304,0.000
1725522028,0.309,0.000
1725522028,0.532,0.000
1725522028,0.517,0.000
1725522028,0.368,0.000
1725522028,0.389,0.000
1725522028,0.378,0.000
1725522028,0.424,0.000
1725522028,0.290,0.000
1725522028,0.312,0.000
1725522028,0.341,0.000
1725522028,0.368,0.000
1725522028,0.554,0.000
1725522028,0.424,0.000
1725522028,0.310,0.000
1725522028,0.510,0.000
1725522028,0.419,0.000
1725522028,0.302,0.000
1725522028,0.340,0.000
1725522028,0.536,0.000
1725522028,0.319,0.000
1725522028,1.336,0.000
1725522028,0.430,0.000
1725522028,0.349,0.000
1725522028,0.417,0.000
1725522028,0.319,0.000
1725522028,1.181,0.000
1725522028,0.255,0.000
1725522028,0.355,0.000
1725522028,0.437,0.000
1725522028,0.492,0.000
1725522028,0.340,0.000
1725522028,0.369,0.000
1725522028,0.459,0.000
1725522028,0.365,0.000
1725522028,0.357,0.000
1725522028,0.336,0.000
1725522028,0.341,0.000
1725522028,0.351,0.000
1725522028,0.330,0.000
1725522028,0.434,0.000
1725522028,0.322,0.000
1725522028,0.346,0.000
1725522028,0.437,0.000
1725522028,0.242,0.000
1725522028,0.317,0.000
1725522028,0.383,0.000
1725522028,0.426,0.000
1725522028,0.386,0.000
1725522028,0.362,0.000
1725522028,0.904,0.000
1725522028,0.461,0.000
1725522028,0.631,0.000
1725522028,0.387,0.000
1725522028,0.308,0.000
1725522028,0.324,0.000
1725522028,0.361,0.000
1725522028,0.339,0.000
1725522028,0.319,0.000
1725522028,0.428,0.000
1725522028,0.351,0.000
1725522028,0.461,0.000
1725522028,0.365,0.000
1725522028,0.385,0.000
1725522028,0.281,0.000
1725522028,0.434,0.000
1725522028,0.304,0.000
1725522028,0.323,0.000
1725522028,0.352,0.000
1725522028,0.393,0.000
1725522028,0.370,0.000
1725522028,0.358,0.000
1725522028,0.375,0.000
1725522028,0.796,0.000
1725522028,0.348,0.000
1725522028,0.380,0.000
1725522028,0.374,0.000
1725522028,0.396,0.000
1725522028,0.818,0.000
1725522028,0.250,0.000
1725522028,0.351,0.000
1725522028,0.306,0.000
1725522028,0.368,0.000
1725522028,0.390,0.000
1725522029,0.399,0.000
1725522029,0.306,0.000
1725522029,0.322,0.000
1725522029,0.381,0.000
1725522029,0.383,0.000
1725522029,0.336,0.000
1725522029,0.336,0.000
1725522029,0.400,0.000
1725522029,0.448,0.000
1725522029,0.292,0.000
1725522029,0.560,0.000
1725522029,0.375,0.000
1725522029,0.400,0.000
1725522029,0.289,0.000
1725522029,0.295,0.000
1725522029,0.332,0.000
1725522029,0.296,0.000
1725522029,0.405,0.000
1725522029,0.514,0.000
1725522029,0.587,0.000
1725522029,0.526,0.000
1725522029,0.479,0.000
1725522029,0.410,0.000
1725522029,0.306,0.000
1725522029,0.380,0.000
1725522029,0.479,0.000
1725522029,0.384,0.000
1725522029,0.294,0.000
1725522029,0.440,0.000
1725522029,0.370,0.000
1725522029,0.369,0.000
1725522029,0.315,0.000
1725522029,0.451,0.000
1725522029,0.656,0.000
1725522029,0.306,0.000
1725522029,0.423,0.000
1725522029,0.428,0.000
1725522029,0.478,0.000
1725522029,0.314,0.000
1725522029,0.586,0.000
1725522029,0.300,0.000
1725522029,0.372,0.000
1725522029,0.297,0.000
1725522029,0.323,0.000
1725522029,0.260,0.000
1725522029,0.637,0.000
1725522029,0.405,0.000
1725522029,0.322,0.000
1725522029,0.636,0.000
1725522029,0.349,0.000
1725522029,0.358,0.000
1725522029,0.462,0.000
1725522029,0.338,0.000
1725522029,0.374,0.000
1725522029,0.607,0.000
1725522029,0.317,0.000
1725522029,0.330,0.000
1725522029,0.374,0.000
1725522029,0.329,0.000
1725522029,0.632,0.000
1725522029,0.343,0.000
1725522029,0.349,0.000
1725522029,0.288,0.000
1725522029,0.291,0.000
1725522029,0.378,0.000
1725522029,0.365,0.000
1725522029,0.338,0.000
1725522029,0.514,0.000
1725522029,0.282,0.000
1725522029,0.399,0.000
1725522029,0.305,0.000
1725522029,0.342,0.000
1725522029,0.391,0.000
1725522029,0.584,0.000
1725522029,0.342,0.000
1725522029,0.425,0.000
1725522029,0.262,0.000
1725522029,0.356,0.000
1725522029,0.836,0.000
1725522029,0.516,0.000
1725522029,0.340,0.000
1725522029,0.413,0.000
1725522029,0.387,0.000
1725522029,0.342,0.000
1725522029,0.269,0.000
1725522029,0.418,0.000
1725522029,0.287,0.000
1725522029,0.641,0.000
1725522029,0.403,0.000
1725522029,0.389,0.000
1725522029,0.359,0.000
1725522029,0.388,0.000
1725522029,0.289,0.000
1725522029,0.233,0.000
1725522029,0.449,0.000
1725522029,0.354,0.000
1725522029,0.396,0.000
1725522029,0.291,0.000
1725522029,0.380,0.000
1725522029,0.545,0.000
1725522029,0.368,0.000
1725522029,0.434,0.000
1725522029,0.312,0.000
1725522029,0.293,0.000
1725522029,0.337,0.000
1725522029,0.522,0.000
1725522029,0.513,0.000
1725522029,0.296,0.000
1725522029,0.346,0.000
1725522029,0.328,0.000
1725522029,0.390,0.000
1725522029,0.354,0.000
1725522029,0.379,0.000
1725522029,0.283,0.000
1725522029,0.283,0.000
1725522029,0.355,0.000
1725522029,0.362,0.000
1725522029,0.319,0.000
1725522029,0.405,0.000
1725522029,0.316,0.000
1725522029,0.318,0.000
1725522029,0.358,0.000
1725522029,0.366,0.000
1725522029,0.560,0.000
1725522029,0.261,0.000
1725522029,0.282,0.000
1725522029,0.333,0.000
1725522029,0.451,0.000
1725522029,0.437,0.000
1725522029,0.290,0.000
1725522029,0.328,0.000
1725522029,0.457,0.000
1725522029,0.413,0.000
1725522029,0.322,0.000
1725522029,0.333,0.000
1725522029,0.376,0.000
1725522029,0.689,0.000
1725522029,0.394,0.000
1725522029,0.346,0.000
1725522029,0.369,0.000
1725522029,0.301,0.000
1725522029,0.335,0.000
1725522029,0.381,0.000
1725522029,0.313,0.000
1725522029,0.333,0.000
1725522029,0.536,0.000
1725522029,0.493,0.000
1725522029,0.316,0.000
1725522029,0.426,0.000
1725522029,0.400,0.000
1725522029,0.392,0.000
1725522029,0.340,0.000
1725522029,0.296,0.000
1725522029,0.354,0.000
1725522029,0.376,0.000
1725522029,0.298,0.000
1725522029,0.374,0.000
1725522029,0.375,0.000
1725522030,0.443,0.000
1725522030,0.402,0.000
1725522030,0.312,0.000
1725522030,0.329,0.000
1725522030,0.338,0.000
1725522030,0.404,0.000
1725522030,0.231,0.000
1725522030,0.331,0.000
1725522030,0.349,0.000
1725522030,0.542,0.000
1725522030,0.472,0.000
1725522030,0.342,0.000
1725522030,0.307,0.000
1725522030,0.467,0.000
1725522030,0.357,0.000
1725522030,0.190,0.000
1725522030,0.375,0.000
1725522030,1.262,0.000
1725522030,0.410,0.000
1725522030,0.639,0.000
1725522030,0.278,0.000
1725522030,0.239,0.000
1725522030,0.387,0.000
1725522030,0.336,0.000
1725522030,0.345,0.000
1725522030,0.311,0.000
1725522030,0.332,0.000
1725522030,0.301,0.000
1725522030,0.383,0.000
1725522030,0.567,0.000
1725522030,0.371,0.000
1725522030,0.300,0.000
1725522030,0.439,0.000
1725522030,0.372,0.000
1725522030,0.411,0.000
1725522030,0.359,0.000
1725522030,0.320,0.000
1725522030,0.400,0.000
1725522030,0.593,0.000
1725522030,0.291,0.000
1725522030,0.351,0.000
1725522030,0.367,0.000
1725522030,0.374,0.000
1725522030,0.393,0.000
1725522030,0.258,0.000
1725522030,0.344,0.000
1725522030,0.515,0.000
1725522030,0.389,0.000
1725522030,0.339,0.000
1725522030,0.518,0.000
1725522030,0.247,0.000
1725522030,0.253,0.000
1725522030,0.319,0.000
1725522030,0.344,0.000
1725522030,0.284,0.000
1725522030,0.262,0.000
1725522030,0.395,0.000
1725522030,0.464,0.000
1725522030,0.312,0.000
1725522030,0.299,0.000
1725522030,0.468,0.000
1725522030,0.267,0.000
1725522030,0.464,0.000
1725522030,0.403,0.000
1725522030,0.387,0.000
1725522030,0.294,0.000
1725522030,0.306,0.000
1725522030,0.538,0.000
1725522030,0.379,0.000
1725522030,0.352,0.000
1725522030,0.330,0.000
1725522030,0.312,0.000
1725522030,0.430,0.000
1725522030,0.305,0.000
1725522030,0.462,0.000
1725522030,0.285,0.000
1725522030,0.518,0.000
1725522030,0.473,0.000
1725522030,0.422,0.000
1725522030,0.323,0.000
1725522030,0.300,0.000
1725522030,0.302,0.000
1725522030,0.373,0.000
1725522030,0.389,0.000
1725522030,0.332,0.000
1725522030,0.569,0.000
1725522030,0.463,0.000
1725522030,0.308,0.000
1725522030,0.421,0.000
1725522030,0.370,0.000
1725522030,0.272,0.000
1725522030,0.297,0.000
1725522030,0.301,0.000
1725522030,0.270,0.000
1725522030,0.412,0.000
1725522030,0.279,0.000
1725522030,0.340,0.000
1725522030,0.477,0.000
1725522030,0.427,0.000
1725522030,0.294,0.000
1725522030,0.376,0.000
1725522030,0.332,0.000
1725522030,0.302,0.000
1725522030,0.371,0.000
1725522030,0.297,0.000
1725522030,0.413,0.000
1725522030,0.478,0.000
1725522030,0.352,0.000
1725522030,0.329,0.000
1725522030,0.292,0.000
1725522030,0.428,0.000
1725522030,0.439,0.000
1725522030,0.285,0.000
1725522030,0.301,0.000
1725522030,0.394,0.000
1725522030,0.518,0.000
1725522030,0.386,0.000
1725522030,0.345,0.000
1725522030,0.323,0.000
1725522030,0.280,0.000
1725522030,0.312,0.000
1725522030,0.282,0.000
1725522030,0.274,0.000
1725522030,0.408,0.000
1725522030,0.440,0.000
1725522030,0.598,0.000
1725522030,0.309,0.000
1725522030,0.475,0.000
1725522030,1.301,0.000
1725522030,0.336,0.000
1725522030,0.357,0.000
1725522030,0.399,0.000
1725522030,0.286,0.000
1725522030,0.324,0.000
1725522030,0.378,0.000
1725522030,0.497,0.000
1725522030,0.509,0.000
1725522030,0.313,0.000
1725522030,0.474,0.000
1725522030,0.345,0.000
1725522030,0.299,0.000
1725522030,0.346,0.000
1725522030,0.283,0.000
1725522030,0.315,0.000
1725522030,0.312,0.000
1725522030,0.349,0.000
1725522030,0.353,0.000
1725522030,0.372,0.000
1725522030,0.310,0.000
1725522030,0.251,0.000
1725522030,0.489,0.000
1725522030,0.350,0.000
1725522030,0.517,0.000
1725522030,0.344,0.000
1725522030,0.379,0.000
1725522031,0.291,0.000
1725522031,0.442,0.000
1725522031,0.329,0.000
1725522031,0.343,0.000
1725522031,0.285,0.000
1725522031,0.332,0.000
1725522031,0.489,0.000
1725522031,0.715,0.000
1725522031,0.672,0.000
1725522031,0.316,0.000
1725522031,0.403,0.000
1725522031,0.311,0.000
1725522031,0.494,0.000
1725522031,0.322,0.000
1725522031,0.320,0.000
1725522031,0.338,0.000
1725522031,0.385,0.000
1725522031,0.362,0.000
1725522031,0.348,0.000
1725522031,0.349,0.000
1725522031,0.397,0.000
1725522031,0.380,0.000
1725522031,0.425,0.000
1725522031,0.485,0.000
1725522031,0.468,0.000
1725522031,0.279,0.000
1725522031,0.452,0.000
1725522031,0.584,0.000
1725522031,0.279,0.000
1725522031,0.457,0.000
1725522031,0.340,0.000
1725522031,0.315,0.000
1725522031,0.244,0.000
1725522031,0.563,0.000
1725522031,0.385,0.000
1725522031,0.606,0.000
1725522031,0.540,0.000
1725522031,0.335,0.000
1725522031,0.312,0.000
1725522031,0.276,0.000
1725522031,0.473,0.000
1725522031,0.330,0.000
1725522031,0.368,0.000
1725522031,0.407,0.000
1725522031,0.429,0.000
1725522031,0.435,0.000
1725522031,0.384,0.000
1725522031,0.443,0.000
1725522031,0.350,0.000
1725522031,0.407,0.000
1725522031,0.402,0.000
1725522031,0.315,0.000
1725522031,0.320,0.000
1725522031,0.384,0.000
1725522031,0.304,0.000
1725522031,0.351,0.000
1725522031,0.491,0.000
1725522031,0.363,0.000
1725522031,0.553,0.000
1725522031,0.483,0.000
1725522031,0.364,0.000
1725522031,0.391,0.000
1725522031,0.269,0.000
1725522031,0.295,0.000
1725522031,0.288,0.000
1725522031,0.337,0.000
1725522031,0.378,0.000
1725522031,0.489,0.000
1725522031,0.445,0.000
1725522031,0.494,0.000
1725522031,0.418,0.000
1725522031,0.420,0.000
1725522031,0.300,0.000
1725522031,0.475,0.000
1725522031,0.365,0.000
1725522031,0.382,0.000
1725522031,0.392,0.000
1725522031,0.457,0.000
1725522031,0.334,0.000
1725522031,0.346,0.000
1725522031,0.325,0.000
1725522031,0.503,0.000
1725522031,0.267,0.000
1725522031,0.337,0.000
1725522031,0.489,0.000
1725522031,0.374,0.000
1725522031,0.315,0.000
1725522031,0.339,0.000
1725522031,0.663,0.000
1725522031,0.319,0.000
1725522031,0.418,0.000
1725522031,0.551,0.000
1725522031,1.473,0.000
1725522031,0.527,0.000
1725522031,0.374,0.000
1725522031,0.325,0.000
1725522031,0.297,0.000
1725522031,0.399,0.000
1725522031,0.295,0.000
1725522031,0.321,0.000
1725522031,0.236,0.000
1725522031,0.289,0.000
1725522031,0.421,0.000
1725522031,0.296,0.000
1725522031,0.494,0.000
1725522031,0.328,0.000
1725522031,0.345,0.000
1725522031,0.407,0.000
1725522031,0.370,0.000
1725522031,0.355,0.000
1725522031,0.304,0.000
1725522031,0.313,0.000
1725522031,0.433,0.000
1725522031,0.317,0.000
1725522031,0.280,0.000
1725522031,0.348,0.000
1725522031,0.939,0.000
1725522031,0.392,0.000
1725522031,0.518,0.000
1725522031,0.270,0.000
1725522031,0.293,0.000
1725522031,0.369,0.000
1725522031,0.532,0.000
1725522031,0.476,0.000
1725522031,0.367,0.000
1725522031,0.336,0.000
1725522031,0.346,0.000
1725522031,0.359,0.000
1725522031,0.350,0.000
1725522031,0.336,0.000
1725522031,0.333,0.000
1725522031,0.377,0.000
1725522031,0.335,0.000
1725522031,0.399,0.000
1725522031,0.356,0.000
1725522031,0.368,0.000
1725522031,0.482,0.000
1725522031,0.336,0.000
1725522031,0.335,0.000
1725522031,0.516,0.000
1725522031,0.356,0.000
1725522031,0.264,0.000
1725522031,0.354,0.000
1725522031,0.359,0.000
1725522031,0.305,0.000
1725522031,0.415,0.000
1725522031,0.541,0.000
1725522031,0.401,0.000
1725522031,0.305,0.000
1725522031,0.289,0.000
1725522031,0.299,0.000
1725522031,0.435,0.000
1725522031,0.381,0.000
1725522031,0.371,0.000
1725522031,0.339,0.000
1725522031,0.276,0.000
1725522032,0.403,0.000
1725522032,0.335,0.000
1725522032,0.276,0.000
1725522032,0.311,0.000
1725522032,0.475,0.000
1725522032,0.427,0.000
1725522032,0.426,0.000
1725522032,0.285,0.000
1725522032,0.319,0.000
1725522032,0.702,0.000
1725522032,0.604,0.000
1725522032,0.492,0.000
1725522032,0.355,0.000
1725522032,0.368,0.000
1725522032,0.433,0.000
1725522032,0.311,0.000
1725522032,0.287,0.000
1725522032,0.360,0.000
1725522032,0.433,0.000
1725522032,0.394,0.000
1725522032,0.238,0.000
1725522032,0.545,0.000
1725522032,0.327,0.000
1725522032,0.265,0.000
1725522032,0.319,0.000
1725522032,0.352,0.000
1725522032,0.330,0.000
1725522032,0.230,0.000
1725522032,0.323,0.000
1725522032,0.428,0.000
1725522032,0.297,0.000
1725522032,0.395,0.000
1725522032,0.304,0.000
1725522032,0.351,0.000
1725522032,0.358,0.000
1725522032,0.372,0.000
1725522032,0.296,0.000
1725522032,0.353,0.000
1725522032,0.314,0.000
1725522032,0.400,0.000
1725522032,0.357,0.000
1725522032,0.422,0.000
1725522032,0.355,0.000
1725522032,0.350,0.000
1725522032,0.576,0.000
1725522032,0.248,0.000
1725522032,0.432,0.000
1725522032,0.292,0.000
1725522032,0.441,0.000
1725522032,0.269,0.000
1725522032,0.366,0.000
1725522032,0.455,0.000
1725522032,0.356,0.000
1725522032,0.497,0.000
1725522032,0.351,0.000
1725522032,0.286,0.000
1725522032,0.287,0.000
1725522032,0.293,0.000
1725522032,0.402,0.000
1725522032,0.634,0.000
1725522032,0.267,0.000
1725522032,0.390,0.000
1725522032,0.303,0.000
1725522032,0.290,0.000
1725522032,0.378,0.000
1725522032,0.535,0.000
1725522032,0.319,0.000
1725522032,0.308,0.000
1725522032,0.413,0.000
1725522032,0.375,0.000
1725522032,0.276,0.000
1725522032,0.536,0.000
1725522032,0.396,0.000
1725522032,0.303,0.000
1725522032,0.335,0.000
1725522032,0.378,0.000
1725522032,0.337,0.000
1725522032,0.264,0.000
1725522032,0.330,0.000
1725522032,0.440,0.000
1725522032,0.368,0.000
1725522032,0.313,0.000
1725522032,0.333,0.000
1725522032,0.862,0.000
1725522032,0.258,0.000
1725522032,0.482,0.000
1725522032,0.416,0.000
1725522032,0.296,0.000
1725522032,0.364,0.000
1725522032,0.383,0.000
1725522032,0.305,0.000
1725522032,0.284,0.000
1725522032,0.540,0.000
1725522032,0.444,0.000
1725522032,0.359,0.000
1725522032,0.633,0.000
1725522032,0.313,0.000
1725522032,0.360,0.000
1725522032,0.448,0.000
1725522032,0.406,0.000
1725522032,0.271,0.000
1725522032,0.390,0.000
1725522032,0.338,0.000
1725522032,0.344,0.000
1725522032,0.290,0.000
1725522032,0.351,0.000
1725522032,0.342,0.000
1725522032,0.387,0.000
1725522032,0.345,0.000
1725522032,0.374,0.000
1725522032,1.200,0.000
1725522032,0.384,0.000
1725522032,0.480,0.000
1725522032,0.414,0.000
1725522032,0.294,0.000
1725522032,0.243,0.000
1725522032,0.285,0.000
1725522032,0.363,0.000
1725522032,0.323,0.000
1725522032,0.372,0.000
1725522032,0.280,0.000
1725522032,0.311,0.000
1725522032,0.251,0.000
1725522032,0.361,0.000
1725522032,0.347,0.000
1725522032,0.545,0.000
1725522032,0.344,0.000
1725522032,0.363,0.000
1725522032,0.370,0.000
1725522032,0.288,0.000
1725522032,0.348,0.000
1725522032,0.595,0.000
1725522032,0.583,0.000
1725522032,0.362,0.000
1725522032,0.300,0.000
1725522032,0.306,0.000
1725522032,0.372,0.000
1725522032,0.289,0.000
1725522032,0.375,0.000
1725522032,0.356,0.000
1725522032,0.459,0.000
1725522032,0.370,0.000
1725522032,0.362,0.000
1725522032,0.459,0.000
1725522032,0.452,0.000
1725522032,0.268,0.000
1725522032,0.381,0.000
1725522032,0.267,0.000
1725522032,0.317,0.000
1725522032,0.353,0.000
1725522032,0.366,0.000
1725522032,0.333,0.000
1725522032,0.359,0.000
1725522032,0.252,0.000
1725522032,0.311,0.000
1725522032,0.398,0.000
1725522032,0.360,0.000
1725522032,0.348,0.000
1725522032,0.363,0.000
1725522032,0.480,0.000
1725522032,0.391,0.000
1725522033,0.274,0.000
1725522033,0.260,0.000
1725522033,0.360,0.000
1725522033,0.427,0.000
1725522033,0.299,0.000
1725522033,0.372,0.000
1725522033,0.358,0.000
1725522033,0.411,0.000
1725522033,0.296,0.000
1725522033,0.472,0.000
1725522033,0.365,0.000
1725522033,0.298,0.000
1725522033,0.362,0.000
1725522033,0.651,0.000
1725522033,0.360,0.000
1725522033,0.293,0.000
1725522033,0.518,0.000
1725522033,0.451,0.000
1725522033,0.349,0.000
1725522033,0.304,0.000
1725522033,0.285,0.000
1725522033,0.538,0.000
1725522033,0.456,0.000
1725522033,0.340,0.000
1725522033,0.402,0.000
1725522033,0.317,0.000
1725522033,0.298,0.000
1725522033,0.503,0.000
1725522033,0.447,0.000
1725522033,0.339,0.000
1725522033,0.472,0.000
1725522033,0.309,0.000
1725522033,0.313,0.000
1725522033,0.378,0.000
1725522033,0.302,0.000
1725522033,0.266,0.000
1725522033,0.274,0.000
1725522033,0.300,0.000
1725522033,0.339,0.000
1725522033,0.474,0.000
1725522033,0.317,0.000
1725522033,0.384,0.000
1725522033,0.349,0.000
1725522033,0.448,0.000
1725522033,0.289,0.000
1725522033,0.319,0.000
1725522033,0.324,0.000
1725522033,0.331,0.000
1725522033,0.421,0.000
1725522033,0.771,0.000
1725522033,0.452,0.000
1725522033,0.330,0.000
1725522033,0.520,0.000
1725522033,0.303,0.000
1725522033,0.380,0.000
1725522033,0.286,0.000
1725522033,0.323,0.000
1725522033,0.545,0.000
1725522033,0.440,0.000
1725522033,0.331,0.000
1725522033,0.358,0.000
1725522033,0.471,0.000
1725522033,0.377,0.000
1725522033,0.420,0.000
1725522033,0.598,0.000
1725522033,0.410,0.000
1725522033,0.484,0.000
1725522033,0.557,0.000
1725522033,0.346,0.000
1725522033,0.218,0.000
1725522033,0.254,0.000
1725522033,0.370,0.000
1725522033,0.401,0.000
1725522033,0.397,0.000
1725522033,0.332,0.000
1725522033,0.259,0.000
1725522033,0.371,0.000
1725522033,0.321,0.000
1725522033,0.441,0.000
1725522033,0.470,0.000
1725522033,0.267,0.000
1725522033,0.295,0.000
1725522033,0.432,0.000
1725522033,0.336,0.000
1725522033,0.260,0.000
1725522033,0.334,0.000
1725522033,0.467,0.000
1725522033,0.344,0.000
1725522033,0.476,0.000
1725522033,0.388,0.000
1725522033,0.432,0.000
1725522033,0.324,0.000
1725522033,0.361,0.000
1725522033,0.339,0.000
1725522033,0.552,0.000
1725522033,0.286,0.000
1725522033,0.294,0.000
1725522033,0.375,0.000
1725522033,0.494,0.000
1725522033,0.323,0.000
1725522033,0.385,0.000
1725522033,0.443,0.000
1725522033,0.296,0.000
1725522033,0.380,0.000
1725522033,0.438,0.000
1725522033,0.661,0.000
1725522033,0.288,0.000
1725522033,0.356,0.000
1725522033,0.330,0.000
1725522033,0.339,0.000
1725522033,0.306,0.000
1725522033,0.265,0.000
1725522033,0.692,0.000
1725522033,0.382,0.000
1725522033,0.335,0.000
1725522033,0.448,0.000
1725522033,0.444,0.000
1725522033,0.314,0.000
1725522033,0.320,0.000
1725522033,0.424,0.000
1725522033,0.373,0.000
1725522033,0.359,0.000
1725522033,0.320,0.000
1725522033,0.313,0.000
1725522033,0.257,0.000
1725522033,0.459,0.000
1725522033,0.312,0.000
1725522033,0.299,0.000
1725522033,0.288,0.000
1725522033,0.299,0.000
1725522033,0.356,0.000
1725522033,0.268,0.000
1725522033,0.248,0.000
1725522033,0.420,0.000
1725522033,0.362,0.000
1725522033,0.404,0.000
1725522033,0.380,0.000
1725522033,0.458,0.000
1725522033,0.238,0.000
1725522033,0.317,0.000
1725522033,0.345,0.000
1725522033,0.362,0.000
1725522033,0.450,0.000
1725522033,0.331,0.000
1725522033,0.581,0.000
1725522033,0.288,0.000
1725522033,0.221,0.000
1725522033,0.312,0.000
1725522033,0.895,0.000
1725522033,0.369,0.000
1725522033,0.334,0.000
1725522033,0.535,0.000
1725522033,0.358,0.000
1725522033,0.567,0.000
1725522033,0.355,0.000
1725522033,0.378,0.000
1725522033,0.387,0.000
1725522034,0.364,0.000
1725522034,0.344,0.000
1725522034,0.361,0.000
1725522034,0.389,0.000
1725522034,0.287,0.000
1725522034,0.291,0.000
1725522034,0.284,0.000
1725522034,0.424,0.000
1725522034,0.306,0.000
1725522034,0.422,0.000
1725522034,0.387,0.000
1725522034,0.592,0.000
1725522034,0.274,0.000
1725522034,0.428,0.000
1725522034,0.291,0.000
1725522034,0.348,0.000
1725522034,0.312,0.000
1725522034,0.392,0.000
1725522034,0.284,0.000
1725522034,0.737,0.000
1725522034,0.366,0.000
1725522034,0.313,0.000
1725522034,0.296,0.000
1725522034,0.278,0.000
1725522034,0.246,0.000
1725522034,0.299,0.000
1725522034,0.251,0.000
1725522034,0.538,0.000
1725522034,0.283,0.000
1725522034,0.322,0.000
1725522034,0.570,0.000
1725522034,0.303,0.000
1725522034,0.286,0.000
1725522034,0.305,0.000
1725522034,0.759,0.000
1725522034,0.330,0.000
1725522034,0.370,0.000
1725522034,0.346,0.000
1725522034,0.327,0.000
1725522034,0.305,0.000
1725522034,0.390,0.000
1725522034,0.463,0.000
1725522034,0.352,0.000
1725522034,0.609,0.000
1725522034,0.414,0.000
1725522034,0.359,0.000
1725522034,0.497,0.000
1725522034,0.432,0.000
1725522034,0.295,0.000
1725522034,0.323,0.000
1725522034,0.389,0.000
1725522034,0.545,0.000
1725522034,0.528,0.000
1725522034,0.325,0.000
1725522034,0.349,0.000
1725522034,0.394,0.000
1725522034,0.624,0.000
1725522034,0.558,0.000
1725522034,0.352,0.000
1725522034,0.326,0.000
1725522034,0.415,0.000
1725522034,0.382,0.000
1725522034,0.299,0.000
1725522034,0.319,0.000
1725522034,0.236,0.000
1725522034,0.324,0.000
1725522034,0.233,0.000
1725522034,0.376,0.000
1725522034,0.408,0.000
1725522034,0.285,0.000
1725522034,0.304,0.000
1725522034,0.299,0.000
1725522034,0.542,0.000
1725522034,0.463,0.000
1725522034,0.339,0.000
1725522034,0.296,0.000
1725522034,0.359,0.000
1725522034,0.348,0.000
1725522034,0.374,0.000
1725522034,0.379,0.000
1725522034,0.416,0.000
1725522034,0.373,0.000
1725522034,0.365,0.000
1725522034,0.373,0.000
1725522034,0.274,0.000
1725522034,0.323,0.000
1725522034,0.352,0.000
1725522034,0.400,0.000
1725522034,0.337,0.000
1725522034,0.316,0.000
1725522034,0.368,0.000
1725522034,0.338,0.000
1725522034,0.523,0.000
1725522034,0.424,0.000
1725522034,0.242,0.000
1725522034,0.408,0.000
1725522034,0.301,0.000
1725522034,0.545,0.000
1725522034,0.268,0.000
1725522034,0.273,0.000
1725522034,0.293,0.000
1725522034,0.386,0.000
1725522034,0.324,0.000
1725522034,0.400,0.000
1725522034,0.465,0.000
1725522034,0.262,0.000
1725522034,0.351,0.000
1725522034,0.343,0.000
1725522034,0.292,0.000
1725522034,0.355,0.000
1725522034,0.491,0.000
1725522034,0.516,0.000
1725522034,0.293,0.000
1725522034,0.331,0.000
1725522034,0.414,0.000
1725522034,0.368,0.000
1725522034,0.455,0.000
1725522034,0.512,0.000
1725522034,0.354,0.000
1725522034,0.438,0.000
1725522034,0.346,0.000
1725522034,0.613,0.000
1725522034,0.592,0.000
1725522034,0.296,0.000
1725522034,0.381,0.000
1725522034,0.306,0.000
1725522034,0.334,0.000
1725522034,0.322,0.000
1725522034,0.293,0.000
1725522034,0.444,0.000
1725522034,0.280,0.000
1725522034,0.434,0.000
1725522034,0.446,0.000
1725522034,0.384,0.000
1725522034,0.378,0.000
1725522034,0.285,0.000
1725522034,0.312,0.000
1725522034,0.497,0.000
1725522034,0.379,0.000
1725522034,0.541,0.000
1725522034,0.207,0.000
1725522034,0.374,0.000
1725522034,0.246,0.000
1725522034,0.347,0.000
1725522034,0.413,0.000
1725522034,0.316,0.000
1725522034,0.406,0.000
1725522034,0.294,0.000
1725522034,0.528,0.000
1725522034,0.290,0.000
1725522034,0.376,0.000
1725522034,0.316,0.000
1725522034,0.330,0.000
1725522034,0.247,0.000
1725522034,0.305,0.000
1725522034,0.494,0.000
1725522034,0.331,0.000
1725522034,0.346,0.000
1725522035,0.501,0.000
1725522035,0.326,0.000
1725522035,0.686,0.000
1725522035,0.308,0.000
1725522035,0.333,0.000
1725522035,0.429,0.000
1725522035,0.279,0.000
1725522035,0.368,0.000
1725522035,0.377,0.000
1725522035,0.420,0.000
1725522035,0.463,0.000
1725522035,0.353,0.000
1725522035,0.451,0.000
1725522035,0.301,0.000
1725522035,0.439,0.000
1725522035,0.313,0.000
1725522035,0.400,0.000
1725522035,0.395,0.000
1725522035,0.268,0.000
1725522035,0.453,0.000
1725522035,0.458,0.000
1725522035,0.356,0.000
1725522035,0.285,0.000
1725522035,0.318,0.000
1725522035,0.231,0.000
1725522035,0.383,0.000
1725522035,0.469,0.000
1725522035,0.408,0.000
1725522035,0.270,0.000
1725522035,0.316,0.000
1725522035,0.413,0.000
1725522035,0.315,0.000
1725522035,0.345,0.000
1725522035,0.355,0.000
1725522035,0.485,0.000
1725522035,0.315,0.000
1725522035,0.391,0.000
1725522035,0.476,0.000
1725522035,0.377,0.000
1725522035,0.458,0.000
1725522035,0.279,0.000
1725522035,0.373,0.000
1725522035,0.497,0.000
1725522035,0.312,0.000
1725522035,0.267,0.000
1725522035,0.258,0.000
1725522035,0.339,0.000
1725522035,0.377,0.000
1725522035,0.256,0.000
1725522035,0.626,0.000
1725522035,0.402,0.000
1725522035,0.309,0.000
1725522035,0.479,0.000
1725522035,0.293,0.000
1725522035,0.513,0.000
1725522035,0.308,0.000
1725522035,0.325,0.000
1725522035,0.457,0.000
1725522035,0.359,0.000
1725522035,0.265,0.000
1725522035,0.390,0.000
1725522035,0.318,0.000
1725522035,0.375,0.000
1725522035,0.687,0.000
1725522035,0.468,0.000
1725522035,0.507,0.000
1725522035,0.287,0.000
1725522035,0.335,0.000
1725522035,0.245,0.000
1725522035,0.391,0.000
1725522035,0.399,0.000
1725522035,0.302,0.000
1725522035,0.434,0.000
1725522035,0.286,0.000
1725522035,0.361,0.000
1725522035,0.423,0.000
1725522035,0.345,0.000
1725522035,0.265,0.000
1725522035,0.324,0.000
1725522035,0.338,0.000
1725522035,0.344,0.000
1725522035,0.358,0.000
1725522035,0.258,0.000
1725522035,0.335,0.000
1725522035,0.354,0.000
1725522035,0.382,0.000
1725522035,0.370,0.000
1725522035,0.301,0.000
1725522035,0.365,0.000
1725522035,0.245,0.000
1725522035,0.431,0.000
1725522035,0.553,0.000
1725522035,0.302,0.000
1725522035,0.488,0.000
1725522035,0.566,0.000
1725522035,0.408,0.000
1725522035,0.251,0.000
1725522035,0.418,0.000
1725522035,0.404,0.000
1725522035,0.411,0.000
1725522035,0.802,0.000
1725522035,0.335,0.000
1725522035,0.394,0.000
1725522035,0.262,0.000
1725522035,0.291,0.000
1725522035,0.451,0.000
1725522035,0.284,0.000
1725522035,0.348,0.000
1725522035,0.377,0.000
1725522035,0.559,0.000
1725522035,0.298,0.000
1725522035,0.426,0.000
1725522035,0.254,0.000
1725522035,0.363,0.000
1725522035,0.389,0.000
1725522035,0.430,0.000
1725522035,0.536,0.000
1725522035,0.264,0.000
1725522035,0.300,0.000
1725522035,0.368,0.000
1725522035,0.280,0.000
1725522035,0.414,0.000
1725522035,0.263,0.000
1725522035,0.242,0.000
1725522035,0.431,0.000
1725522035,0.341,0.000
1725522035,0.383,0.000
1725522035,0.357,0.000
1725522035,0.291,0.000
1725522035,0.756,0.000
1725522035,0.257,0.000
1725522035,0.329,0.000
1725522035,0.417,0.000
1725522035,0.363,0.000
1725522035,0.301,0.000
1725522035,0.287,0.000
1725522035,0.327,0.000
1725522035,0.366,0.000
1725522035,0.354,0.000
1725522035,0.272,0.000
1725522035,0.382,0.000
1725522035,0.352,0.000
1725522035,0.413,0.000
1725522035,0.498,0.000
1725522035,0.335,0.000
1725522035,0.437,0.000
1725522035,0.351,0.000
1725522035,0.692,0.000
1725522035,0.242,0.000
1725522035,0.293,0.000
1725522035,0.370,0.000
1725522035,0.328,0.000
1725522035,0.390,0.000
1725522035,0.335,0.000
1725522035,0.527,0.000
1725522035,0.307,0.000
1725522035,0.280,0.000
1725522035,0.234,0.000
1725522035,0.510,0.000
1725522035,0.307,0.000
1725522035,0.343,0.000
1725522035,0.306,0.000
1725522035,0.390,0.000
1725522036,0.394,0.000
1725522036,0.325,0.000
1725522036,0.348,0.000
1725522036,0.286,0.000
1725522036,0.343,0.000
1725522036,0.434,0.000
1725522036,0.310,0.000
1725522036,0.559,0.000
1725522036,0.491,0.000
1725522036,0.317,0.000
1725522036,0.381,0.000
1725522036,0.323,0.000
1725522036,0.576,0.000
1725522036,0.456,0.000
1725522036,0.272,0.000
1725522036,0.321,0.000
1725522036,0.281,0.000
1725522036,0.447,0.000
1725522036,0.442,0.000
1725522036,0.257,0.000
1725522036,0.303,0.000
1725522036,0.294,0.000
1725522036,0.598,0.000
1725522036,0.412,0.000
1725522036,0.375,0.000
1725522036,0.366,0.000
1725522036,0.306,0.000
1725522036,0.320,0.000
1725522036,0.406,0.000
1725522036,0.371,0.000
1725522036,0.208,0.000
1725522036,0.490,0.000
1725522036,0.326,0.000
1725522036,0.353,0.000
1725522036,0.360,0.000
1725522036,0.296,0.000
1725522036,0.263,0.000
1725522036,0.403,0.000
1725522036,0.326,0.000
1725522036,0.544,0.000
1725522036,0.377,0.000
1725522036,0.345,0.000
1725522036,0.497,0.000
1725522036,0.281,0.000
1725522036,0.400,0.000
1725522036,0.292,0.000
1725522036,0.430,0.000
1725522036,0.301,0.000
1725522036,0.513,0.000
1725522036,0.389,0.000
1725522036,0.278,0.000
1725522036,0.288,0.000
1725522036,0.258,0.000
1725522036,0.310,0.000
1725522036,0.449,0.000
1725522036,0.298,0.000
1725522036,0.457,0.000
1725522036,0.393,0.000
1725522036,0.337,0.000
1725522036,0.516,0.000
1725522036,0.334,0.000
1725522036,0.304,0.000
1725522036,0.291,0.000
1725522036,0.439,0.000
1725522036,0.284,0.000
1725522036,0.255,0.000
1725522036,0.413,0.000
1725522036,0.323,0.000
1725522036,0.389,0.000
1725522036,0.250,0.000
1725522036,0.355,0.000
1725522036,0.331,0.000
1725522036,0.382,0.000
1725522036,0.331,0.000
1725522036,0.376,0.000
1725522036,0.281,0.000
1725522036,0.270,0.000
1725522036,0.430,0.000
1725522036,0.541,0.000
1725522036,0.329,0.000
1725522036,0.286,0.000
1725522036,0.357,0.000
1725522036,0.321,0.000
1725522036,0.292,0.000
1725522036,0.478,0.000
1725522036,0.436,0.000
1725522036,0.338,0.000
1725522036,0.324,0.000
1725522036,0.342,0.000
1725522036,0.309,0.000
1725522036,0.312,0.000
1725522036,0.282,0.000
1725522036,0.515,0.000
1725522036,0.292,0.000
1725522036,0.394,0.000
1725522036,0.689,0.000
1725522036,0.239,0.000
1725522036,0.345,0.000
1725522036,0.371,0.000
1725522036,0.298,0.000
1725522036,0.298,0.000
1725522036,0.305,0.000
1725522036,0.263,0.000
1725522036,0.436,0.000
1725522036,0.350,0.000
1725522036,0.337,0.000
1725522036,0.316,0.000
1725522036,0.499,0.000
1725522036,0.545,0.000
1725522036,0.461,0.000
1725522036,0.396,0.000
1725522036,0.357,0.000
1725522036,0.386,0.000
1725522036,0.369,0.000
1725522036,0.526,0.000
1725522036,0.505,0.000
1725522036,0.352,0.000
1725522036,0.334,0.000
1725522036,0.380,0.000
1725522036,0.303,0.000
1725522036,0.304,0.000
1725522036,0.311,0.000
1725522036,0.399,0.000
1725522036,0.262,0.000
1725522036,0.373,0.000
1725522036,0.239,0.000
1725522036,0.249,0.000
1725522036,0.361,0.000
1725522036,0.446,0.000
1725522036,0.389,0.000
1725522036,0.461,0.000
1725522036,0.806,0.000
1725522036,0.394,0.000
1725522036,0.301,0.000
1725522036,0.300,0.000
1725522036,0.555,0.000
1725522036,0.578,0.000
1725522036,0.376,0.000
1725522036,0.275,0.000
1725522036,0.426,0.000
1725522036,0.286,0.000
1725522036,0.295,0.000
1725522036,0.231,0.000
1725522036,0.417,0.000
1725522036,0.378,0.000
1725522036,0.324,0.000
1725522036,0.422,0.000
1725522036,0.635,0.000
1725522036,0.404,0.000
1725522036,0.380,0.000
1725522036,0.306,0.000
1725522036,0.374,0.000
1725522036,0.368,0.000
1725522036,0.326,0.000
1725522036,0.315,0.000
1725522036,0.454,0.000
1725522036,0.284,0.000
1725522036,0.295,0.000
1725522037,0.368,0.000
1725522037,0.530,0.000
1725522037,0.672,0.000
1725522037,0.376,0.000
1725522037,0.442,0.000
1725522037,0.360,0.000
1725522037,0.439,0.000
1725522037,0.335,0.000
1725522037,0.369,0.000
1725522037,0.512,0.000
1725522037,0.395,0.000
1725522037,0.273,0.000
1725522037,0.432,0.000
1725522037,0.314,0.000
1725522037,0.696,0.000
1725522037,0.590,0.000
1725522037,0.567,0.000
1725522037,0.426,0.000
1725522037,0.280,0.000
1725522037,0.377,0.000
1725522037,0.450,0.000
1725522037,0.369,0.000
1725522037,0.335,0.000
1725522037,0.358,0.000
1725522037,0.602,0.000
1725522037,0.510,0.000
1725522037,0.476,0.000
1725522037,0.306,0.000
1725522037,0.309,0.000
1725522037,0.293,0.000
1725522037,0.324,0.000
1725522037,0.289,0.000
1725522037,0.322,0.000
1725522037,0.272,0.000
1725522037,0.394,0.000
1725522037,0.314,0.000
1725522037,0.344,0.000
1725522037,0.274,0.000
1725522037,0.334,0.000
1725522037,0.331,0.000
1725522037,0.295,0.000
1725522037,0.366,0.000
1725522037,0.440,0.000
1725522037,0.401,0.000
1725522037,0.374,0.000
1725522037,0.417,0.000
1725522037,0.278,0.000
1725522037,0.329,0.000
1725522037,0.475,0.000
1725522037,0.340,0.000
1725522037,0.709,0.000
1725522037,0.393,0.000
1725522037,0.304,0.000
1725522037,0.523,0.000
1725522037,0.344,0.000
1725522037,0.630,0.000
1725522037,0.330,0.000
1725522037,0.311,0.000
1725522037,0.353,0.000
1725522037,0.354,0.000
1725522037,0.401,0.000
1725522037,0.432,0.000
1725522037,0.312,0.000
1725522037,0.272,0.000
1725522037,0.331,0.000
1725522037,0.391,0.000
1725522037,0.288,0.000
1725522037,0.380,0.000
1725522037,0.371,0.000
1725522037,0.274,0.000
1725522037,0.592,0.000
1725522037,0.285,0.000
1725522037,0.446,0.000
1725522037,0.279,0.000
1725522037,0.349,0.000
1725522037,0.539,0.000
1725522037,0.413,0.000
1725522037,0.302,0.000
1725522037,0.280,0.000
1725522037,0.477,0.000
1725522037,0.357,0.000
1725522037,0.340,0.000
1725522037,0.609,0.000
1725522037,0.403,0.000
1725522037,0.403,0.000
1725522037,0.352,0.000
1725522037,0.347,0.000
1725522037,0.426,0.000
1725522037,0.330,0.000
1725522037,0.320,0.000
1725522037,0.371,0.000
1725522037,0.317,0.000
1725522037,0.314,0.000
1725522037,0.309,0.000
1725522037,0.280,0.000
1725522037,0.639,0.000
1725522037,0.326,0.000
1725522037,0.317,0.000
1725522037,0.385,0.000
1725522037,0.367,0.000
1725522037,0.357,0.000
1725522037,0.399,0.000
1725522037,0.266,0.000
1725522037,0.372,0.000
1725522037,0.287,0.000
1725522037,0.449,0.000
1725522037,0.392,0.000
1725522037,0.338,0.000
1725522037,0.413,0.000
1725522037,0.397,0.000
1725522037,0.263,0.000
1725522037,0.327,0.000
1725522037,0.289,0.000
1725522037,0.300,0.000
1725522037,0.513,0.000
1725522037,0.283,0.000
1725522037,0.292,0.000
1725522037,0.319,0.000
1725522037,0.295,0.000
1725522037,0.403,0.000
1725522037,0.339,0.000
1725522037,0.347,0.000
1725522037,0.431,0.000
1725522037,0.341,0.000
1725522037,0.388,0.000
1725522037,0.321,0.000
1725522037,0.497,0.000
1725522037,0.256,0.000
1725522037,0.243,0.000
1725522037,0.334,0.000
1725522037,0.431,0.000
1725522037,0.325,0.000
1725522037,0.326,0.000
1725522037,0.320,0.000
1725522037,0.296,0.000
1725522037,0.375,0.000
1725522037,0.297,0.000
1725522037,0.306,0.000
1725522037,0.301,0.000
1725522037,0.431,0.000
1725522037,0.313,0.000
1725522037,0.362,0.000
1725522037,0.363,0.000
1725522037,0.358,0.000
1725522037,0.351,0.000
1725522037,0.384,0.000
1725522037,0.255,0.000
1725522037,0.284,0.000
1725522037,0.395,0.000
1725522037,0.307,0.000
1725522037,0.276,0.000
1725522037,0.278,0.000
1725522037,0.363,0.000
1725522037,0.345,0.000
1725522037,0.343,0.000
1725522037,0.289,0.000
1725522037,0.437,0.000
1725522037,0.448,0.000
1725522037,0.301,0.000
1725522038,0.535,0.000
1725522038,0.302,0.000
1725522038,0.603,0.000
1725522038,0.390,0.000
1725522038,0.466,0.000
1725522038,0.593,0.000
1725522038,0.293,0.000
1725522038,0.271,0.000
1725522038,0.397,0.000
1725522038,0.370,0.000
1725522038,0.323,0.000
1725522038,0.257,0.000
1725522038,0.377,0.000
1725522038,0.409,0.000
1725522038,0.301,0.000
1725522038,1.041,0.000
1725522038,0.388,0.000
1725522038,0.381,0.000
1725522038,0.344,0.000
1725522038,0.318,0.000
1725522038,0.311,0.000
1725522038,0.277,0.000
1725522038,0.472,0.000
1725522038,0.447,0.000
1725522038,0.302,0.000
1725522038,0.401,0.000
1725522038,0.312,0.000
1725522038,0.498,0.000
1725522038,0.347,0.000
1725522038,0.392,0.000
1725522038,0.289,0.000
1725522038,0.315,0.000
1725522038,0.503,0.000
1725522038,0.239,0.000
1725522038,0.265,0.000
1725522038,0.415,0.000
1725522038,0.294,0.000
1725522038,0.327,0.000
1725522038,0.720,0.000
1725522038,0.485,0.000
1725522038,0.347,0.000
1725522038,0.303,0.000
1725522038,0.331,0.000
1725522038,1.073,0.000
1725522038,0.427,0.000
1725522038,0.369,0.000
1725522038,0.470,0.000
1725522038,0.351,0.000
1725522038,0.360,0.000
1725522038,0.376,0.000
1725522038,0.293,0.000
1725522038,0.353,0.000
1725522038,0.411,0.000
1725522038,0.483,0.000
1725522038,0.309,0.000
1725522038,0.288,0.000
1725522038,0.562,0.000
1725522038,0.472,0.000
1725522038,0.254,0.000
1725522038,0.313,0.000
1725522038,0.286,0.000
1725522038,0.316,0.000
1725522038,0.444,0.000
1725522038,0.252,0.000
1725522038,0.484,0.000
1725522038,0.265,0.000
1725522038,0.372,0.000
1725522038,0.335,0.000
1725522038,0.438,0.000
1725522038,0.395,0.000
1725522038,0.415,0.000
1725522038,0.336,0.000
1725522038,0.404,0.000
1725522038,0.358,0.000
1725522038,0.405,0.000
1725522038,0.296,0.000
1725522038,0.275,0.000
1725522038,0.459,0.000
1725522038,0.373,0.000
1725522038,0.395,0.000
1725522038,0.346,0.000
1725522038,0.388,0.000
1725522038,0.385,0.000
1725522038,0.478,0.000
1725522038,0.306,0.000
1725522038,0.324,0.000
1725522038,0.309,0.000
1725522038,0.395,0.000
1725522038,0.532,0.000
1725522038,0.399,0.000
1725522038,0.280,0.000
1725522038,0.545,0.000
1725522038,0.566,0.000
1725522038,0.730,0.000
1725522038,0.356,0.000
1725522038,0.380,0.000
1725522038,0.362,0.000
1725522038,0.416,0.000
1725522038,0.506,0.000
1725522038,0.416,0.000
1725522038,0.482,0.000
1725522038,0.261,0.000
1725522038,0.428,0.000
1725522038,0.327,0.000
1725522038,0.388,0.000
1725522038,0.419,0.000
1725522038,0.244,0.000
1725522038,0.974,0.000
1725522038,0.336,0.000
1725522038,0.221,0.000
1725522038,0.470,0.000
1725522038,0.726,0.000
1725522038,0.385,0.000
1725522038,0.302,0.000
1725522038,0.436,0.000
1725522038,0.337,0.000
1725522038,0.308,0.000
1725522038,0.600,0.000
1725522038,0.323,0.000
1725522038,0.309,0.000
1725522038,0.295,0.000
1725522038,0.538,0.000
1725522038,0.462,0.000
1725522038,0.308,0.000
1725522038,0.566,0.000
1725522038,0.367,0.000
1725522038,0.300,0.000
1725522038,0.289,0.000
1725522038,0.364,0.000
1725522038,0.369,0.000
1725522038,0.467,0.000
1725522038,0.307,0.000
1725522038,0.407,0.000
1725522038,0.344,0.000
1725522038,0.390,0.000
1725522038,0.315,0.000
1725522038,0.404,0.000
1725522038,0.506,0.000
1725522038,0.344,0.000
1725522038,0.440,0.000
1725522038,0.417,0.000
1725522038,0.364,0.000
1725522038,0.401,0.000
1725522038,0.332,0.000
1725522038,0.383,0.000
1725522038,0.501,0.000
1725522038,0.460,0.000
1725522038,0.550,0.000
1725522038,0.463,0.000
1725522038,0.289,0.000
1725522038,0.307,0.000
1725522038,0.381,0.000
1725522038,0.741,0.000
1725522038,0.268,0.000
1725522039,0.278,0.000
1725522039,0.409,0.000
1725522039,0.292,0.000
1725522039,0.295,0.000
1725522039,0.488,0.000
1725522039,0.306,0.000
1725522039,0.408,0.000
1725522039,0.259,0.000
1725522039,0.423,0.000
1725522039,0.854,0.000
1725522039,0.528,0.000
1725522039,0.330,0.000
1725522039,0.323,0.000
1725522039,0.334,0.000
1725522039,0.340,0.000
1725522039,0.479,0.000
1725522039,0.547,0.000
1725522039,0.458,0.000
1725522039,0.413,0.000
1725522039,0.409,0.000
1725522039,0.297,0.000
1725522039,0.360,0.000
1725522039,0.411,0.000
1725522039,0.360,0.000
1725522039,0.290,0.000
1725522039,0.433,0.000
1725522039,0.324,0.000
1725522039,0.373,0.000
1725522039,0.305,0.000
1725522039,0.551,0.000
1725522039,0.445,0.000
1725522039,0.273,0.000
1725522039,0.350,0.000
1725522039,0.373,0.000
1725522039,0.357,0.000
1725522039,0.395,0.000
1725522039,0.357,0.000
1725522039,0.470,0.000
1725522039,0.365,0.000
1725522039,0.419,0.000
1725522039,0.277,0.000
1725522039,0.475,0.000
1725522039,0.246,0.000
1725522039,0.489,0.000
1725522039,0.357,0.000
1725522039,0.296,0.000
1725522039,0.493,0.000
1725522039,0.379,0.000
1725522039,0.378,0.000
1725522039,0.263,0.000
1725522039,0.638,0.000
1725522039,0.578,0.000
1725522039,0.289,0.000
1725522039,0.729,0.000
1725522039,0.282,0.000
1725522039,0.438,0.000
1725522039,0.442,0.000
1725522039,0.418,0.000
1725522039,0.337,0.000
1725522039,0.427,0.000
1725522039,0.261,0.000
1725522039,0.402,0.000
1725522039,0.287,0.000
1725522039,0.354,0.000
1725522039,0.399,0.000
1725522039,0.317,0.000
1725522039,0.580,0.000
1725522039,0.357,0.000
1725522039,0.340,0.000
1725522039,0.294,0.000
1725522039,0.500,0.000
1725522039,0.549,0.000
1725522039,0.322,0.000
1725522039,0.349,0.000
1725522039,0.317,0.000
1725522039,0.304,0.000
1725522039,0.304,0.000
1725522039,0.442,0.000
1725522039,0.329,0.000
1725522039,0.878,0.000
1725522039,0.503,0.000
1725522039,0.352,0.000
1725522039,0.317,0.000
1725522039,0.468,0.000
1725522039,0.472,0.000
1725522039,0.521,0.000
1725522039,0.297,0.000
1725522039,0.433,0.000
1725522039,0.336,0.000
1725522039,0.301,0.000
1725522039,0.344,0.000
1725522039,0.441,0.000
1725522039,0.411,0.000
1725522039,0.467,0.000
1725522039,0.314,0.000
1725522039,0.372,0.000
1725522039,0.404,0.000
1725522039,0.351,0.000
1725522039,0.509,0.000
1725522039,0.351,0.000
1725522039,0.265,0.000
1725522039,0.409,0.000
1725522039,0.331,0.000
1725522039,0.361,0.000
1725522039,0.357,0.000
1725522039,0.569,0.000
1725522039,0.344,0.000
1725522039,0.434,0.000
1725522039,0.498,0.000
1725522039,0.588,0.000
1725522039,0.381,0.000
1725522039,0.411,0.000
1725522039,0.422,0.000
1725522039,0.368,0.000
1725522039,0.393,0.000
1725522039,0.424,0.000
1725522039,0.630,0.000
1725522039,0.235,0.000
1725522039,0.319,0.000
1725522039,0.279,0.000
1725522039,0.325,0.000
1725522039,0.300,0.000
1725522039,0.637,0.000
1725522039,0.412,0.000
1725522039,0.468,0.000
1725522039,0.484,0.000
1725522039,0.304,0.000
1725522039,0.267,0.000
1725522039,0.263,0.000
1725522039,0.306,0.000
1725522039,0.406,0.000
1725522039,0.511,0.000
1725522039,0.411,0.000
1725522039,0.283,0.000
1725522039,0.410,0.000
1725522039,0.294,0.000
1725522039,0.332,0.000
1725522039,0.381,0.000
1725522039,0.309,0.000
1725522039,0.321,0.000
1725522039,0.352,0.000
1725522039,0.282,0.000
1725522039,0.455,0.000
1725522039,0.348,0.000
1725522039,0.524,0.000
1725522039,0.341,0.000
1725522039,0.350,0.000
1725522039,0.634,0.000
1725522039,0.404,0.000
1725522039,0.343,0.000
1725522039,0.355,0.000
1725522039,0.269,0.000
1725522039,0.431,0.000
1725522039,0.330,0.000
1725522039,0.414,0.000
1725522039,0.363,0.000
1725522039,0.426,0.000
1725522039,0.509,0.000
1725522039,0.505,0.000
1725522040,0.404,0.000
1725522040,0.412,0.000
1725522040,0.376,0.000
1725522040,0.481,0.000
1725522040,0.340,0.000
1725522040,0.360,0.000
1725522040,0.338,0.000
1725522040,0.348,0.000
1725522040,0.326,0.000
1725522040,0.444,0.000
1725522040,0.322,0.000
1725522040,0.402,0.000
1725522040,0.543,0.000
1725522040,0.328,0.000
1725522040,0.386,0.000
1725522040,0.442,0.000
1725522040,0.307,0.000
1725522040,0.347,0.000
1725522040,0.479,0.000
1725522040,0.300,0.000
1725522040,0.418,0.000
1725522040,0.298,0.000
1725522040,0.314,0.000
1725522040,0.283,0.000
1725522040,0.329,0.000
1725522040,0.327,0.000
1725522040,0.281,0.000
1725522040,0.320,0.000
1725522040,0.346,0.000
1725522040,0.472,0.000
1725522040,0.349,0.000
1725522040,0.493,0.000
1725522040,0.429,0.000
1725522040,0.407,0.000
1725522040,0.511,0.000
1725522040,0.398,0.000
1725522040,0.376,0.000
1725522040,0.327,0.000
1725522040,0.312,0.000
1725522040,0.329,0.000
1725522040,0.355,0.000
1725522040,0.399,0.000
1725522040,0.325,0.000
1725522040,0.361,0.000
1725522040,0.353,0.000
1725522040,0.310,0.000
1725522040,0.299,0.000
1725522040,0.432,0.000
1725522040,0.312,0.000
1725522040,0.422,0.000
1725522040,0.471,0.000
1725522040,0.403,0.000
1725522040,0.400,0.000
1725522040,0.497,0.000
1725522040,0.215,0.000
1725522040,0.249,0.000
1725522040,0.401,0.000
1725522040,0.306,0.000
1725522040,0.517,0.000
1725522040,0.262,0.000
1725522040,0.455,0.000
1725522040,0.434,0.000
1725522040,0.616,0.000
1725522040,0.496,0.000
1725522040,0.422,0.000
1725522040,0.292,0.000
1725522040,0.332,0.000
1725522040,0.399,0.000
1725522040,0.420,0.000
1725522040,0.276,0.000
1725522040,0.436,0.000
1725522040,0.393,0.000
1725522040,0.346,0.000
1725522040,0.535,0.000
1725522040,0.583,0.000
1725522040,0.271,0.000
1725522040,0.409,0.000
1725522040,0.323,0.000
1725522040,0.414,0.000
1725522040,0.420,0.000
1725522040,0.306,0.000
1725522040,0.313,0.000
1725522040,0.394,0.000
1725522040,0.308,0.000
1725522040,0.561,0.000
1725522040,0.369,0.000
1725522040,0.417,0.000
1725522040,0.340,0.000
1725522040,0.376,0.000
1725522040,0.609,0.000
1725522040,0.502,0.000
1725522040,0.298,0.000
1725522040,0.338,0.000
1725522040,0.508,0.000
1725522040,0.337,0.000
1725522040,0.394,0.000
1725522040,0.304,0.000
1725522040,0.398,0.000
1725522040,0.567,0.000
1725522040,0.370,0.000
1725522040,0.445,0.000
1725522040,0.275,0.000
1725522040,0.283,0.000
1725522040,0.270,0.000
1725522040,0.339,0.000
1725522040,0.425,0.000
1725522040,0.282,0.000
1725522040,0.543,0.000
1725522040,0.324,0.000
1725522040,0.327,0.000
1725522040,0.436,0.000
1725522040,0.518,0.000
1725522040,0.294,0.000
1725522040,0.369,0.000
1725522040,0.468,0.000
1725522040,0.401,0.000
1725522040,0.285,0.000
1725522040,0.311,0.000
1725522040,0.479,0.000
1725522040,0.451,0.000
1725522040,0.358,0.000
1725522040,0.356,0.000
1725522040,0.272,0.000
1725522040,0.318,0.000
1725522040,0.239,0.000
1725522040,0.314,0.000
1725522040,0.890,0.000
1725522040,0.332,0.000
1725522040,0.447,0.000
1725522040,0.286,0.000
1725522040,0.339,0.000
1725522040,0.288,0.000
1725522040,0.480,0.000
1725522040,0.446,0.000
1725522040,0.340,0.000
1725522040,0.334,0.000
1725522040,0.301,0.000
1725522040,0.355,0.000
1725522040,0.421,0.000
1725522040,0.335,0.000
1725522040,0.264,0.000
1725522040,0.429,0.000
1725522040,0.279,0.000
1725522040,0.354,0.000
1725522040,0.320,0.000
1725522040,0.396,0.000
1725522040,0.313,0.000
1725522040,0.369,0.000
1725522040,0.446,0.000
1725522040,0.414,0.000
1725522040,0.317,0.000
1725522040,0.386,0.000
1725522041,0.363,0.000
1725522041,0.363,0.000
1725522041,0.331,0.000
1725522041,0.328,0.000
1725522041,0.280,0.000
1725522041,0.384,0.000
1725522041,0.524,0.000
1725522041,0.354,0.000
1725522041,0.364,0.000
1725522041,0.316,0.000
1725522041,0.397,0.000
1725522041,0.330,0.000
1725522041,0.321,0.000
1725522041,0.430,0.000
1725522041,0.287,0.000
1725522041,0.312,0.000
1725522041,0.363,0.000
1725522041,0.245,0.000
1725522041,0.297,0.000
1725522041,0.652,0.000
1725522041,0.320,0.000
1725522041,0.465,0.000
1725522041,0.357,0.000
1725522041,0.569,0.000
1725522041,0.612,0.000
1725522041,0.488,0.000
1725522041,0.282,0.000
1725522041,0.338,0.000
1725522041,0.560,0.000
1725522041,0.317,0.000
1725522041,0.255,0.000
1725522041,0.594,0.000
1725522041,0.384,0.000
1725522041,0.364,0.000
1725522041,0.381,0.000
1725522041,0.362,0.000
1725522041,0.353,0.000
1725522041,0.472,0.000
1725522041,0.403,0.000
1725522041,0.358,0.000
1725522041,0.300,0.000
1725522041,0.295,0.000
1725522041,0.332,0.000
1725522041,0.339,0.000
1725522041,0.241,0.000
1725522041,0.424,0.000
1725522041,0.363,0.000
1725522041,0.357,0.000
1725522041,0.514,0.000
1725522041,0.388,0.000
1725522041,0.637,0.000
1725522041,0.260,0.000
1725522041,0.305,0.000
1725522041,0.309,0.000
1725522041,0.278,0.000
1725522041,0.392,0.000
1725522041,0.317,0.000
1725522041,0.382,0.000
1725522041,0.268,0.000
1725522041,0.280,0.000
1725522041,0.340,0.000
1725522041,0.281,0.000
1725522041,0.328,0.000
1725522041,0.381,0.000
1725522041,0.305,0.000
1725522041,0.418,0.000
1725522041,0.326,0.000
1725522041,0.328,0.000
1725522041,0.351,0.000
1725522041,0.541,0.000
1725522041,0.369,0.000
1725522041,0.473,0.000
1725522041,0.332,0.000
1725522041,0.448,0.000
1725522041,0.368,0.000
1725522041,0.462,0.000
1725522041,0.284,0.000
1725522041,0.349,0.000
1725522041,0.292,0.000
1725522041,0.349,0.000
1725522041,0.304,0.000
1725522041,0.317,0.000
1725522041,0.616,0.000
1725522041,0.425,0.000
1725522041,0.314,0.000
1725522041,0.342,0.000
1725522041,0.348,0.000
1725522041,0.397,0.000
1725522041,0.479,0.000
1725522041,0.342,0.000
1725522041,0.298,0.000
1725522041,0.258,0.000
1725522041,0.446,0.000
1725522041,0.350,0.000
1725522041,0.334,0.000
1725522041,0.371,0.000
1725522041,0.338,0.000
1725522041,0.570,0.000
1725522041,0.370,0.000
1725522041,0.280,0.000
1725522041,0.277,0.000
1725522041,0.350,0.000
1725522041,0.342,0.000
1725522041,0.270,0.000
1725522041,0.301,0.000
1725522041,0.686,0.000
1725522041,0.295,0.000
1725522041,0.294,0.000
1725522041,0.376,0.000
1725522041,0.362,0.000
1725522041,0.506,0.000
1725522041,0.329,0.000
1725522041,0.359,0.000
1725522041,0.323,0.000
1725522041,0.302,0.000
1725522041,0.364,0.000
1725522041,0.310,0.000
1725522041,0.304,0.000
1725522041,0.391,0.000
1725522041,0.381,0.000
1725522041,0.368,0.000
1725522041,0.411,0.000
1725522041,0.315,0.000
1725522041,0.273,0.000
1725522041,0.382,0.000
1725522041,0.383,0.000
1725522041,0.379,0.000
1725522041,0.311,0.000
1725522041,0.307,0.000
1725522041,0.346,0.000
1725522041,0.401,0.000
1725522041,0.406,0.000
1725522041,0.310,0.000
1725522041,0.651,0.000
1725522041,0.331,0.000
1725522041,0.338,0.000
1725522041,0.294,0.000
1725522041,0.368,0.000
1725522041,0.301,0.000
1725522041,0.347,0.000
1725522041,0.332,0.000
1725522041,0.277,0.000
1725522041,0.290,0.000
1725522041,0.288,0.000
1725522041,0.403,0.000
1725522041,0.408,0.000
1725522041,0.412,0.000
1725522041,0.254,0.000
1725522041,0.289,0.000
1725522041,0.509,0.000
1725522041,0.269,0.000
1725522041,0.385,0.000
1725522041,0.328,0.000
1725522041,0.360,0.000
1725522041,0.401,0.000
1725522041,0.329,0.000
1725522041,0.295,0.000
1725522041,0.243,0.000
1725522041,0.315,0.000
1725522041,0.379,0.000
1725522041,0.282,0.000
1725522041,0.432,0.000
1725522041,0.427,0.000
1725522041,0.268,0.000
1725522041,0.303,0.000
1725522041,0.357,0.000
1725522041,0.429,0.000
1725522042,0.346,0.000
1725522042,0.293,0.000
1725522042,0.449,0.000
1725522042,0.349,0.000
1725522042,0.339,0.000
1725522042,0.367,0.000
1725522042,0.296,0.000
1725522042,0.371,0.000
1725522042,0.306,0.000
1725522042,0.382,0.000
1725522042,0.383,0.000
1725522042,0.332,0.000
1725522042,0.313,0.000
1725522042,0.431,0.000
1725522042,0.360,0.000
1725522042,0.372,0.000
1725522042,0.242,0.000
1725522042,0.265,0.000
1725522042,0.328,0.000
1725522042,0.365,0.000
1725522042,0.360,0.000
1725522042,0.318,0.000
1725522042,0.342,0.000
1725522042,0.307,0.000
1725522042,0.390,0.000
1725522042,0.397,0.000
1725522042,0.353,0.000
1725522042,0.333,0.000
1725522042,0.289,0.000
1725522042,0.490,0.000
1725522042,0.310,0.000
1725522042,0.357,0.000
1725522042,0.294,0.000
1725522042,0.257,0.000
1725522042,0.252,0.000
1725522042,0.458,0.000
1725522042,0.308,0.000
1725522042,0.360,0.000
1725522042,0.316,0.000
1725522042,0.604,0.000
1725522042,0.334,0.000
1725522042,0.557,0.000
1725522042,0.341,0.000
1725522042,0.520,0.000
1725522042,0.450,0.000
1725522042,0.387,0.000
1725522042,0.614,0.000
1725522042,0.389,0.000
1725522042,0.372,0.000
1725522042,0.377,0.000
1725522042,0.290,0.000
1725522042,0.505,0.000
1725522042,0.339,0.000
1725522042,0.398,0.000
1725522042,0.294,0.000
1725522042,0.502,0.000
1725522042,0.444,0.000
1725522042,0.255,0.000
1725522042,0.379,0.000
1725522042,0.270,0.000
1725522042,0.387,0.000
1725522042,0.276,0.000
1725522042,0.457,0.000
1725522042,0.357,0.000
1725522042,0.311,0.000
1725522042,0.377,0.000
1725522042,0.324,0.000
1725522042,0.336,0.000
1725522042,0.356,0.000
1725522042,0.322,0.000
1725522042,0.304,0.000
1725522042,0.265,0.000
1725522042,0.976,0.000
1725522042,0.299,0.000
1725522042,0.378,0.000
1725522042,0.363,0.000
1725522042,0.689,0.000
1725522042,0.360,0.000
1725522042,0.314,0.000
1725522042,0.367,0.000
1725522042,0.264,0.000
1725522042,0.294,0.000
1725522042,0.294,0.000
1725522042,0.350,0.000
1725522042,0.497,0.000
1725522042,0.353,0.000
1725522042,0.297,0.000
1725522042,0.404,0.000
1725522042,0.498,0.000
1725522042,0.462,0.000
1725522042,0.323,0.000
1725522042,0.348,0.000
1725522042,0.427,0.000
1725522042,0.898,0.000
1725522042,0.380,0.000
1725522042,0.377,0.000
1725522042,0.566,0.000
1725522042,0.552,0.000
1725522042,0.317,0.000
1725522042,0.363,0.000
1725522042,0.253,0.000
1725522042,0.330,0.000
1725522042,0.266,0.000
1725522042,0.335,0.000
1725522042,0.335,0.000
1725522042,0.546,0.000
1725522042,0.252,0.000
1725522042,0.475,0.000
1725522042,0.329,0.000
1725522042,0.455,0.000
1725522042,0.307,0.000
1725522042,0.378,0.000
1725522042,0.393,0.000
1725522042,0.263,0.000
1725522042,0.298,0.000
1725522042,0.413,0.000
1725522042,0.317,0.000
1725522042,0.281,0.000
1725522042,0.500,0.000
1725522042,0.296,0.000
1725522042,0.398,0.000
1725522042,0.273,0.000
1725522042,0.349,0.000
1725522042,0.410,0.000
1725522042,0.275,0.000
1725522042,0.493,0.000
1725522042,0.276,0.000
1725522042,0.480,0.000
1725522042,0.448,0.000
1725522042,0.440,0.000
1725522042,0.434,0.000
1725522042,0.377,0.000
1725522042,0.515,0.000
1725522042,0.361,0.000
1725522042,0.331,0.000
1725522042,0.390,0.000
1725522042,0.315,0.000
1725522042,0.420,0.000
1725522042,0.327,0.000
1725522042,0.308,0.000
1725522042,0.331,0.000
1725522042,0.408,0.000
1725522042,0.392,0.000
1725522042,0.278,0.000
1725522042,0.360,0.000
1725522042,0.466,0.000
1725522042,0.331,0.000
1725522042,0.312,0.000
1725522042,0.247,0.000
1725522042,0.330,0.000
1725522042,0.311,0.000
1725522042,0.417,0.000
1725522042,0.325,0.000
1725522042,0.295,0.000
1725522042,0.435,0.000
1725522042,0.400,0.000
1725522042,0.422,0.000
1725522043,0.335,0.000
1725522043,0.280,0.000
1725522043,0.448,0.000
1725522043,0.443,0.000
1725522043,0.383,0.000
1725522043,0.366,0.000
1725522043,0.398,0.000
1725522043,0.374,0.000
1725522043,0.293,0.000
1725522043,0.659,0.000
1725522043,0.438,0.000
1725522043,0.377,0.000
1725522043,0.424,0.000
1725522043,0.330,0.000
1725522043,0.465,0.000
1725522043,0.466,0.000
1725522043,0.352,0.000
1725522043,0.325,0.000
1725522043,0.258,0.000
1725522043,0.318,0.000
1725522043,0.425,0.000
1725522043,0.374,0.000
1725522043,0.348,0.000
1725522043,0.345,0.000
1725522043,0.352,0.000
1725522043,0.395,0.000
1725522043,0.371,0.000
1725522043,0.359,0.000
1725522043,0.368,0.000
1725522043,0.617,0.000
1725522043,0.364,0.000
1725522043,0.422,0.000
1725522043,0.347,0.000
1725522043,0.365,0.000
1725522043,0.286,0.000
1725522043,0.320,0.000
1725522043,0.507,0.000
1725522043,0.343,0.000
1725522043,0.304,0.000
1725522043,0.266,0.000
1725522043,0.381,0.000
1725522043,0.234,0.000
1725522043,0.407,0.000
1725522043,0.432,0.000
1725522043,0.337,0.000
1725522043,0.300,0.000
1725522043,0.457,0.000
1725522043,0.290,0.000
1725522043,0.346,0.000
1725522043,0.543,0.000
1725522043,0.875,0.000
1725522043,0.387,0.000
1725522043,0.356,0.000
1725522043,0.351,0.000
1725522043,0.352,0.000
1725522043,0.380,0.000
1725522043,0.432,0.000
1725522043,0.363,0.000
1725522043,0.352,0.000
1725522043,0.259,0.000
1725522043,0.266,0.000
1725522043,0.333,0.000
1725522043,0.381,0.000
1725522043,0.338,0.000
1725522043,0.284,0.000
1725522043,0.322,0.000
1725522043,0.334,0.000
1725522043,0.665,0.000
1725522043,0.328,0.000
1725522043,0.383,0.000
1725522043,0.453,0.000
1725522043,0.359,0.000
1725522043,0.397,0.000
1725522043,0.465,0.000
1725522043,0.361,0.000
1725522043,0.376,0.000
1725522043,0.267,0.000
1725522043,0.387,0.000
1725522043,0.321,0.000
1725522043,0.303,0.000
1725522043,0.468,0.000
1725522043,0.312,0.000
1725522043,0.507,0.000
1725522043,0.367,0.000
1725522043,0.445,0.000
1725522043,0.296,0.000
1725522043,0.439,0.000
1725522043,0.362,0.000
1725522043,0.395,0.000
1725522043,0.373,0.000
1725522043,0.411,0.000
1725522043,0.411,0.000
1725522043,0.323,0.000
1725522043,0.299,0.000
1725522043,0.447,0.000
1725522043,0.352,0.000
1725522043,0.364,0.000
1725522043,0.369,0.000
1725522043,0.279,0.000
1725522043,0.275,0.000
1725522043,0.576,0.000
1725522043,0.319,0.000
1725522043,0.508,0.000
1725522043,0.290,0.000
1725522043,0.304,0.000
1725522043,0.346,0.000
1725522043,0.316,0.000
1725522043,0.328,0.000
1725522043,0.395,0.000
1725522043,0.295,0.000
1725522043,0.333,0.000
1725522043,0.410,0.000
1725522043,0.332,0.000
1725522043,0.361,0.000
1725522043,0.302,0.000
1725522043,0.337,0.000
1725522043,0.393,0.000
1725522043,0.352,0.000
1725522043,0.581,0.000
1725522043,0.431,0.000
1725522043,0.442,0.000
1725522043,0.302,0.000
1725522043,0.576,0.000
1725522043,0.326,0.000
1725522043,0.371,0.000
1725522043,0.304,0.000
1725522043,0.316,0.000
1725522043,0.325,0.000
1725522043,0.482,0.000
1725522043,0.308,0.000
1725522043,0.321,0.000
1725522043,0.567,0.000
1725522043,0.515,0.000
1725522043,0.356,0.000
1725522043,0.658,0.000
1725522043,0.369,0.000
1725522043,0.376,0.000
1725522043,0.352,0.000
1725522043,0.432,0.000
1725522043,0.389,0.000
1725522043,0.494,0.000
1725522043,0.468,0.000
1725522043,0.412,0.000
1725522043,0.509,0.000
1725522043,0.384,0.000
1725522043,0.314,0.000
1725522043,0.277,0.000
1725522043,0.346,0.000
1725522043,0.402,0.000
1725522043,0.384,0.000
1725522043,0.405,0.000
1725522043,0.488,0.000
1725522043,0.461,0.000
1725522043,0.292,0.000
1725522043,0.301,0.000
1725522043,0.328,0.000
1725522043,0.296,0.000
1725522043,0.356,0.000
1725522044,0.513,0.000
1725522044,0.363,0.000
1725522044,0.411,0.000
1725522044,0.521,0.000
1725522044,0.406,0.000
1725522044,0.323,0.000
1725522044,0.373,0.000
1725522044,0.281,0.000
1725522044,0.432,0.000
1725522044,0.369,0.000
1725522044,0.520,0.000
1725522044,1.230,0.000
1725522044,0.499,0.000
1725522044,0.274,0.000
1725522044,0.265,0.000
1725522044,0.419,0.000
1725522044,0.301,0.000
1725522044,0.258,0.000
1725522044,0.375,0.000
1725522044,0.319,0.000
1725522044,0.320,0.000
1725522044,0.357,0.000
1725522044,0.294,0.000
1725522044,0.445,0.000
1725522044,0.241,0.000
1725522044,0.360,0.000
1725522044,0.487,0.000
1725522044,0.491,0.000
1725522044,0.361,0.000
1725522044,0.266,0.000
1725522044,0.348,0.000
1725522044,0.330,0.000
1725522044,0.437,0.000
1725522044,0.366,0.000
1725522044,0.354,0.000
1725522044,0.294,0.000
1725522044,0.282,0.000
1725522044,0.274,0.000
1725522044,0.365,0.000
1725522044,0.512,0.000
1725522044,0.373,0.000
1725522044,0.505,0.000
1725522044,0.363,0.000
1725522044,0.253,0.000
1725522044,0.304,0.000
1725522044,0.411,0.000
1725522044,0.401,0.000
1725522044,0.314,0.000
1725522044,0.413,0.000
1725522044,0.640,0.000
1725522044,0.372,0.000
1725522044,0.285,0.000
1725522044,0.368,0.000
1725522044,0.308,0.000
1725522044,0.428,0.000
1725522044,0.358,0.000
1725522044,0.442,0.000
1725522044,0.284,0.000
1725522044,0.417,0.000
1725522044,0.337,0.000
1725522044,0.559,0.000
1725522044,0.329,0.000
1725522044,0.387,0.000
1725522044,0.265,0.000
1725522044,0.409,0.000
1725522044,0.325,0.000
1725522044,0.421,0.000
1725522044,0.343,0.000
1725522044,0.325,0.000
1725522044,0.221,0.000
1725522044,0.436,0.000
1725522044,0.336,0.000
1725522044,0.413,0.000
1725522044,0.262,0.000
1725522044,0.344,0.000
1725522044,0.287,0.000
1725522044,0.291,0.000
1725522044,0.492,0.000
1725522044,0.219,0.000
1725522044,0.467,0.000
1725522044,0.380,0.000
1725522044,0.380,0.000
1725522044,0.305,0.000
1725522044,0.410,0.000
1725522044,0.626,0.000
1725522044,0.496,0.000
1725522044,0.277,0.000
1725522044,0.333,0.000
1725522044,0.376,0.000
1725522044,0.311,0.000
1725522044,0.283,0.000
1725522044,0.378,0.000
1725522044,0.406,0.000
1725522044,0.366,0.000
1725522044,0.284,0.000
1725522044,0.967,0.000
1725522044,0.575,0.000
1725522044,0.414,0.000
1725522044,0.326,0.000
1725522044,0.362,0.000
1725522044,0.346,0.000
1725522044,0.331,0.000
1725522044,0.353,0.000
1725522044,0.339,0.000
1725522044,0.367,0.000
1725522044,0.308,0.000
1725522044,0.243,0.000
1725522044,0.395,0.000
1725522044,0.349,0.000
1725522044,0.431,0.000
1725522044,0.233,0.000
1725522044,0.345,0.000
1725522044,0.376,0.000
1725522044,0.311,0.000
1725522044,0.412,0.000
1725522044,0.268,0.000
1725522044,0.522,0.000
1725522044,0.294,0.000
1725522044,0.316,0.000
1725522044,0.282,0.000
1725522044,0.406,0.000
1725522044,0.793,0.000
1725522044,0.350,0.000
1725522044,0.407,0.000
1725522044,0.344,0.000
1725522044,0.360,0.000
1725522044,0.423,0.000
1725522044,0.379,0.000
1725522044,0.327,0.000
1725522044,0.442,0.000
1725522044,0.272,0.000
1725522044,0.316,0.000
1725522044,0.558,0.000
1725522044,0.398,0.000
1725522044,0.261,0.000
1725522044,0.432,0.000
1725522044,0.602,0.000
1725522044,0.595,0.000
1725522044,0.396,0.000
1725522044,0.304,0.000
1725522044,0.304,0.000
1725522044,0.284,0.000
1725522044,0.327,0.000
1725522044,0.462,0.000
1725522044,0.315,0.000
1725522044,0.561,0.000
1725522044,0.380,0.000
1725522044,0.424,0.000
1725522044,0.246,0.000
1725522044,0.387,0.000
1725522044,0.800,0.000
1725522044,0.689,0.000
1725522044,0.585,0.000
1725522044,0.259,0.000
1725522044,0.280,0.000
1725522044,0.311,0.000
1725522045,0.321,0.000
1725522045,0.346,0.000
1725522045,0.465,0.000
1725522045,0.308,0.000
1725522045,0.369,0.000
1725522045,0.285,0.000
1725522045,0.281,0.000
1725522045,0.359,0.000
1725522045,0.348,0.000
1725522045,0.429,0.000
1725522045,0.378,0.000
1725522045,0.359,0.000
1725522045,0.393,0.000
1725522045,0.547,0.000
1725522045,0.524,0.000
1725522045,0.349,0.000
1725522045,0.301,0.000
1725522045,0.462,0.000
1725522045,0.420,0.000
1725522045,0.262,0.000
1725522045,0.345,0.000
1725522045,0.448,0.000
1725522045,0.538,0.000
1725522045,0.513,0.000
1725522045,0.335,0.000
1725522045,0.323,0.000
1725522045,0.357,0.000
1725522045,0.303,0.000
1725522045,0.376,0.000
1725522045,0.328,0.000
1725522045,0.344,0.000
1725522045,0.498,0.000
1725522045,0.377,0.000
1725522045,0.376,0.000
1725522045,0.432,0.000
1725522045,0.437,0.000
1725522045,0.279,0.000
1725522045,0.377,0.000
1725522045,0.374,0.000
1725522045,0.253,0.000
1725522045,0.372,0.000
1725522045,0.427,0.000
1725522045,0.376,0.000
1725522045,0.388,0.000
1725522045,0.409,0.000
1725522045,0.380,0.000
1725522045,0.273,0.000
1725522045,0.375,0.000
1725522045,0.401,0.000
1725522045,0.308,0.000
1725522045,0.382,0.000
1725522045,0.312,0.000
1725522045,0.341,0.000
1725522045,0.392,0.000
1725522045,0.525,0.000
1725522045,0.367,0.000
1725522045,0.281,0.000
1725522045,0.276,0.000
1725522045,0.331,0.000
1725522045,0.487,0.000
1725522045,0.350,0.000
1725522045,0.362,0.000
1725522045,0.303,0.000
1725522045,0.289,0.000
1725522045,0.436,0.000
1725522045,0.305,0.000
1725522045,0.490,0.000
1725522045,0.366,0.000
1725522045,0.362,0.000
1725522045,0.479,0.000
1725522045,0.351,0.000
1725522045,0.354,0.000
1725522045,0.313,0.000
1725522045,0.279,0.000
1725522045,0.451,0.000
1725522045,0.294,0.000
1725522045,0.344,0.000
1725522045,0.283,0.000
1725522045,0.443,0.000
1725522045,0.274,0.000
1725522045,0.398,0.000
1725522045,0.279,0.000
1725522045,0.288,0.000
1725522045,0.661,0.000
1725522045,0.374,0.000
1725522045,0.301,0.000
1725522045,0.425,0.000
1725522045,0.401,0.000
1725522045,0.365,0.000
1725522045,0.325,0.000
1725522045,0.353,0.000
1725522045,0.429,0.000
1725522045,0.327,0.000
1725522045,0.354,0.000
1725522045,0.440,0.000
1725522045,0.298,0.000
1725522045,0.318,0.000
1725522045,0.337,0.000
1725522045,0.402,0.000
1725522045,0.310,0.000
1725522045,0.325,0.000
1725522045,0.387,0.000
1725522045,0.321,0.000
1725522045,0.324,0.000
1725522045,0.372,0.000
1725522045,0.427,0.000
1725522045,0.400,0.000
1725522045,0.382,0.000
1725522045,0.279,0.000
1725522045,0.402,0.000
1725522045,0.452,0.000
1725522045,0.474,0.000
1725522045,0.302,0.000
1725522045,0.376,0.000
1725522045,0.609,0.000
1725522045,0.421,0.000
1725522045,0.400,0.000
1725522045,0.595,0.000
1725522045,0.295,0.000
1725522045,0.441,0.000
1725522045,0.309,0.000
1725522045,0.268,0.000
1725522045,0.312,0.000
1725522045,0.539,0.000
1725522045,0.312,0.000
1725522045,0.323,0.000
1725522045,0.261,0.000
1725522045,0.298,0.000
1725522045,0.298,0.000
1725522045,0.351,0.000
1725522045,0.459,0.000
1725522045,0.366,0.000
1725522045,0.329,0.000
1725522045,0.338,0.000
1725522045,0.422,0.000
1725522045,0.308,0.000
1725522045,0.449,0.000
1725522045,0.356,0.000
1725522045,0.373,0.000
1725522045,0.355,0.000
1725522045,0.330,0.000
1725522045,0.409,0.000
1725522045,0.590,0.000
1725522045,0.510,0.000
1725522045,0.458,0.000
1725522045,0.295,0.000
1725522045,0.341,0.000
1725522045,0.270,0.000
1725522045,0.375,0.000
1725522045,0.296,0.000
1725522045,0.272,0.000
1725522045,0.457,0.000
1725522045,0.388,0.000
1725522045,0.315,0.000
1725522045,0.385,0.000
1725522045,0.278,0.000
1725522045,0.332,0.000
1725522045,0.337,0.000
1725522045,0.235,0.000
1725522045,0.319,0.000
1725522045,0.530,0.000
1725522045,0.406,0.000
1725522045,0.300,0.000
1725522046,0.389,0.000
1725522046,0.357,0.000
1725522046,0.319,0.000
1725522046,0.353,0.000
1725522046,0.385,0.000
1725522046,0.256,0.000
1725522046,0.346,0.000
1725522046,0.499,0.000
1725522046,0.327,0.000
1725522046,0.270,0.000
1725522046,0.281,0.000
1725522046,0.259,0.000
1725522046,0.389,0.000
1725522046,0.382,0.000
1725522046,0.293,0.000
1725522046,0.338,0.000
1725522046,0.312,0.000
1725522046,0.370,0.000
1725522046,0.301,0.000
1725522046,0.967,0.000
1725522046,0.397,0.000
1725522046,0.426,0.000
1725522046,0.296,0.000
1725522046,0.323,0.000
1725522046,0.455,0.000
1725522046,0.359,0.000
1725522046,0.444,0.000
1725522046,0.444,0.000
1725522046,0.434,0.000
1725522046,0.261,0.000
1725522046,0.290,0.000
1725522046,0.494,0.000
1725522046,0.281,0.000
1725522046,0.335,0.000
1725522046,0.305,0.000
1725522046,0.283,0.000
1725522046,0.370,0.000
1725522046,0.311,0.000
1725522046,0.268,0.000
1725522046,0.361,0.000
1725522046,0.504,0.000
1725522046,0.338,0.000
1725522046,0.344,0.000
1725522046,0.335,0.000
1725522046,0.568,0.000
1725522046,0.288,0.000
1725522046,0.380,0.000
1725522046,0.352,0.000
1725522046,0.348,0.000
1725522046,0.411,0.000
1725522046,0.301,0.000
1725522046,0.310,0.000
1725522046,0.559,0.000
1725522046,0.288,0.000
1725522046,0.325,0.000
1725522046,0.401,0.000
1725522046,0.364,0.000
1725522046,0.320,0.000
1725522046,0.494,0.000
1725522046,0.333,0.000
1725522046,0.379,0.000
1725522046,0.389,0.000
1725522046,0.323,0.000
1725522046,0.303,0.000
1725522046,0.440,0.000
1725522046,0.289,0.000
1725522046,0.463,0.000
1725522046,0.359,0.000
1725522046,0.366,0.000
1725522046,0.293,0.000
1725522046,0.305,0.000
1725522046,0.255,0.000
1725522046,0.469,0.000
1725522046,0.498,0.000
1725522046,0.354,0.000
1725522046,0.549,0.000
1725522046,0.396,0.000
1725522046,0.364,0.000
1725522046,0.467,0.000
1725522046,0.261,0.000
1725522046,0.436,0.000
1725522046,0.244,0.000
1725522046,0.364,0.000
1725522046,0.648,0.000
1725522046,0.421,0.000
1725522046,0.449,0.000
1725522046,0.714,0.000
1725522046,0.394,0.000
1725522046,0.303,0.000
1725522046,0.313,0.000
1725522046,0.293,0.000
1725522046,0.360,0.000
1725522046,0.357,0.000
1725522046,0.433,0.000
1725522046,0.319,0.000
1725522046,0.391,0.000
1725522046,0.289,0.000
1725522046,0.483,0.000
1725522046,0.288,0.000
1725522046,0.410,0.000
1725522046,0.363,0.000
1725522046,0.298,0.000
1725522046,0.476,0.000
1725522046,0.357,0.000
1725522046,0.308,0.000
1725522046,0.703,0.000
1725522046,0.265,0.000
1725522046,0.407,0.000
1725522046,0.318,0.000
1725522046,0.316,0.000
1725522046,0.696,0.000
1725522046,0.320,0.000
1725522046,0.288,0.000
1725522046,0.369,0.000
1725522046,0.336,0.000
1725522046,0.482,0.000
1725522046,0.447,0.000
1725522046,0.307,0.000
1725522046,0.342,0.000
1725522046,0.302,0.000
1725522046,0.399,0.000
1725522046,0.372,0.000
1725522046,0.323,0.000
1725522046,0.942,0.000
1725522046,0.335,0.000
1725522046,0.376,0.000
1725522046,0.346,0.000
1725522046,0.395,0.000
1725522046,0.380,0.000
1725522046,0.394,0.000
1725522046,0.491,0.000
1725522046,0.387,0.000
1725522046,0.266,0.000
1725522046,0.282,0.000
1725522046,0.333,0.000
1725522046,0.461,0.000
1725522046,0.541,0.000
1725522046,0.557,0.000
1725522046,0.318,0.000
1725522046,0.326,0.000
1725522046,0.291,0.000
1725522046,0.370,0.000
1725522046,0.293,0.000
1725522046,0.388,0.000
1725522046,0.335,0.000
1725522046,0.403,0.000
1725522046,0.271,0.000
1725522046,0.315,0.000
1725522046,0.505,0.000
1725522046,0.319,0.000
1725522046,0.225,0.000
1725522046,0.367,0.000
1725522046,0.255,0.000
1725522046,0.338,0.000
1725522046,0.255,0.000
1725522046,0.367,0.000
1725522046,0.341,0.000
1725522047,0.312,0.000
1725522047,0.426,0.000
1725522047,0.366,0.000
1725522047,0.401,0.000
1725522047,0.346,0.000
1725522047,0.358,0.000
1725522047,0.405,0.000
1725522047,0.369,0.000
1725522047,0.380,0.000
1725522047,0.334,0.000
1725522047,0.379,0.000
1725522047,0.332,0.000
1725522047,0.482,0.000
1725522047,0.281,0.000
1725522047,0.363,0.000
1725522047,0.415,0.000
1725522047,0.402,0.000
1725522047,0.350,0.000
1725522047,0.999,0.000
1725522047,0.397,0.000
1725522047,0.430,0.000
1725522047,0.385,0.000
1725522047,0.324,0.000
1725522047,0.351,0.000
1725522047,0.369,0.000
1725522047,0.427,0.000
1725522047,0.350,0.000
1725522047,0.230,0.000
1725522047,0.346,0.000
1725522047,0.387,0.000
1725522047,0.270,0.000
1725522047,0.413,0.000
1725522047,0.263,0.000
1725522047,0.314,0.000
1725522047,0.385,0.000
1725522047,0.349,0.000
1725522047,0.355,0.000
1725522047,0.405,0.000
1725522047,0.353,0.000
1725522047,0.284,0.000
1725522047,0.264,0.000
1725522047,0.333,0.000
1725522047,0.339,0.000
1725522047,0.485,0.000
1725522047,0.336,0.000
1725522047,0.326,0.000
1725522047,0.292,0.000
1725522047,0.272,0.000
1725522047,0.291,0.000
1725522047,0.359,0.000
1725522047,0.477,0.000
1725522047,0.309,0.000
1725522047,0.374,0.000
1725522047,0.338,0.000
1725522047,0.416,0.000
1725522047,0.357,0.000
1725522047,0.279,0.000
1725522047,0.323,0.000
1725522047,0.342,0.000
1725522047,0.367,0.000
1725522047,0.393,0.000
1725522047,0.553,0.000
1725522047,0.427,0.000
1725522047,0.334,0.000
1725522047,0.363,0.000
1725522047,0.368,0.000
1725522047,0.300,0.000
1725522047,0.576,0.000
1725522047,0.331,0.000
1725522047,0.416,0.000
1725522047,0.380,0.000
1725522047,0.375,0.000
1725522047,0.372,0.000
1725522047,0.343,0.000
1725522047,0.281,0.000
1725522047,0.432,0.000
1725522047,0.291,0.000
1725522047,0.324,0.000
1725522047,0.344,0.000
1725522047,1.175,0.000
1725522047,0.280,0.000
1725522047,0.356,0.000
1725522047,0.416,0.000
1725522047,0.454,0.000
1725522047,0.266,0.000
1725522047,0.350,0.000
1725522047,0.318,0.000
1725522047,0.261,0.000
1725522047,0.333,0.000
1725522047,0.446,0.000
1725522047,0.286,0.000
1725522047,0.437,0.000
1725522047,0.300,0.000
1725522047,0.272,0.000
1725522047,0.377,0.000
1725522047,0.314,0.000
1725522047,0.442,0.000
1725522047,0.382,0.000
1725522047,0.479,0.000
1725522047,0.292,0.000
1725522047,0.341,0.000
1725522047,0.364,0.000
1725522047,0.460,0.000
1725522047,0.464,0.000
1725522047,0.385,0.000
1725522047,0.386,0.000
1725522047,0.441,0.000
1725522047,0.599,0.000
1725522047,0.347,0.000
1725522047,0.227,0.000
1725522047,0.498,0.000
1725522047,0.420,0.000
1725522047,0.307,0.000
1725522047,0.302,0.000
1725522047,0.417,0.000
1725522047,0.484,0.000
1725522047,0.385,0.000
1725522047,0.373,0.000
1725522047,0.419,0.000
1725522047,0.230,0.000
1725522047,0.349,0.000
1725522047,0.460,0.000
1725522047,0.306,0.000
1725522047,0.473,0.000
1725522047,0.351,0.000
1725522047,0.377,0.000
1725522047,0.314,0.000
1725522047,0.370,0.000
1725522047,0.353,0.000
1725522047,0.317,0.000
1725522047,0.411,0.000
1725522047,0.477,0.000
1725522047,0.382,0.000
1725522047,0.427,0.000
1725522047,0.370,0.000
1725522047,0.306,0.000
1725522047,0.323,0.000
1725522047,0.292,0.000
1725522047,0.341,0.000
1725522047,0.332,0.000
1725522047,0.356,0.000
1725522047,0.523,0.000
1725522047,0.277,0.000
1725522047,0.393,0.000
1725522047,0.467,0.000
1725522047,0.448,0.000
1725522047,0.294,0.000
1725522047,0.275,0.000
1725522047,0.478,0.000
1725522047,0.332,0.000
1725522047,0.329,0.000
1725522047,0.308,0.000
1725522047,0.364,0.000
1725522047,0.327,0.000
1725522047,0.537,0.000
1725522047,0.382,0.000
1725522047,0.292,0.000
1725522047,0.265,0.000
1725522047,0.449,0.000
1725522048,0.315,0.000
1725522048,0.390,0.000
1725522048,0.318,0.000
1725522048,0.337,0.000
1725522048,0.380,0.000
1725522048,0.323,0.000
1725522048,0.323,0.000
1725522048,0.325,0.000
1725522048,0.417,0.000
1725522048,0.267,0.000
1725522048,0.296,0.000
1725522048,0.302,0.000
1725522048,0.361,0.000
1725522048,0.318,0.000
1725522048,0.378,0.000
1725522048,0.343,0.000
1725522048,0.324,0.000
1725522048,0.269,0.000
1725522048,0.456,0.000
1725522048,0.339,0.000
1725522048,0.330,0.000
1725522048,0.265,0.000
1725522048,0.426,0.000
1725522048,0.389,0.000
1725522048,0.393,0.000
1725522048,0.425,0.000
1725522048,0.506,0.000
1725522048,0.589,0.000
1725522048,0.255,0.000
1725522048,0.358,0.000
1725522048,0.519,0.000
1725522048,0.271,0.000
1725522048,0.317,0.000
1725522048,0.434,0.000
1725522048,0.385,0.000
1725522048,0.395,0.000
1725522048,0.415,0.000
1725522048,0.356,0.000
1725522048,0.275,0.000
1725522048,0.362,0.000
1725522048,0.396,0.000
1725522048,0.288,0.000
1725522048,0.367,0.000
1725522048,0.349,0.000
1725522048,0.388,0.000
1725522048,0.334,0.000
1725522048,0.362,0.000
1725522048,0.511,0.000
1725522048,0.385,0.000
1725522048,0.349,0.000
1725522048,0.403,0.000
1725522048,0.380,0.000
1725522048,0.363,0.000
1725522048,0.263,0.000
1725522048,0.349,0.000
1725522048,0.309,0.000
1725522048,0.314,0.000
1725522048,0.414,0.000
1725522048,0.479,0.000
1725522048,0.348,0.000
1725522048,0.293,0.000
1725522048,0.360,0.000
1725522048,0.353,0.000
1725522048,0.329,0.000
1725522048,0.354,0.000
1725522048,0.378,0.000
1725522048,0.356,0.000
1725522048,0.560,0.000
1725522048,0.409,0.000
1725522048,0.336,0.000
1725522048,0.314,0.000
1725522048,0.903,0.000
1725522048,0.332,0.000
1725522048,0.294,0.000
1725522048,0.416,0.000
1725522048,0.386,0.000
1725522048,0.424,0.000
1725522048,0.246,0.000
1725522048,0.626,0.000
1725522048,0.333,0.000
1725522048,0.253,0.000
1725522048,0.444,0.000
1725522048,0.350,0.000
1725522048,0.494,0.000
1725522048,0.311,0.000
1725522048,0.374,0.000
1725522048,0.260,0.000
1725522048,0.340,0.000
1725522048,0.332,0.000
1725522048,0.313,0.000
1725522048,0.387,0.000
1725522048,0.378,0.000
1725522048,0.405,0.000
1725522048,0.399,0.000
1725522048,0.322,0.000
1725522048,0.638,0.000
1725522048,0.318,0.000
1725522048,0.400,0.000
1725522048,0.282,0.000
1725522048,0.374,0.000
1725522048,0.343,0.000
1725522048,0.275,0.000
1725522048,0.377,0.000
1725522048,0.425,0.000
1725522048,0.300,0.000
1725522048,0.301,0.000
1725522048,0.475,0.000
1725522048,0.407,0.000
1725522048,0.260,0.000
1725522048,0.289,0.000
1725522048,0.271,0.000
1725522048,0.429,0.000
1725522048,0.349,0.000
1725522048,0.322,0.000
1725522048,0.241,0.000
1725522048,0.350,0.000
1725522048,0.378,0.000
1725522048,0.382,0.000
1725522048,0.404,0.000
1725522048,0.338,0.000
1725522048,0.238,0.000
1725522048,0.312,0.000
1725522048,0.476,0.000
1725522048,0.495,0.000
1725522048,0.380,0.000
1725522048,0.335,0.000
1725522048,0.707,0.000
1725522048,0.316,0.000
1725522048,0.389,0.000
1725522048,0.379,0.000
1725522048,0.317,0.000
1725522048,0.350,0.000
1725522048,0.446,0.000
1725522048,0.375,0.000
1725522048,0.305,0.000
1725522048,0.324,0.000
1725522048,0.384,0.000
1725522048,0.383,0.000
1725522048,0.290,0.000
1725522048,0.295,0.000
1725522048,0.410,0.000
1725522048,0.407,0.000
1725522048,0.330,0.000
1725522048,0.328,0.000
1725522048,0.611,0.000
1725522048,0.347,0.000
1725522048,0.365,0.000
1725522048,0.335,0.000
1725522048,0.350,0.000
1725522048,0.282,0.000
1725522048,0.292,0.000
1725522048,0.276,0.000
1725522048,0.384,0.000
1725522048,0.266,0.000
1725522048,0.339,0.000
1725522048,0.343,0.000
1725522048,0.337,0.000
1725522048,0.257,0.000
1725522048,0.438,0.000
1725522048,0.346,0.000
1725522048,0.378,0.000
1725522048,0.278,0.000
1725522048,0.314,0.000
1725522048,0.284,0.000
1725522048,0.267,0.000
1725522048,0.305,0.000
1725522048,0.732,0.000
1725522048,0.356,0.000
1725522049,0.275,0.000
1725522049,0.357,0.000
1725522049,0.590,0.000
1725522049,0.319,0.000
1725522049,0.405,0.000
1725522049,0.342,0.000
1725522049,0.369,0.000
1725522049,0.319,0.000
1725522049,0.314,0.000
1725522049,0.238,0.000
1725522049,0.361,0.000
1725522049,0.500,0.000
1725522049,0.264,0.000
1725522049,0.292,0.000
1725522049,0.559,0.000
1725522049,0.423,0.000
1725522049,0.314,0.000
1725522049,0.266,0.000
1725522049,0.422,0.000
1725522049,0.343,0.000
1725522049,0.303,0.000
1725522049,0.362,0.000
1725522049,0.376,0.000
1725522049,0.434,0.000
1725522049,0.334,0.000
1725522049,0.416,0.000
1725522049,0.320,0.000
1725522049,0.352,0.000
1725522049,0.325,0.000
1725522049,0.443,0.000
1725522049,0.285,0.000
1725522049,0.259,0.000
1725522049,0.303,0.000
1725522049,0.435,0.000
1725522049,0.253,0.000
1725522049,0.434,0.000
1725522049,0.426,0.000
1725522049,0.326,0.000
1725522049,0.351,0.000
1725522049,0.315,0.000
1725522049,0.300,0.000
1725522049,0.289,0.000
1725522049,0.322,0.000
1725522049,0.316,0.000
1725522049,0.294,0.000
1725522049,0.266,0.000
1725522049,0.352,0.000
1725522049,0.610,0.000
1725522049,0.285,0.000
1725522049,0.345,0.000
1725522049,0.374,0.000
1725522049,0.408,0.000
1725522049,0.408,0.000
1725522049,0.313,0.000
1725522049,0.438,0.000
1725522049,0.493,0.000
1725522049,0.342,0.000
1725522049,0.356,0.000
1725522049,0.320,0.000
1725522049,0.291,0.000
1725522049,0.363,0.000
1725522049,0.409,0.000
1725522049,0.342,0.000
1725522049,0.296,0.000
1725522049,0.338,0.000
1725522049,0.385,0.000
1725522049,0.428,0.000
1725522049,0.299,0.000
1725522049,0.289,0.000
1725522049,0.226,0.000
1725522049,0.383,0.000
1725522049,0.462,0.000
1725522049,0.344,0.000
1725522049,0.279,0.000
1725522049,0.325,0.000
1725522049,0.432,0.000
1725522049,0.360,0.000
1725522049,0.301,0.000
1725522049,0.273,0.000
1725522049,0.315,0.000
1725522049,0.292,0.000
1725522049,0.370,0.000
1725522049,0.313,0.000
1725522049,0.346,0.000
1725522049,0.396,0.000
1725522049,0.428,0.000
1725522049,0.329,0.000
1725522049,0.351,0.000
1725522049,0.355,0.000
1725522049,0.324,0.000
1725522049,0.431,0.000
1725522049,0.366,0.000
1725522049,0.285,0.000
1725522049,0.369,0.000
1725522049,0.369,0.000
1725522049,0.505,0.000
1725522049,0.513,0.000
1725522049,0.295,0.000
1725522049,0.377,0.000
1725522049,0.294,0.000
1725522049,0.462,0.000
1725522049,0.269,0.000
1725522049,0.340,0.000
1725522049,0.284,0.000
1725522049,0.340,0.000
1725522049,0.478,0.000
1725522049,0.374,0.000
1725522049,0.524,0.000
1725522049,0.483,0.000
1725522049,0.448,0.000
1725522049,0.300,0.000
1725522049,0.346,0.000
1725522049,0.361,0.000
1725522049,0.354,0.000
1725522049,0.489,0.000
1725522049,0.284,0.000
1725522049,0.248,0.000
1725522049,0.396,0.000
1725522049,0.246,0.000
1725522049,0.359,0.000
1725522049,0.434,0.000
1725522049,0.289,0.000
1725522049,0.363,0.000
1725522049,0.287,0.000
1725522049,0.395,0.000
1725522049,0.287,0.000
1725522049,0.304,0.000
1725522049,0.432,0.000
1725522049,0.302,0.000
1725522049,0.320,0.000
1725522049,0.341,0.000
1725522049,0.517,0.000
1725522049,0.360,0.000
1725522049,0.389,0.000
1725522049,0.415,0.000
1725522049,0.340,0.000
1725522049,0.383,0.000
1725522049,0.333,0.000
1725522049,0.272,0.000
1725522049,0.278,0.000
1725522049,0.311,0.000
1725522049,0.315,0.000
1725522049,0.335,0.000
1725522049,0.367,0.000
1725522049,0.359,0.000
1725522049,0.362,0.000
1725522049,0.340,0.000
1725522049,0.246,0.000
1725522049,0.367,0.000
1725522049,0.325,0.000
1725522049,0.534,0.000
1725522049,0.520,0.000
1725522049,0.314,0.000
1725522049,0.393,0.000
1725522049,0.425,0.000
1725522049,0.418,0.000
1725522049,0.344,0.000
1725522049,0.320,0.000
1725522049,0.463,0.000
1725522049,0.298,0.000
1725522050,0.613,0.000
1725522050,0.417,0.000
1725522050,0.295,0.000
1725522050,0.428,0.000
1725522050,0.438,0.000
1725522050,0.368,0.000
1725522050,0.538,0.000
1725522050,0.433,0.000
1725522050,0.562,0.000
1725522050,0.375,0.000
1725522050,0.505,0.000
1725522050,0.278,0.000
1725522050,0.258,0.000
1725522050,0.496,0.000
1725522050,0.287,0.000
1725522050,0.426,0.000
1725522050,0.408,0.000
1725522050,0.320,0.000
1725522050,0.404,0.000
1725522050,1.088,0.000
1725522050,0.245,0.000
1725522050,0.655,0.000
1725522050,0.300,0.000
1725522050,0.317,0.000
1725522050,0.359,0.000
1725522050,0.363,0.000
1725522050,0.374,0.000
1725522050,0.294,0.000
1725522050,0.684,0.000
1725522050,0.260,0.000
1725522050,0.410,0.000
1725522050,0.240,0.000
1725522050,0.583,0.000
1725522050,0.306,0.000
1725522050,0.413,0.000
1725522050,0.307,0.000
1725522050,0.663,0.000
1725522050,0.317,0.000
1725522050,0.403,0.000
1725522050,0.293,0.000
1725522050,0.280,0.000
1725522050,0.481,0.000
1725522050,0.467,0.000
1725522050,0.327,0.000
1725522050,0.293,0.000
1725522050,0.362,0.000
1725522050,0.345,0.000
1725522050,0.469,0.000
1725522050,0.325,0.000
1725522050,0.378,0.000
1725522050,0.245,0.000
1725522050,0.455,0.000
1725522050,0.287,0.000
1725522050,0.329,0.000
1725522050,0.279,0.000
1725522050,0.496,0.000
1725522050,0.380,0.000
1725522050,0.309,0.000
1725522050,0.363,0.000
1725522050,0.323,0.000
1725522050,0.361,0.000
1725522050,0.562,0.000
1725522050,0.370,0.000
1725522050,0.293,0.000
1725522050,0.328,0.000
1725522050,0.327,0.000
1725522050,0.423,0.000
1725522050,0.387,0.000
1725522050,0.247,0.000
1725522050,0.319,0.000
1725522050,0.289,0.000
1725522050,0.397,0.000
1725522050,0.395,0.000
1725522050,0.306,0.000
1725522050,0.508,0.000
1725522050,0.380,0.000
1725522050,0.464,0.000
1725522050,0.330,0.000
1725522050,0.371,0.000
1725522050,0.256,0.000
1725522050,0.543,0.000
1725522050,0.421,0.000
1725522050,0.438,0.000
1725522050,0.252,0.000
1725522050,0.294,0.000
1725522050,0.330,0.000
1725522050,0.538,0.000
1725522050,0.352,0.000
1725522050,0.388,0.000
1725522050,0.389,0.000
1725522050,0.359,0.000
1725522050,0.582,0.000
1725522050,0.278,0.000
1725522050,0.629,0.000
1725522050,0.321,0.000
1725522050,0.386,0.000
1725522050,0.367,0.000
1725522050,0.298,0.000
1725522050,0.398,0.000
1725522050,0.332,0.000
1725522050,0.492,0.000
1725522050,0.345,0.000
1725522050,0.348,0.000
1725522050,0.443,0.000
1725522050,0.295,0.000
1725522050,0.323,0.000
1725522050,0.394,0.000
1725522050,0.383,0.000
1725522050,0.345,0.000
1725522050,0.269,0.000
1725522050,0.409,0.000
1725522050,0.367,0.000
1725522050,0.404,0.000
1725522050,0.338,0.000
1725522050,0.336,0.000
1725522050,0.588,0.000
1725522050,0.504,0.000
1725522050,0.379,0.000
1725522050,0.399,0.000
1725522050,0.507,0.000
1725522050,0.370,0.000
1725522050,0.372,0.000
1725522050,0.258,0.000
1725522050,0.456,0.000
1725522050,0.330,0.000
1725522050,0.680,0.000
1725522050,0.452,0.000
1725522050,0.389,0.000
1725522050,0.366,0.000
1725522050,0.381,0.000
1725522050,0.756,0.000
1725522050,0.511,0.000
1725522050,0.306,0.000
1725522050,0.320,0.000
1725522050,0.381,0.000
1725522050,0.408,0.000
1725522050,0.374,0.000
1725522050,0.333,0.000
1725522050,0.342,0.000
1725522050,0.398,0.000
1725522050,0.413,0.000
1725522050,0.335,0.000
1725522050,0.379,0.000
1725522050,0.360,0.000
1725522050,0.310,0.000
1725522050,0.281,0.000
1725522050,0.526,0.000
1725522050,0.314,0.000
1725522050,0.296,0.000
1725522050,0.276,0.000
1725522050,0.359,0.000
1725522050,0.373,0.000
1725522050,0.337,0.000
1725522050,0.271,0.000
1725522050,0.290,0.000
1725522050,0.431,0.000
1725522050,0.316,0.000
1725522050,0.306,0.000
1725522050,0.392,0.000
1725522051,0.342,0.000
1725522051,0.377,0.000
1725522051,0.303,0.000
1725522051,0.376,0.000
1725522051,0.348,0.000
1725522051,0.319,0.000
1725522051,0.338,0.000
1725522051,0.241,0.000
1725522051,0.300,0.000
1725522051,0.348,0.000
1725522051,0.495,0.000
1725522051,0.516,0.000
1725522051,0.444,0.000
1725522051,0.352,0.000
1725522051,0.307,0.000
1725522051,0.324,0.000
1725522051,0.292,0.000
1725522051,0.335,0.000
1725522051,0.362,0.000
1725522051,0.310,0.000
1725522051,0.448,0.000
1725522051,0.314,0.000
1725522051,0.409,0.000
1725522051,0.296,0.000
1725522051,0.387,0.000
1725522051,0.257,0.000
1725522051,0.269,0.000
1725522051,0.506,0.000
1725522051,0.399,0.000
1725522051,0.605,0.000
1725522051,0.272,0.000
1725522051,0.380,0.000
1725522051,0.374,0.000
1725522051,0.438,0.000
1725522051,0.269,0.000
1725522051,0.303,0.000
1725522051,0.331,0.000
1725522051,0.337,0.000
1725522051,0.273,0.000
1725522051,0.423,0.000
1725522051,0.451,0.000
1725522051,0.307,0.000
1725522051,0.412,0.000
1725522051,0.305,0.000
1725522051,0.346,0.000
1725522051,0.357,0.000
1725522051,0.305,0.000
1725522051,0.308,0.000
1725522051,0.323,0.000
1725522051,0.332,0.000
1725522051,0.275,0.000
1725522051,0.226,0.000
1725522051,0.376,0.000
1725522051,0.354,0.000
1725522051,0.388,0.000
1725522051,0.503,0.000
1725522051,0.266,0.000
1725522051,0.494,0.000
1725522051,0.339,0.000
1725522051,0.369,0.000
1725522051,0.245,0.000
1725522051,0.318,0.000
1725522051,0.463,0.000
1725522051,0.291,0.000
1725522051,0.353,0.000
1725522051,0.364,0.000
1725522051,0.337,0.000
1725522051,0.337,0.000
1725522051,0.286,0.000
1725522051,0.509,0.000
1725522051,0.299,0.000
1725522051,0.374,0.000
1725522051,0.331,0.000
1725522051,0.236,0.000
1725522051,0.452,0.000
1725522051,0.324,0.000
1725522051,0.377,0.000
1725522051,0.355,0.000
1725522051,0.367,0.000
1725522051,0.285,0.000
1725522051,0.448,0.000
1725522051,0.313,0.000
1725522051,0.408,0.000
1725522051,0.337,0.000
1725522051,0.291,0.000
1725522051,0.457,0.000
1725522051,0.420,0.000
1725522051,0.434,0.000
1725522051,0.214,0.000
1725522051,0.292,0.000
1725522051,0.284,0.000
1725522051,0.361,0.000
1725522051,0.304,0.000
1725522051,0.392,0.000
1725522051,0.336,0.000
1725522051,0.441,0.000
1725522051,0.510,0.000
1725522051,0.300,0.000
1725522051,0.358,0.000
1725522051,0.386,0.000
1725522051,0.319,0.000
1725522051,0.287,0.000
1725522051,0.288,0.000
1725522051,0.329,0.000
1725522051,0.292,0.000
1725522051,0.314,0.000
1725522051,0.371,0.000
1725522051,0.371,0.000
1725522051,0.295,0.000
1725522051,0.337,0.000
1725522051,0.309,0.000
1725522051,0.242,0.000
1725522051,0.414,0.000
1725522051,0.492,0.000
1725522051,0.396,0.000
1725522051,0.279,0.000
1725522051,0.322,0.000
1725522051,0.361,0.000
1725522051,0.523,0.000
1725522051,0.264,0.000
1725522051,0.324,0.000
1725522051,0.377,0.000
1725522051,0.404,0.000
1725522051,0.445,0.000
1725522051,0.266,0.000
1725522051,0.507,0.000
1725522051,0.366,0.000
1725522051,0.360,0.000
1725522051,0.362,0.000
1725522051,0.246,0.000
1725522051,0.322,0.000
1725522051,0.447,0.000
1725522051,0.396,0.000
1725522051,0.313,0.000
1725522051,0.293,0.000
1725522051,0.379,0.000
1725522051,0.292,0.000
1725522051,0.311,0.000
1725522051,0.357,0.000
1725522051,0.348,0.000
1725522051,0.632,0.000
1725522051,0.581,0.000
1725522051,0.390,0.000
1725522051,0.314,0.000
1725522051,0.356,0.000
1725522051,0.305,0.000
1725522051,0.317,0.000
1725522051,0.371,0.000
1725522051,0.279,0.000
1725522051,0.445,0.000
1725522051,0.406,0.000
1725522051,0.340,0.000
1725522051,0.338,0.000
1725522051,0.236,0.000
1725522051,0.348,0.000
1725522051,0.366,0.000
1725522051,0.333,0.000
1725522051,0.285,0.000
1725522051,0.324,0.000
1725522051,0.361,0.000
1725522051,0.356,0.000
1725522051,0.225,0.000
1725522051,0.587,0.000
1725522051,0.315,0.000
1725522051,0.257,0.000
1725522052,0.554,0.000
1725522052,0.486,0.000
1725522052,0.285,0.000
1725522052,0.271,0.000
1725522052,0.293,0.000
1725522052,0.467,0.000
1725522052,0.291,0.000
1725522052,0.264,0.000
1725522052,0.860,0.000
1725522052,0.477,0.000
1725522052,0.350,0.000
1725522052,0.396,0.000
1725522052,0.488,0.000
1725522052,0.282,0.000
1725522052,0.289,0.000
1725522052,0.400,0.000
1725522052,0.315,0.000
1725522052,0.337,0.000
1725522052,0.335,0.000
1725522052,0.540,0.000
1725522052,0.372,0.000
1725522052,0.376,0.000
1725522052,0.622,0.000
1725522052,0.363,0.000
1725522052,0.252,0.000
1725522052,0.442,0.000
1725522052,0.430,0.000
1725522052,0.288,0.000
1725522052,0.368,0.000
1725522052,0.347,0.000
1725522052,0.331,0.000
1725522052,0.327,0.000
1725522052,0.354,0.000
1725522052,0.416,0.000
1725522052,0.450,0.000
1725522052,0.497,0.000
1725522052,0.332,0.000
1725522052,0.322,0.000
1725522052,0.316,0.000
1725522052,0.438,0.000
1725522052,0.353,0.000
1725522052,0.289,0.000
1725522052,0.422,0.000
1725522052,0.502,0.000
1725522052,0.518,0.000
1725522052,0.347,0.000
1725522052,0.387,0.000
1725522052,0.336,0.000
1725522052,0.392,0.000
1725522052,0.380,0.000
1725522052,0.451,0.000
1725522052,0.297,0.000
1725522052,0.309,0.000
1725522052,0.396,0.000
1725522052,0.526,0.000
1725522052,0.365,0.000
1725522052,0.303,0.000
1725522052,0.242,0.000
1725522052,0.314,0.000
1725522052,0.374,0.000
1725522052,0.330,0.000
1725522052,0.359,0.000
1725522052,0.344,0.000
1725522052,0.234,0.000
1725522052,0.300,0.000
1725522052,0.294,0.000
1725522052,0.370,0.000
1725522052,0.292,0.000
1725522052,0.313,0.000
1725522052,0.306,0.000
1725522052,0.374,0.000
1725522052,0.321,0.000
1725522052,0.460,0.000
1725522052,0.420,0.000
1725522052,0.286,0.000
1725522052,0.361,0.000
1725522052,0.335,0.000
1725522052,0.270,0.000
1725522052,0.316,0.000
1725522052,0.439,0.000
1725522052,0.482,0.000
1725522052,0.314,0.000
1725522052,0.349,0.000
1725522052,0.386,0.000
1725522052,0.516,0.000
1725522052,0.349,0.000
1725522052,0.534,0.000
1725522052,0.454,0.000
1725522052,0.363,0.000
1725522052,0.310,0.000
1725522052,0.295,0.000
1725522052,0.337,0.000
1725522052,0.238,0.000
1725522052,0.367,0.000
1725522052,0.460,0.000
1725522052,0.417,0.000
1725522052,0.330,0.000
1725522052,0.303,0.000
1725522052,0.510,0.000
1725522052,0.319,0.000
1725522052,0.311,0.000
1725522052,0.343,0.000
1725522052,0.356,0.000
1725522052,0.278,0.000
1725522052,0.285,0.000
1725522052,0.352,0.000
1725522052,0.318,0.000
1725522052,0.270,0.000
1725522052,0.403,0.000
1725522052,0.247,0.000
1725522052,0.274,0.000
1725522052,0.320,0.000
1725522052,0.287,0.000
1725522052,0.266,0.000
1725522052,0.360,0.000
1725522052,0.360,0.000
1725522052,0.382,0.000
1725522052,0.386,0.000
1725522052,0.407,0.000
1725522052,0.298,0.000
1725522052,0.421,0.000
1725522052,0.344,0.000
1725522052,0.407,0.000
1725522052,0.245,0.000
1725522052,0.306,0.000
1725522052,0.307,0.000
1725522052,0.348,0.000
1725522052,0.350,0.000
1725522052,0.300,0.000
1725522052,0.347,0.000
1725522052,0.363,0.000
1725522052,0.648,0.000
1725522052,0.379,0.000
1725522052,0.323,0.000
1725522052,0.317,0.000
1725522052,0.284,0.000
1725522052,0.351,0.000
1725522052,0.289,0.000
1725522052,0.338,0.000
1725522052,0.316,0.000
1725522052,0.855,0.000
1725522052,0.349,0.000
1725522052,0.235,0.000
1725522052,0.313,0.000
1725522052,0.280,0.000
1725522052,0.310,0.000
1725522052,0.242,0.000
1725522052,0.393,0.000
1725522052,0.299,0.000
1725522052,0.372,0.000
1725522052,0.306,0.000
1725522052,0.455,0.000
1725522052,0.336,0.000
1725522052,0.278,0.000
1725522052,0.256,0.000
1725522052,0.458,0.000
1725522052,0.409,0.000
1725522052,0.284,0.000
1725522052,0.340,0.000
1725522052,0.323,0.000
1725522052,0.355,0.000
1725522052,0.447,0.000
1725522052,0.386,0.000
1725522052,0.473,0.000
1725522052,0.316,0.000
1725522052,0.394,0.000
1725522052,0.975,0.000
1725522052,0.376,0.000
1725522053,0.401,0.000
1725522053,0.411,0.000
1725522053,0.227,0.000
1725522053,0.356,0.000
1725522053,0.531,0.000
1725522053,0.413,0.000
1725522053,0.352,0.000
1725522053,0.825,0.000
1725522053,0.278,0.000
1725522053,0.521,0.000
1725522053,0.362,0.000
1725522053,0.432,0.000
1725522053,0.411,0.000
1725522053,0.241,0.000
1725522053,0.434,0.000
1725522053,0.533,0.000
1725522053,0.356,0.000
1725522053,0.458,0.000
1725522053,0.329,0.000
1725522053,0.518,0.000
1725522053,0.275,0.000
1725522053,0.328,0.000
1725522053,0.300,0.000
1725522053,0.301,0.000
1725522053,0.653,0.000
1725522053,0.333,0.000
1725522053,0.234,0.000
1725522053,0.309,0.000
1725522053,0.377,0.000
1725522053,0.371,0.000
1725522053,0.426,0.000
1725522053,0.540,0.000
1725522053,0.405,0.000
1725522053,0.364,0.000
1725522053,0.368,0.000
1725522053,0.411,0.000
1725522053,0.287,0.000
1725522053,0.381,0.000
1725522053,0.337,0.000
1725522053,0.275,0.000
1725522053,0.446,0.000
1725522053,0.287,0.000
1725522053,0.289,0.000
1725522053,0.346,0.000
1725522053,0.332,0.000
1725522053,0.282,0.000
1725522053,0.325,0.000
1725522053,0.330,0.000
1725522053,0.239,0.000
1725522053,0.338,0.000
1725522053,0.470,0.000
1725522053,0.365,0.000
1725522053,0.412,0.000
1725522053,0.403,0.000
1725522053,0.508,0.000
1725522053,0.339,0.000
1725522053,0.393,0.000
1725522053,0.399,0.000
1725522053,0.254,0.000
1725522053,0.384,0.000
1725522053,0.466,0.000
1725522053,0.317,0.000
1725522053,0.291,0.000
1725522053,0.273,0.000
1725522053,0.289,0.000
1725522053,0.277,0.000
1725522053,0.322,0.000
1725522053,0.450,0.000
1725522053,0.498,0.000
1725522053,0.432,0.000
1725522053,0.272,0.000
1725522053,0.358,0.000
1725522053,0.282,0.000
1725522053,0.406,0.000
1725522053,0.394,0.000
1725522053,0.505,0.000
1725522053,0.381,0.000
1725522053,0.254,0.000
1725522053,0.292,0.000
1725522053,0.295,0.000
1725522053,0.492,0.000
1725522053,0.477,0.000
1725522053,0.490,0.000
1725522053,0.322,0.000
1725522053,0.353,0.000
1725522053,0.478,0.000
1725522053,0.269,0.000
1725522053,0.338,0.000
1725522053,0.353,0.000
1725522053,0.357,0.000
1725522053,0.303,0.000
1725522053,0.553,0.000
1725522053,0.376,0.000
1725522053,0.370,0.000
1725522053,0.315,0.000
1725522053,0.331,0.000
1725522053,0.272,0.000
1725522053,0.338,0.000
1725522053,0.253,0.000
1725522053,0.257,0.000
1725522053,0.451,0.000
1725522053,0.385,0.000
1725522053,0.355,0.000
1725522053,0.624,0.000
1725522053,0.381,0.000
1725522053,0.317,0.000
1725522053,0.351,0.000
1725522053,0.351,0.000
1725522053,0.681,0.000
1725522053,0.364,0.000
1725522053,0.644,0.000
1725522053,0.502,0.000
1725522053,0.294,0.000
1725522053,0.363,0.000
1725522053,0.269,0.000
1725522053,0.299,0.000
1725522053,0.268,0.000
1725522053,0.345,0.000
1725522053,0.255,0.000
1725522053,0.359,0.000
1725522053,0.294,0.000
1725522053,0.264,0.000
1725522053,0.302,0.000
1725522053,0.355,0.000
1725522053,0.372,0.000
1725522053,0.267,0.000
1725522053,0.291,0.000
1725522053,0.334,0.000
1725522053,0.339,0.000
1725522053,0.385,0.000
1725522053,0.313,0.000
1725522053,0.333,0.000
1725522053,0.365,0.000
1725522053,0.291,0.000
1725522053,0.383,0.000
1725522053,0.263,0.000
1725522053,0.252,0.000
1725522053,0.303,0.000
1725522053,0.354,0.000
1725522053,0.484,0.000
1725522053,0.321,0.000
1725522053,0.398,0.000
1725522053,0.299,0.000
1725522053,0.337,0.000
1725522053,0.529,0.000
1725522053,0.351,0.000
1725522053,0.383,0.000
1725522053,0.323,0.000
1725522053,0.340,0.000
1725522053,0.242,0.000
1725522053,0.431,0.000
1725522053,0.229,0.000
1725522053,0.462,0.000
1725522053,0.479,0.000
1725522053,0.466,0.000
1725522053,0.240,0.000
1725522053,0.300,0.000
1725522053,0.445,0.000
1725522053,0.263,0.000
1725522053,0.261,0.000
1725522053,0.345,0.000
1725522053,0.396,0.000
1725522053,0.352,0.000
1725522053,0.360,0.000
1725522053,0.288,0.000
1725522054,0.291,0.000
1725522054,0.461,0.000
1725522054,0.350,0.000
1725522054,0.269,0.000
1725522054,0.312,0.000
1725522054,0.361,0.000
1725522054,0.276,0.000
1725522054,0.288,0.000
1725522054,0.232,0.000
1725522054,0.363,0.000
1725522054,0.354,0.000
1725522054,0.442,0.000
1725522054,0.431,0.000
1725522054,0.673,0.000
1725522054,0.294,0.000
1725522054,0.294,0.000
1725522054,0.345,0.000
1725522054,0.379,0.000
1725522054,0.286,0.000
1725522054,0.475,0.000
1725522054,0.448,0.000
1725522054,0.332,0.000
1725522054,0.408,0.000
1725522054,0.587,0.000
1725522054,0.351,0.000
1725522054,0.381,0.000
1725522054,0.249,0.000
1725522054,0.286,0.000
1725522054,0.433,0.000
1725522054,0.421,0.000
1725522054,0.589,0.000
1725522054,0.350,0.000
1725522054,0.354,0.000
1725522054,0.307,0.000
1725522054,0.357,0.000
1725522054,0.325,0.000
1725522054,0.326,0.000
1725522054,0.291,0.000
1725522054,0.587,0.000
1725522054,0.311,0.000
1725522054,0.384,0.000
1725522054,0.369,0.000
1725522054,0.337,0.000
1725522054,0.255,0.000
1725522054,0.288,0.000
1725522054,0.455,0.000
1725522054,0.427,0.000
1725522054,0.420,0.000
1725522054,0.368,0.000
1725522054,0.345,0.000
1725522054,0.391,0.000
1725522054,0.797,0.000
1725522054,0.287,0.000
1725522054,0.667,0.000
1725522054,0.290,0.000
1725522054,0.369,0.000
1725522054,0.400,0.000
1725522054,0.429,0.000
1725522054,0.306,0.000
1725522054,0.724,0.000
1725522054,0.247,0.000
1725522054,0.392,0.000
1725522054,0.265,0.000
1725522054,0.422,0.000
1725522054,0.426,0.000
1725522054,0.369,0.000
1725522054,0.311,0.000
1725522054,0.343,0.000
1725522054,0.478,0.000
1725522054,0.289,0.000
1725522054,0.349,0.000
1725522054,0.271,0.000
1725522054,0.412,0.000
1725522054,0.280,0.000
1725522054,0.296,0.000
1725522054,0.345,0.000
1725522054,0.329,0.000
1725522054,0.491,0.000
1725522054,0.335,0.000
1725522054,0.577,0.000
1725522054,0.380,0.000
1725522054,0.298,0.000
1725522054,0.402,0.000
1725522054,0.409,0.000
1725522054,0.392,0.000
1725522054,0.529,0.000
1725522054,0.294,0.000
1725522054,0.262,0.000
1725522054,0.446,0.000
1725522054,0.416,0.000
1725522054,0.359,0.000
1725522054,0.285,0.000
1725522054,0.352,0.000
1725522054,0.372,0.000
1725522054,0.377,0.000
1725522054,0.236,0.000
1725522054,0.452,0.000
1725522054,0.287,0.000
1725522054,0.320,0.000
1725522054,0.410,0.000
1725522054,0.344,0.000
1725522054,0.329,0.000
1725522054,0.450,0.000
1725522054,0.296,0.000
1725522054,0.360,0.000
1725522054,0.369,0.000
1725522054,0.273,0.000
1725522054,0.334,0.000
1725522054,0.369,0.000
1725522054,0.472,0.000
1725522054,0.417,0.000
1725522054,0.319,0.000
1725522054,0.304,0.000
1725522054,0.290,0.000
1725522054,0.303,0.000
1725522054,0.453,0.000
1725522054,0.248,0.000
1725522054,0.291,0.000
1725522054,0.443,0.000
1725522054,0.322,0.000
1725522054,0.452,0.000
1725522054,0.344,0.000
1725522054,0.314,0.000
1725522054,0.248,0.000
1725522054,0.426,0.000
1725522054,0.297,0.000
1725522054,0.287,0.000
1725522054,0.396,0.000
1725522054,0.358,0.000
1725522054,0.336,0.000
1725522054,0.321,0.000
1725522054,0.313,0.000
1725522054,0.594,0.000
1725522054,0.250,0.000
1725522054,0.288,0.000
1725522054,0.350,0.000
1725522054,0.312,0.000
1725522054,0.349,0.000
1725522054,0.726,0.000
1725522054,0.514,0.000
1725522054,0.279,0.000
1725522054,0.344,0.000
1725522054,0.362,0.000
1725522054,0.591,0.000
1725522054,0.342,0.000
1725522054,0.391,0.000
1725522054,0.358,0.000
1725522054,0.332,0.000
1725522054,0.604,0.000
1725522054,0.408,0.000
1725522054,0.336,0.000
1725522054,0.286,0.000
1725522054,0.659,0.000
1725522054,0.251,0.000
1725522054,0.320,0.000
1725522054,0.308,0.000
1725522054,0.275,0.000
1725522054,0.407,0.000
1725522054,0.471,0.000
1725522054,0.419,0.000
1725522054,0.541,0.000
1725522055,0.464,0.000
1725522055,0.371,0.000
1725522055,0.320,0.000
1725522055,0.407,0.000
1725522055,0.353,0.000
1725522055,0.287,0.000
1725522055,0.363,0.000
1725522055,0.394,0.000
1725522055,0.389,0.000
1725522055,0.566,0.000
1725522055,0.324,0.000
1725522055,0.282,0.000
1725522055,0.374,0.000
1725522055,0.360,0.000
1725522055,0.401,0.000
1725522055,0.311,0.000
1725522055,0.460,0.000
1725522055,0.254,0.000
1725522055,0.387,0.000
1725522055,0.358,0.000
1725522055,0.462,0.000
1725522055,0.312,0.000
1725522055,0.504,0.000
1725522055,0.495,0.000
1725522055,0.513,0.000
1725522055,0.369,0.000
1725522055,0.332,0.000
1725522055,0.303,0.000
1725522055,0.245,0.000
1725522055,0.424,0.000
1725522055,0.301,0.000
1725522055,0.361,0.000
1725522055,0.287,0.000
1725522055,0.302,0.000
1725522055,0.529,0.000
1725522055,0.290,0.000
1725522055,0.346,0.000
1725522055,0.472,0.000
1725522055,0.405,0.000
1725522055,0.298,0.000
1725522055,0.308,0.000
1725522055,0.596,0.000
1725522055,0.328,0.000
1725522055,0.331,0.000
1725522055,0.359,0.000
1725522055,0.413,0.000
1725522055,0.402,0.000
1725522055,0.293,0.000
1725522055,0.275,0.000
1725522055,0.552,0.000
1725522055,0.388,0.000
1725522055,0.259,0.000
1725522055,0.287,0.000
1725522055,0.380,0.000
1725522055,0.322,0.000
1725522055,0.388,0.000
1725522055,0.250,0.000
1725522055,0.767,0.000
1725522055,0.369,0.000
1725522055,0.452,0.000
1725522055,0.374,0.000
1725522055,0.532,0.000
1725522055,0.326,0.000
1725522055,0.412,0.000
1725522055,0.374,0.000
1725522055,0.290,0.000
1725522055,0.434,0.000
1725522055,0.461,0.000
1725522055,0.552,0.000
1725522055,0.578,0.000
1725522055,0.302,0.000
1725522055,0.346,0.000
1725522055,0.356,0.000
1725522055,0.355,0.000
1725522055,0.403,0.000
1725522055,0.430,0.000
1725522055,0.388,0.000
1725522055,0.384,0.000
1725522055,0.367,0.000
1725522055,0.280,0.000
1725522055,0.423,0.000
1725522055,0.367,0.000
1725522055,0.296,0.000
1725522055,0.324,0.000
1725522055,0.275,0.000
1725522055,0.344,0.000
1725522055,0.592,0.000
1725522055,0.385,0.000
1725522055,0.337,0.000
1725522055,0.323,0.000
1725522055,0.326,0.000
1725522055,0.385,0.000
1725522055,0.352,0.000
1725522055,0.336,0.000
1725522055,0.250,0.000
1725522055,0.545,0.000
1725522055,0.321,0.000
1725522055,0.287,0.000
1725522055,0.273,0.000
1725522055,0.447,0.000
1725522055,0.414,0.000
1725522055,0.333,0.000
1725522055,0.366,0.000
1725522055,0.332,0.000
1725522055,0.344,0.000
1725522055,0.281,0.000
1725522055,0.338,0.000
1725522055,0.445,0.000
1725522055,0.450,0.000
1725522055,0.413,0.000
1725522055,0.433,0.000
1725522055,0.459,0.000
1725522055,0.327,0.000
1725522055,0.423,0.000
1725522055,0.333,0.000
1725522055,0.361,0.000
1725522055,0.352,0.000
1725522055,0.242,0.000
1725522055,0.372,0.000
1725522055,0.438,0.000
1725522055,0.372,0.000
1725522055,0.422,0.000
1725522055,0.303,0.000
1725522055,0.395,0.000
1725522055,0.389,0.000
1725522055,0.375,0.000
1725522055,0.324,0.000
1725522055,0.521,0.000
1725522055,0.325,0.000
1725522055,0.456,0.000
1725522055,0.401,0.000
1725522055,0.453,0.000
1725522055,0.334,0.000
1725522055,0.268,0.000
1725522055,0.247,0.000
1725522055,0.307,0.000
1725522055,0.432,0.000
1725522055,0.310,0.000
1725522055,0.723,0.000
1725522055,0.289,0.000
1725522055,0.324,0.000
1725522055,0.355,0.000
1725522055,0.410,0.000
1725522055,0.368,0.000
1725522055,0.433,0.000
1725522055,0.236,0.000
1725522055,0.324,0.000
1725522055,0.358,0.000
1725522055,0.258,0.000
1725522055,0.333,0.000
1725522055,0.349,0.000
1725522055,0.281,0.000
1725522055,0.285,0.000
1725522055,0.310,0.000
1725522055,0.449,0.000
1725522055,0.305,0.000
1725522055,0.381,0.000
1725522055,0.266,0.000
1725522055,0.381,0.000
1725522055,0.223,0.000
1725522055,0.458,0.000
1725522056,0.316,0.000
1725522056,0.325,0.000
1725522056,0.341,0.000
1725522056,0.362,0.000
1725522056,0.431,0.000
1725522056,0.513,0.000
1725522056,0.313,0.000
1725522056,0.372,0.000
1725522056,0.279,0.000
1725522056,0.290,0.000
1725522056,0.414,0.000
1725522056,0.393,0.000
1725522056,0.491,0.000
1725522056,0.281,0.000
1725522056,0.262,0.000
1725522056,0.361,0.000
1725522056,0.331,0.000
1725522056,0.225,0.000
1725522056,0.360,0.000
1725522056,0.304,0.000
1725522056,0.296,0.000
1725522056,0.295,0.000
1725522056,0.483,0.000
1725522056,0.326,0.000
1725522056,0.380,0.000
1725522056,0.461,0.000
1725522056,0.559,0.000
1725522056,0.298,0.000
1725522056,0.331,0.000
1725522056,0.482,0.000
1725522056,0.411,0.000
1725522056,0.567,0.000
1725522056,0.493,0.000
1725522056,0.340,0.000
1725522056,0.451,0.000
1725522056,0.366,0.000
1725522056,0.300,0.000
1725522056,0.389,0.000
1725522056,0.328,0.000
1725522056,0.318,0.000
1725522056,0.368,0.000
1725522056,0.361,0.000
1725522056,0.431,0.000
1725522056,0.316,0.000
1725522056,0.404,0.000
1725522056,0.266,0.000
1725522056,0.354,0.000
1725522056,0.363,0.000
1725522056,0.358,0.000
1725522056,0.524,0.000
1725522056,0.460,0.000
1725522056,0.340,0.000
1725522056,0.357,0.000
1725522056,0.443,0.000
1725522056,0.377,0.000
1725522056,0.410,0.000
1725522056,0.529,0.000
1725522056,0.364,0.000
1725522056,0.274,0.000
1725522056,0.309,0.000
1725522056,0.290,0.000
1725522056,0.313,0.000
1725522056,0.401,0.000
1725522056,0.287,0.000
1725522056,0.384,0.000
1725522056,0.321,0.000
1725522056,0.333,0.000
1725522056,0.404,0.000
1725522056,0.398,0.000
1725522056,0.369,0.000
1725522056,0.369,0.000
1725522056,0.359,0.000
1725522056,0.328,0.000
1725522056,0.314,0.000
1725522056,0.405,0.000
1725522056,0.416,0.000
1725522056,0.422,0.000
1725522056,0.305,0.000
1725522056,0.347,0.000
1725522056,0.402,0.000
1725522056,0.378,0.000
1725522056,0.423,0.000
1725522056,0.345,0.000
1725522056,0.269,0.000
1725522056,0.742,0.000
1725522056,0.346,0.000
1725522056,0.283,0.000
1725522056,0.382,0.000
1725522056,0.768,0.000
1725522056,0.300,0.000
1725522056,0.312,0.000
1725522056,0.393,0.000
1725522056,0.407,0.000
1725522056,0.394,0.000
1725522056,0.358,0.000
1725522056,0.521,0.000
1725522056,0.546,0.000
1725522056,0.493,0.000
1725522056,0.311,0.000
1725522056,0.304,0.000
1725522056,0.429,0.000
1725522056,0.303,0.000
1725522056,0.317,0.000
1725522056,0.330,0.000
1725522056,0.451,0.000
1725522056,0.291,0.000
1725522056,0.406,0.000
1725522056,0.501,0.000
1725522056,0.440,0.000
1725522056,0.351,0.000
1725522056,0.287,0.000
1725522056,0.370,0.000
1725522056,0.424,0.000
1725522056,0.371,0.000
1725522056,0.363,0.000
1725522056,0.357,0.000
1725522056,0.341,0.000
1725522056,0.581,0.000
1725522056,0.316,0.000
1725522056,0.284,0.000
1725522056,0.285,0.000
1725522056,0.327,0.000
1725522056,0.385,0.000
1725522056,0.544,0.000
1725522056,0.310,0.000
1725522056,0.294,0.000
1725522056,0.378,0.000
1725522056,0.330,0.000
1725522056,0.334,0.000
1725522056,0.618,0.000
1725522056,0.306,0.000
1725522056,0.337,0.000
1725522056,0.336,0.000
1725522056,0.372,0.000
1725522056,0.413,0.000
1725522056,0.329,0.000
1725522056,0.703,0.000
1725522056,0.405,0.000
1725522056,0.278,0.000
1725522056,0.292,0.000
1725522056,0.407,0.000
1725522056,0.408,0.000
1725522056,0.334,0.000
1725522056,0.330,0.000
1725522056,0.425,0.000
1725522056,0.337,0.000
1725522056,0.380,0.000
1725522056,0.417,0.000
1725522056,0.340,0.000
1725522056,0.285,0.000
1725522056,0.371,0.000
1725522056,0.328,0.000
1725522056,0.300,0.000
1725522056,0.373,0.000
1725522056,0.397,0.000
1725522056,0.375,0.000
1725522056,0.451,0.000
1725522057,0.348,0.000
1725522057,0.309,0.000
1725522057,0.349,0.000
1725522057,0.272,0.000
1725522057,0.415,0.000
1725522057,0.349,0.000
1725522057,0.381,0.000
1725522057,0.292,0.000
1725522057,0.283,0.000
1725522057,0.263,0.000
1725522057,0.269,0.000
1725522057,0.511,0.000
1725522057,0.327,0.000
1725522057,0.544,0.000
1725522057,0.282,0.000
1725522057,0.345,0.000
1725522057,0.329,0.000
1725522057,0.402,0.000
1725522057,0.460,0.000
1725522057,0.335,0.000
1725522057,1.278,0.000
1725522057,0.263,0.000
1725522057,0.352,0.000
1725522057,0.527,0.000
1725522057,0.267,0.000
1725522057,0.305,0.000
1725522057,0.357,0.000
1725522057,0.262,0.000
1725522057,0.319,0.000
1725522057,0.382,0.000
1725522057,0.521,0.000
1725522057,0.274,0.000
1725522057,0.285,0.000
1725522057,0.602,0.000
1725522057,0.341,0.000
1725522057,0.301,0.000
1725522057,0.311,0.000
1725522057,0.323,0.000
1725522057,0.314,0.000
1725522057,0.355,0.000
1725522057,0.364,0.000
1725522057,0.323,0.000
1725522057,0.308,0.000
1725522057,0.343,0.000
1725522057,0.663,0.000
1725522057,0.365,0.000
1725522057,0.434,0.000
1725522057,0.394,0.000
1725522057,0.449,0.000
1725522057,0.342,0.000
1725522057,0.356,0.000
1725522057,0.411,0.000
1725522057,0.303,0.000
1725522057,0.550,0.000
1725522057,0.416,0.000
1725522057,0.406,0.000
1725522057,0.352,0.000
1725522057,0.332,0.000
1725522057,0.372,0.000
1725522057,0.324,0.000
1725522057,0.310,0.000
1725522057,0.514,0.000
1725522057,0.313,0.000
1725522057,0.405,0.000
1725522057,0.405,0.000
1725522057,0.263,0.000
1725522057,0.388,0.000
1725522057,0.337,0.000
1725522057,0.297,0.000
1725522057,0.299,0.000
1725522057,0.321,0.000
1725522057,0.373,0.000
1725522057,0.317,0.000
1725522057,0.256,0.000
1725522057,0.384,0.000
1725522057,0.331,0.000
1725522057,0.251,0.000
1725522057,0.314,0.000
1725522057,0.350,0.000
1725522057,0.314,0.000
1725522057,0.372,0.000
1725522057,0.305,0.000
1725522057,0.332,0.000
1725522057,0.357,0.000
1725522057,0.301,0.000
1725522057,0.364,0.000
1725522057,0.247,0.000
1725522057,0.397,0.000
1725522057,0.332,0.000
1725522057,0.318,0.000
1725522057,0.482,0.000
1725522057,0.306,0.000
1725522057,0.324,0.000
1725522057,0.338,0.000
1725522057,0.454,0.000
1725522057,0.366,0.000
1725522057,0.309,0.000
1725522057,0.305,0.000
1725522057,0.368,0.000
1725522057,0.465,0.000
1725522057,1.774,0.000
1725522057,0.344,0.000
1725522057,0.451,0.000
1725522057,0.324,0.000
1725522057,0.292,0.000
1725522057,0.299,0.000
1725522057,0.296,0.000
1725522057,0.310,0.000
1725522057,0.320,0.000
1725522057,0.516,0.000
1725522057,0.385,0.000
1725522057,0.306,0.000
1725522057,0.368,0.000
1725522057,0.482,0.000
1725522057,0.334,0.000
1725522057,0.274,0.000
1725522057,0.330,0.000
1725522057,0.416,0.000
1725522057,0.318,0.000
1725522057,0.295,0.000
1725522057,0.346,0.000
1725522057,0.225,0.000
1725522057,0.418,0.000
1725522057,0.447,0.000
1725522057,0.446,0.000
1725522057,0.321,0.000
1725522057,0.693,0.000
1725522057,0.373,0.000
1725522057,0.467,0.000
1725522057,0.467,0.000
1725522057,0.388,0.000
1725522057,0.317,0.000
1725522057,0.294,0.000
1725522057,0.446,0.000
1725522057,0.274,0.000
1725522057,0.606,0.000
1725522057,0.503,0.000
1725522057,0.449,0.000
1725522057,0.330,0.000
1725522057,0.384,0.000
1725522057,0.536,0.000
1725522057,0.339,0.000
1725522057,0.460,0.000
1725522057,0.251,0.000
1725522057,0.309,0.000
1725522057,0.433,0.000
1725522057,0.404,0.000
1725522057,0.347,0.000
1725522057,0.324,0.000
1725522057,0.435,0.000
1725522057,0.316,0.000
1725522057,0.289,0.000
1725522057,0.335,0.000
1725522057,0.401,0.000
1725522057,0.300,0.000
1725522057,0.346,0.000
1725522057,0.260,0.000
1725522058,0.375,0.000
1725522058,0.873,0.000
1725522058,0.371,0.000
1725522058,0.335,0.000
1725522058,0.389,0.000
1725522058,0.331,0.000
1725522058,0.339,0.000
1725522058,0.304,0.000
1725522058,0.374,0.000
1725522058,0.311,0.000
1725522058,0.340,0.000
1725522058,0.365,0.000
1725522058,0.327,0.000
1725522058,0.312,0.000
1725522058,0.332,0.000
1725522058,0.328,0.000
1725522058,0.351,0.000
1725522058,0.361,0.000
1725522058,0.394,0.000
1725522058,0.427,0.000
1725522058,0.383,0.000
1725522058,0.340,0.000
1725522058,0.464,0.000
1725522058,0.324,0.000
1725522058,0.416,0.000
1725522058,0.292,0.000
1725522058,0.361,0.000
1725522058,0.244,0.000
1725522058,0.347,0.000
1725522058,0.482,0.000
1725522058,0.374,0.000
1725522058,0.546,0.000
1725522058,0.326,0.000
1725522058,0.357,0.000
1725522058,0.339,0.000
1725522058,0.321,0.000
1725522058,0.315,0.000
1725522058,0.382,0.000
1725522058,0.389,0.000
1725522058,0.371,0.000
1725522058,0.358,0.000
1725522058,0.432,0.000
1725522058,0.443,0.000
1725522058,0.406,0.000
1725522058,0.439,0.000
1725522058,0.555,0.000
1725522058,0.291,0.000
1725522058,0.362,0.000
1725522058,0.332,0.000
1725522058,0.365,0.000
1725522058,0.315,0.000
1725522058,0.325,0.000
1725522058,0.432,0.000
1725522058,0.435,0.000
1725522058,0.305,0.000
1725522058,0.424,0.000
1725522058,0.412,0.000
1725522058,0.264,0.000
1725522058,0.320,0.000
1725522058,0.280,0.000
1725522058,0.284,0.000
1725522058,0.310,0.000
1725522058,0.307,0.000
1725522058,0.366,0.000
1725522058,0.320,0.000
1725522058,0.294,0.000
1725522058,0.297,0.000
1725522058,0.365,0.000
1725522058,0.426,0.000
1725522058,0.437,0.000
1725522058,0.367,0.000
1725522058,0.282,0.000
1725522058,0.529,0.000
1725522058,0.318,0.000
1725522058,0.291,0.000
1725522058,0.299,0.000
1725522058,0.272,0.000
1725522058,0.386,0.000
1725522058,0.417,0.000
1725522058,0.343,0.000
1725522058,0.327,0.000
1725522058,0.331,0.000
1725522058,0.310,0.000
1725522058,0.257,0.000
1725522058,0.363,0.000
1725522058,0.434,0.000
1725522058,0.412,0.000
1725522058,0.740,0.000
1725522058,0.332,0.000
1725522058,0.326,0.000
1725522058,0.318,0.000
1725522058,0.328,0.000
1725522058,0.434,0.000
1725522058,0.362,0.000
1725522058,0.242,0.000
1725522058,0.285,0.000
1725522058,0.320,0.000
1725522058,0.229,0.000
1725522058,0.306,0.000
1725522058,0.403,0.000
1725522058,0.379,0.000
1725522058,0.326,0.000
1725522058,0.343,0.000
1725522058,0.356,0.000
1725522058,0.354,0.000
1725522058,0.373,0.000
1725522058,0.208,0.000
1725522058,0.258,0.000
1725522058,0.271,0.000
1725522058,0.278,0.000
1725522058,0.341,0.000
1725522058,0.363,0.000
1725522058,0.273,0.000
1725522058,0.320,0.000
1725522058,0.437,0.000
1725522058,0.320,0.000
1725522058,0.278,0.000
1725522058,0.394,0.000
1725522058,0.308,0.000
1725522058,0.330,0.000
1725522058,0.344,0.000
1725522058,0.472,0.000
1725522058,0.399,0.000
1725522058,0.445,0.000
1725522058,0.304,0.000
1725522058,0.392,0.000
1725522058,0.318,0.000
1725522058,0.461,0.000
1725522058,0.424,0.000
1725522058,0.288,0.000
1725522058,0.551,0.000
1725522058,0.287,0.000
1725522058,0.407,0.000
1725522058,0.339,0.000
1725522058,0.440,0.000
1725522058,0.365,0.000
1725522058,0.289,0.000
1725522058,0.473,0.000
1725522058,0.369,0.000
1725522058,0.388,0.000
1725522058,0.432,0.000
1725522058,0.397,0.000
1725522058,0.303,0.000
1725522058,0.396,0.000
1725522058,0.448,0.000
1725522058,0.255,0.000
1725522058,0.271,0.000
1725522058,0.271,0.000
1725522058,0.459,0.000
1725522058,0.305,0.000
1725522058,0.476,0.000
1725522058,0.260,0.000
1725522058,0.424,0.000
1725522058,0.270,0.000
1725522058,0.379,0.000
1725522058,0.297,0.000
1725522058,0.383,0.000
1725522058,0.280,0.000
1725522058,0.375,0.000
1725522058,0.331,0.000
1725522058,0.376,0.000
1725522058,0.293,0.000
1725522058,0.278,0.000
1725522058,0.349,0.000
1725522058,0.501,0.000
1725522058,0.366,0.000
1725522058,0.429,0.000
1725522058,0.312,0.000
1725522059,0.320,0.000
1725522059,0.398,0.000
1725522059,0.326,0.000
1725522059,0.332,0.000
1725522059,0.282,0.000
1725522059,0.270,0.000
1725522059,0.337,0.000
1725522059,0.385,0.000
1725522059,0.428,0.000
1725522059,0.369,0.000
1725522059,0.418,0.000
1725522059,0.358,0.000
1725522059,0.405,0.000
1725522059,0.270,0.000
1725522059,0.335,0.000
1725522059,0.372,0.000
1725522059,0.573,0.000
1725522059,0.333,0.000
1725522059,0.349,0.000
1725522059,0.376,0.000
1725522059,0.485,0.000
1725522059,0.265,0.000
1725522059,0.327,0.000
1725522059,0.376,0.000
1725522059,0.403,0.000
1725522059,0.304,0.000
1725522059,0.369,0.000
1725522059,0.327,0.000
1725522059,0.296,0.000
1725522059,0.255,0.000
1725522059,0.325,0.000
1725522059,0.302,0.000
1725522059,0.280,0.000
1725522059,0.334,0.000
1725522059,0.384,0.000
1725522059,0.271,0.000
1725522059,0.360,0.000
1725522059,0.408,0.000
1725522059,0.380,0.000
1725522059,0.626,0.000
1725522059,0.299,0.000
1725522059,0.295,0.000
1725522059,0.252,0.000
1725522059,0.246,0.000
1725522059,0.366,0.000
1725522059,0.362,0.000
1725522059,0.336,0.000
1725522059,0.393,0.000
1725522059,0.533,0.000
1725522059,0.316,0.000
1725522059,0.318,0.000
1725522059,0.465,0.000
1725522059,0.258,0.000
1725522059,0.475,0.000
1725522059,0.319,0.000
1725522059,0.363,0.000
1725522059,0.371,0.000
1725522059,0.373,0.000
1725522059,0.276,0.000
1725522059,0.353,0.000
1725522059,0.352,0.000
1725522059,0.317,0.000
1725522059,0.396,0.000
1725522059,0.323,0.000
1725522059,0.519,0.000
1725522059,0.325,0.000
1725522059,0.325,0.000
1725522059,0.259,0.000
1725522059,0.322,0.000
1725522059,0.361,0.000
1725522059,0.374,0.000
1725522059,0.366,0.000
1725522059,0.344,0.000
1725522059,0.411,0.000
1725522059,0.318,0.000
1725522059,0.330,0.000
1725522059,0.397,0.000
1725522059,0.397,0.000
1725522059,0.345,0.000
1725522059,0.327,0.000
1725522059,0.337,0.000
1725522059,0.496,0.000
1725522059,0.232,0.000
1725522059,0.378,0.000
1725522059,0.331,0.000
1725522059,0.295,0.000
1725522059,0.333,0.000
1725522059,0.339,0.000
1725522059,0.391,0.000
1725522059,0.280,0.000
1725522059,0.315,0.000
1725522059,0.485,0.000
1725522059,0.450,0.000
1725522059,0.358,0.000
1725522059,0.313,0.000
1725522059,0.485,0.000
1725522059,0.415,0.000
1725522059,0.243,0.000
1725522059,0.343,0.000
1725522059,0.328,0.000
1725522059,0.308,0.000
1725522059,0.363,0.000
1725522059,0.551,0.000
1725522059,0.306,0.000
1725522059,0.295,0.000
1725522059,0.391,0.000
1725522059,0.836,0.000
1725522059,0.307,0.000
1725522059,0.589,0.000
1725522059,0.416,0.000
1725522059,0.446,0.000
1725522059,0.382,0.000
1725522059,0.273,0.000
1725522059,0.392,0.000
1725522059,0.392,0.000
1725522059,0.309,0.000
1725522059,0.336,0.000
1725522059,0.512,0.000
1725522059,0.310,0.000
1725522059,0.422,0.000
1725522059,0.313,0.000
1725522059,0.472,0.000
1725522059,0.240,0.000
1725522059,0.283,0.000
1725522059,0.320,0.000
1725522059,0.291,0.000
1725522059,0.379,0.000
1725522059,0.323,0.000
1725522059,0.366,0.000
1725522059,0.377,0.000
1725522059,0.414,0.000
1725522059,0.398,0.000
1725522059,0.372,0.000
1725522059,0.450,0.000
1725522059,0.333,0.000
1725522059,0.597,0.000
1725522059,0.448,0.000
1725522059,0.391,0.000
1725522059,0.530,0.000
1725522059,0.390,0.000
1725522059,0.370,0.000
1725522059,0.365,0.000
1725522059,0.340,0.000
1725522059,0.364,0.000
1725522059,0.438,0.000
1725522059,0.303,0.000
1725522059,0.274,0.000
1725522059,0.394,0.000
1725522059,0.388,0.000
1725522059,0.619,0.000
1725522059,0.298,0.000
1725522059,0.279,0.000
1725522059,0.293,0.000
1725522059,0.204,0.000
1725522059,0.312,0.000
1725522059,0.540,0.000
1725522059,0.317,0.000
1725522059,0.398,0.000
1725522059,0.330,0.000
1725522059,0.318,0.000
1725522059,0.287,0.000
1725522059,0.549,0.000
1725522059,0.457,0.000
1725522059,0.278,0.000
1725522059,0.378,0.000
1725522059,0.337,0.000
1725522060,0.228,0.000
1725522060,0.439,0.000
1725522060,0.365,0.000
1725522060,0.412,0.000
1725522060,0.319,0.000
1725522060,0.340,0.000
1725522060,0.442,0.000
1725522060,0.404,0.000
1725522060,0.257,0.000
1725522060,0.324,0.000
1725522060,0.308,0.000
1725522060,0.397,0.000
1725522060,0.666,0.000
1725522060,0.311,0.000
1725522060,0.201,0.000
1725522060,0.321,0.000
1725522060,0.491,0.000
1725522060,0.360,0.000
1725522060,0.312,0.000
1725522060,0.396,0.000
1725522060,0.492,0.000
1725522060,0.352,0.000
1725522060,0.335,0.000
1725522060,0.359,0.000
1725522060,0.368,0.000
1725522060,0.469,0.000
1725522060,0.467,0.000
1725522060,0.391,0.000
1725522060,0.349,0.000
1725522060,0.283,0.000
1725522060,0.280,0.000
1725522060,0.323,0.000
1725522060,0.401,0.000
1725522060,0.278,0.000
1725522060,0.378,0.000
1725522060,0.290,0.000
1725522060,0.577,0.000
1725522060,0.336,0.000
1725522060,0.400,0.000
1725522060,0.470,0.000
1725522060,0.307,0.000
1725522060,0.400,0.000
1725522060,0.366,0.000
1725522060,0.377,0.000
1725522060,0.292,0.000
1725522060,0.317,0.000
1725522060,0.320,0.000
1725522060,0.513,0.000
1725522060,0.377,0.000
1725522060,0.466,0.000
1725522060,0.424,0.000
1725522060,0.405,0.000
1725522060,0.294,0.000
1725522060,0.412,0.000
1725522060,0.290,0.000
1725522060,0.303,0.000
1725522060,0.278,0.000
1725522060,0.404,0.000
1725522060,0.476,0.000
1725522060,0.439,0.000
1725522060,0.482,0.000
1725522060,0.344,0.000
1725522060,0.339,0.000
1725522060,0.412,0.000
1725522060,0.403,0.000
1725522060,0.338,0.000
1725522060,0.332,0.000
1725522060,0.484,0.000
1725522060,0.325,0.000
1725522060,0.584,0.000
1725522060,0.366,0.000
1725522060,0.443,0.000
1725522060,0.330,0.000
1725522060,0.285,0.000
1725522060,0.471,0.000
1725522060,0.230,0.000
1725522060,0.700,0.000
1725522060,0.421,0.000
1725522060,0.316,0.000
1725522060,0.379,0.000
1725522060,0.293,0.000
1725522060,0.615,0.000
1725522060,0.315,0.000
1725522060,0.389,0.000
1725522060,0.314,0.000
1725522060,0.316,0.000
1725522060,0.438,0.000
1725522060,0.284,0.000
1725522060,0.321,0.000
1725522060,0.392,0.000
1725522060,0.574,0.000
1725522060,0.392,0.000
1725522060,0.462,0.000
1725522060,0.300,0.000
1725522060,0.313,0.000
1725522060,0.317,0.000
1725522060,0.498,0.000
1725522060,0.279,0.000
1725522060,0.335,0.000
1725522060,0.235,0.000
1725522060,0.388,0.000
1725522060,0.454,0.000
1725522060,0.382,0.000
1725522060,0.262,0.000
1725522060,0.353,0.000
1725522060,0.408,0.000
1725522060,0.373,0.000
1725522060,0.352,0.000
1725522060,0.291,0.000
1725522060,0.332,0.000
1725522060,0.546,0.000
1725522060,0.315,0.000
1725522060,0.431,0.000
1725522060,0.392,0.000
1725522060,0.310,0.000
1725522060,0.403,0.000
1725522060,0.277,0.000
1725522060,0.352,0.000
1725522060,0.560,0.000
1725522060,0.282,0.000
1725522060,0.414,0.000
1725522060,0.279,0.000
1725522060,0.320,0.000
1725522060,0.262,0.000
1725522060,0.328,0.000
1725522060,0.258,0.000
1725522060,0.380,0.000
1725522060,0.301,0.000
1725522060,0.417,0.000
1725522060,0.252,0.000
1725522060,0.560,0.000
1725522060,0.564,0.000
1725522060,0.358,0.000
1725522060,0.237,0.000
1725522060,0.401,0.000
1725522060,0.420,0.000
1725522060,0.273,0.000
1725522060,0.359,0.000
1725522060,0.326,0.000
1725522060,0.324,0.000
1725522060,0.443,0.000
1725522060,0.324,0.000
1725522060,0.716,0.000
1725522060,0.326,0.000
1725522060,0.361,0.000
1725522060,0.338,0.000
1725522060,0.540,0.000
1725522060,0.320,0.000
1725522060,0.383,0.000
1725522060,0.325,0.000
1725522060,0.456,0.000
1725522060,0.330,0.000
1725522060,0.424,0.000
1725522060,0.302,0.000
1725522060,0.265,0.000
1725522060,0.344,0.000
1725522060,0.327,0.000
1725522060,0.396,0.000
1725522060,0.356,0.000
1725522061,0.364,0.000
1725522061,0.459,0.000
1725522061,0.625,0.000
1725522061,0.232,0.000
1725522061,0.511,0.000
1725522061,0.952,0.000
1725522061,0.441,0.000
1725522061,0.264,0.000
1725522061,0.302,0.000
1725522061,0.273,0.000
1725522061,0.355,0.000
1725522061,0.291,0.000
1725522061,0.300,0.000
1725522061,0.284,0.000
1725522061,0.308,0.000
1725522061,0.385,0.000
1725522061,0.364,0.000
1725522061,0.284,0.000
1725522061,0.475,0.000
1725522061,0.483,0.000
1725522061,0.360,0.000
1725522061,0.393,0.000
1725522061,0.300,0.000
1725522061,0.537,0.000
1725522061,0.366,0.000
1725522061,0.446,0.000
1725522061,0.301,0.000
1725522061,0.394,0.000
1725522061,0.387,0.000
1725522061,0.652,0.000
1725522061,0.318,0.000
1725522061,0.389,0.000
1725522061,0.366,0.000
1725522061,0.280,0.000
1725522061,0.365,0.000
1725522061,0.480,0.000
1725522061,0.335,0.000
1725522061,0.367,0.000
1725522061,0.336,0.000
1725522061,0.326,0.000
1725522061,0.465,0.000
1725522061,0.323,0.000
1725522061,0.450,0.000
1725522061,0.442,0.000
1725522061,0.368,0.000
1725522061,0.364,0.000
1725522061,0.383,0.000
1725522061,0.290,0.000
1725522061,0.356,0.000
1725522061,0.352,0.000
1725522061,0.344,0.000
1725522061,0.402,0.000
1725522061,0.432,0.000
1725522061,0.371,0.000
1725522061,0.466,0.000
1725522061,0.627,0.000
1725522061,0.463,0.000
1725522061,0.301,0.000
1725522061,0.377,0.000
1725522061,0.409,0.000
1725522061,0.520,0.000
1725522061,0.380,0.000
1725522061,0.278,0.000
1725522061,0.316,0.000
1725522061,0.428,0.000
1725522061,0.341,0.000
1725522061,0.253,0.000
1725522061,0.375,0.000
1725522061,0.387,0.000
1725522061,0.331,0.000
1725522061,0.500,0.000
1725522061,0.365,0.000
1725522061,0.349,0.000
1725522061,0.301,0.000
1725522061,0.350,0.000
1725522061,0.315,0.000
1725522061,0.333,0.000
1725522061,0.488,0.000
1725522061,0.379,0.000
1725522061,0.343,0.000
1725522061,0.605,0.000
1725522061,0.314,0.000
1725522061,0.358,0.000
1725522061,0.290,0.000
1725522061,0.411,0.000
1725522061,0.279,0.000
1725522061,0.497,0.000
1725522061,0.353,0.000
1725522061,0.285,0.000
1725522061,0.460,0.000
1725522061,0.276,0.000
1725522061,0.253,0.000
1725522061,0.336,0.000
1725522061,0.568,0.000
1725522061,0.384,0.000
1725522061,0.472,0.000
1725522061,0.284,0.000
1725522061,0.409,0.000
1725522061,0.343,0.000
1725522061,0.262,0.000
1725522061,0.226,0.000
1725522061,0.344,0.000
1725522061,0.442,0.000
1725522061,0.342,0.000
1725522061,0.363,0.000
1725522061,0.314,0.000
1725522061,0.252,0.000
1725522061,0.326,0.000
1725522061,0.304,0.000
1725522061,0.457,0.000
1725522061,0.552,0.000
1725522061,0.263,0.000
1725522061,0.368,0.000
1725522061,0.411,0.000
1725522061,0.378,0.000
1725522061,0.420,0.000
1725522061,0.334,0.000
1725522061,0.281,0.000
1725522061,0.466,0.000
1725522061,0.288,0.000
1725522061,0.329,0.000
1725522061,0.402,0.000
1725522061,0.270,0.000
1725522061,0.278,0.000
1725522061,0.384,0.000
1725522061,0.456,0.000
1725522061,0.281,0.000
1725522061,0.318,0.000
1725522061,0.303,0.000
1725522061,0.294,0.000
1725522061,0.295,0.000
1725522061,0.308,0.000
1725522061,0.359,0.000
1725522061,0.356,0.000
1725522061,0.288,0.000
1725522061,0.322,0.000
1725522061,0.298,0.000
1725522061,0.558,0.000
1725522061,0.319,0.000
1725522061,0.703,0.000
1725522061,0.311,0.000
1725522061,0.315,0.000
1725522061,0.326,0.000
1725522061,0.285,0.000
1725522061,0.418,0.000
1725522061,0.402,0.000
1725522061,0.286,0.000
1725522061,0.337,0.000
1725522061,0.311,0.000
1725522061,0.431,0.000
1725522061,0.407,0.000
1725522061,0.413,0.000
1725522061,0.283,0.000
1725522061,0.366,0.000
1725522061,0.310,0.000
1725522061,0.381,0.000
1725522061,0.299,0.000
1725522061,0.329,0.000
1725522062,0.249,0.000
1725522062,0.523,0.000
1725522062,0.315,0.000
1725522062,0.363,0.000
1725522062,0.313,0.000
1725522062,0.337,0.000
1725522062,0.348,0.000
1725522062,0.322,0.000
1725522062,0.276,0.000
1725522062,0.390,0.000
1725522062,0.918,0.000
1725522062,0.339,0.000
1725522062,0.275,0.000
1725522062,0.425,0.000
1725522062,0.304,0.000
1725522062,0.463,0.000
1725522062,0.548,0.000
1725522062,0.396,0.000
1725522062,0.343,0.000
1725522062,0.359,0.000
1725522062,0.479,0.000
1725522062,0.474,0.000
1725522062,0.431,0.000
1725522062,0.335,0.000
1725522062,0.353,0.000
1725522062,0.319,0.000
1725522062,0.463,0.000
1725522062,0.378,0.000
1725522062,0.262,0.000
1725522062,0.381,0.000
1725522062,0.527,0.000
1725522062,0.250,0.000
1725522062,0.343,0.000
1725522062,0.464,0.000
1725522062,0.252,0.000
1725522062,0.395,0.000
1725522062,0.270,0.000
1725522062,0.601,0.000
1725522062,0.243,0.000
1725522062,0.441,0.000
1725522062,0.300,0.000
1725522062,0.363,0.000
1725522062,0.298,0.000
1725522062,0.349,0.000
1725522062,0.316,0.000
1725522062,0.542,0.000
1725522062,0.366,0.000
1725522062,0.362,0.000
1725522062,0.441,0.000
1725522062,0.536,0.000
1725522062,0.317,0.000
1725522062,0.344,0.000
1725522062,0.365,0.000
1725522062,0.388,0.000
1725522062,0.282,0.000
1725522062,0.309,0.000
1725522062,0.290,0.000
1725522062,0.331,0.000
1725522062,0.381,0.000
1725522062,0.600,0.000
1725522062,0.587,0.000
1725522062,0.294,0.000
1725522062,0.333,0.000
1725522062,0.339,0.000
1725522062,0.233,0.000
1725522062,0.264,0.000
1725522062,0.386,0.000
1725522062,0.369,0.000
1725522062,0.459,0.000
1725522062,0.369,0.000
1725522062,0.352,0.000
1725522062,0.298,0.000
1725522062,0.360,0.000
1725522062,0.357,0.000
1725522062,0.370,0.000
1725522062,0.414,0.000
1725522062,0.384,0.000
1725522062,0.318,0.000
1725522062,0.296,0.000
1725522062,0.402,0.000
1725522062,0.342,0.000
1725522062,0.418,0.000
1725522062,0.296,0.000
1725522062,0.324,0.000
1725522062,0.312,0.000
1725522062,0.258,0.000
1725522062,0.358,0.000
1725522062,0.450,0.000
1725522062,0.451,0.000
1725522062,0.325,0.000
1725522062,0.419,0.000
1725522062,0.642,0.000
1725522062,0.392,0.000
1725522062,0.310,0.000
1725522062,0.296,0.000
1725522062,0.326,0.000
1725522062,0.419,0.000
1725522062,0.558,0.000
1725522062,0.428,0.000
1725522062,0.308,0.000
1725522062,0.347,0.000
1725522062,0.210,0.000
1725522062,0.286,0.000
1725522062,0.380,0.000
1725522062,0.275,0.000
1725522062,0.284,0.000
1725522062,0.327,0.000
1725522062,0.459,0.000
1725522062,0.342,0.000
1725522062,0.289,0.000
1725522062,0.782,0.000
1725522062,0.321,0.000
1725522062,0.310,0.000
1725522062,0.360,0.000
1725522062,0.420,0.000
1725522062,0.316,0.000
1725522062,0.595,0.000
1725522062,0.304,0.000
1725522062,0.549,0.000
1725522062,0.327,0.000
1725522062,0.436,0.000
1725522062,0.707,0.000
1725522062,0.321,0.000
1725522062,0.325,0.000
1725522062,0.321,0.000
1725522062,0.493,0.000
1725522062,0.627,0.000
1725522062,0.282,0.000
1725522062,0.498,0.000
1725522062,0.328,0.000
1725522062,0.263,0.000
1725522062,0.304,0.000
1725522062,0.306,0.000
1725522062,0.331,0.000
1725522062,0.378,0.000
1725522062,0.335,0.000
1725522062,0.286,0.000
1725522062,0.472,0.000
1725522062,0.354,0.000
1725522062,0.357,0.000
1725522062,0.358,0.000
1725522062,0.293,0.000
1725522062,0.358,0.000
1725522062,0.281,0.000
1725522062,0.372,0.000
1725522062,0.246,0.000
1725522062,0.403,0.000
1725522062,0.414,0.000
1725522062,0.284,0.000
1725522062,0.417,0.000
1725522062,0.368,0.000
1725522062,0.332,0.000
1725522062,0.321,0.000
1725522062,0.387,0.000
1725522062,0.260,0.000
1725522062,0.294,0.000
1725522062,0.576,0.000
1725522062,0.368,0.000
1725522062,0.322,0.000
1725522062,0.261,0.000
1725522062,0.299,0.000
1725522062,0.362,0.000
1725522062,0.361,0.000
1725522062,0.299,0.000
1725522062,0.315,0.000
1725522063,0.353,0.000
1725522063,0.348,0.000
1725522063,0.412,0.000
1725522063,0.339,0.000
1725522063,0.369,0.000
1725522063,0.370,0.000
1725522063,0.252,0.000
1725522063,0.574,0.000
1725522063,0.342,0.000
1725522063,0.362,0.000
1725522063,0.453,0.000
1725522063,0.509,0.000
1725522063,0.277,0.000
1725522063,0.392,0.000
1725522063,0.361,0.000
1725522063,0.316,0.000
1725522063,0.272,0.000
1725522063,0.265,0.000
1725522063,0.261,0.000
1725522063,0.396,0.000
1725522063,0.367,0.000
1725522063,0.296,0.000
1725522063,0.283,0.000
1725522063,0.418,0.000
1725522063,0.312,0.000
1725522063,0.351,0.000
1725522063,0.233,0.000
1725522063,0.354,0.000
1725522063,0.389,0.000
1725522063,0.331,0.000
1725522063,0.312,0.000
1725522063,0.322,0.000
1725522063,0.411,0.000
1725522063,0.345,0.000
1725522063,0.376,0.000
1725522063,0.285,0.000
1725522063,0.263,0.000
1725522063,0.282,0.000
1725522063,0.336,0.000
1725522063,0.279,0.000
1725522063,0.361,0.000
1725522063,0.308,0.000
1725522063,0.368,0.000
1725522063,0.437,0.000
1725522063,0.444,0.000
1725522063,0.548,0.000
1725522063,0.360,0.000
1725522063,0.277,0.000
1725522063,0.285,0.000
1725522063,0.289,0.000
1725522063,0.323,0.000
1725522063,0.317,0.000
1725522063,0.492,0.000
1725522063,0.332,0.000
1725522063,0.477,0.000
1725522063,0.508,0.000
1725522063,0.340,0.000
1725522063,0.690,0.000
1725522063,0.234,0.000
1725522063,0.456,0.000
1725522063,0.270,0.000
1725522063,0.249,0.000
1725522063,0.450,0.000
1725522063,0.349,0.000
1725522063,0.319,0.000
1725522063,0.287,0.000
1725522063,0.420,0.000
1725522063,0.493,0.000
1725522063,0.320,0.000
1725522063,0.329,0.000
1725522063,0.488,0.000
1725522063,0.320,0.000
1725522063,0.495,0.000
1725522063,0.412,0.000
1725522063,0.328,0.000
1725522063,0.376,0.000
1725522063,0.382,0.000
1725522063,0.449,0.000
1725522063,0.361,0.000
1725522063,0.438,0.000
1725522063,0.324,0.000
1725522063,0.301,0.000
1725522063,0.277,0.000
1725522063,0.347,0.000
1725522063,0.269,0.000
1725522063,0.374,0.000
1725522063,0.281,0.000
1725522063,0.275,0.000
1725522063,0.434,0.000
1725522063,0.229,0.000
1725522063,0.377,0.000
1725522063,0.267,0.000
1725522063,0.377,0.000
1725522063,0.310,0.000
1725522063,0.374,0.000
1725522063,0.287,0.000
1725522063,0.307,0.000
1725522063,0.488,0.000
1725522063,0.240,0.000
1725522063,0.289,0.000
1725522063,0.391,0.000
1725522063,0.540,0.000
1725522063,0.299,0.000
1725522063,0.486,0.000
1725522063,0.608,0.000
1725522063,0.367,0.000
1725522063,0.436,0.000
1725522063,0.329,0.000
1725522063,0.211,0.000
1725522063,0.681,0.000
1725522063,0.381,0.000
1725522063,0.295,0.000
1725522063,0.372,0.000
1725522063,0.327,0.000
1725522063,0.298,0.000
1725522063,0.291,0.000
1725522063,0.280,0.000
1725522063,0.399,0.000
1725522063,0.241,0.000
1725522063,0.339,0.000
1725522063,0.229,0.000
1725522063,0.308,0.000
1725522063,0.392,0.000
1725522063,0.343,0.000
1725522063,0.355,0.000
1725522063,0.289,0.000
1725522063,0.529,0.000
1725522063,0.317,0.000
1725522063,0.298,0.000
1725522063,0.281,0.000
1725522063,0.421,0.000
1725522063,0.287,0.000
1725522063,0.323,0.000
1725522063,0.413,0.000
1725522063,0.281,0.000
1725522063,0.337,0.000
1725522063,0.306,0.000
1725522063,0.413,0.000
1725522063,0.487,0.000
1725522063,0.266,0.000
1725522063,0.269,0.000
1725522063,0.424,0.000
1725522063,0.374,0.000
1725522063,0.353,0.000
1725522063,0.346,0.000
1725522063,0.337,0.000
1725522063,0.270,0.000
1725522063,0.448,0.000
1725522063,0.525,0.000
1725522063,0.337,0.000
1725522063,0.458,0.000
1725522063,0.433,0.000
1725522063,0.344,0.000
1725522063,0.360,0.000
1725522063,0.532,0.000
1725522063,0.495,0.000
1725522063,0.248,0.000
1725522063,0.284,0.000
1725522063,0.312,0.000
1725522063,0.280,0.000
1725522063,0.314,0.000
1725522063,0.504,0.000
1725522064,0.326,0.000
1725522064,0.707,0.000
1725522064,0.299,0.000
1725522064,0.423,0.000
1725522064,0.399,0.000
1725522064,0.343,0.000
1725522064,0.281,0.000
1725522064,0.373,0.000
1725522064,0.306,0.000
1725522064,0.426,0.000
1725522064,0.311,0.000
1725522064,0.302,0.000
1725522064,0.349,0.000
1725522064,0.336,0.000
1725522064,0.514,0.000
1725522064,0.457,0.000
1725522064,0.352,0.000
1725522064,0.323,0.000
1725522064,0.287,0.000
1725522064,0.335,0.000
1725522064,0.283,0.000
1725522064,0.335,0.000
1725522064,0.448,0.000
1725522064,0.519,0.000
1725522064,0.267,0.000
1725522064,0.286,0.000
1725522064,0.279,0.000
1725522064,0.412,0.000
1725522064,0.357,0.000
1725522064,0.277,0.000
1725522064,0.292,0.000
1725522064,0.434,0.000
1725522064,0.332,0.000
1725522064,0.411,0.000
1725522064,0.320,0.000
1725522064,0.478,0.000
1725522064,0.333,0.000
1725522064,0.417,0.000
1725522064,0.328,0.000
1725522064,0.348,0.000
1725522064,0.296,0.000
1725522064,0.468,0.000
1725522064,0.398,0.000
1725522064,0.352,0.000
1725522064,0.296,0.000
1725522064,0.379,0.000
1725522064,0.272,0.000
1725522064,0.303,0.000
1725522064,0.322,0.000
1725522064,0.496,0.000
1725522064,0.428,0.000
1725522064,0.406,0.000
1725522064,0.444,0.000
1725522064,0.346,0.000
1725522064,0.310,0.000
1725522064,0.356,0.000
1725522064,0.333,0.000
1725522064,0.326,0.000
1725522064,0.222,0.000
1725522064,0.332,0.000
1725522064,0.459,0.000
1725522064,0.350,0.000
1725522064,0.359,0.000
1725522064,0.239,0.000
1725522064,0.352,0.000
1725522064,0.317,0.000
1725522064,0.359,0.000
1725522064,0.298,0.000
1725522064,0.356,0.000
1725522064,0.447,0.000
1725522064,0.784,0.000
1725522064,0.444,0.000
1725522064,0.317,0.000
1725522064,0.513,0.000
1725522064,0.378,0.000
1725522064,0.235,0.000
1725522064,0.465,0.000
1725522064,0.272,0.000
1725522064,0.379,0.000
1725522064,0.405,0.000
1725522064,0.441,0.000
1725522064,0.394,0.000
1725522064,0.306,0.000
1725522064,0.328,0.000
1725522064,0.285,0.000
1725522064,0.406,0.000
1725522064,0.306,0.000
1725522064,0.363,0.000
1725522064,0.301,0.000
1725522064,0.451,0.000
1725522064,0.315,0.000
1725522064,0.330,0.000
1725522064,0.373,0.000
1725522064,0.400,0.000
1725522064,0.376,0.000
1725522064,0.335,0.000
1725522064,0.293,0.000
1725522064,0.381,0.000
1725522064,0.244,0.000
1725522064,0.317,0.000
1725522064,0.327,0.000
1725522064,0.502,0.000
1725522064,0.342,0.000
1725522064,0.268,0.000
1725522064,0.260,0.000
1725522064,0.245,0.000
1725522064,0.328,0.000
1725522064,0.414,0.000
1725522064,0.372,0.000
1725522064,0.329,0.000
1725522064,0.432,0.000
1725522064,0.390,0.000
1725522064,0.322,0.000
1725522064,0.401,0.000
1725522064,0.339,0.000
1725522064,0.288,0.000
1725522064,0.331,0.000
1725522064,0.469,0.000
1725522064,0.340,0.000
1725522064,0.287,0.000
1725522064,0.336,0.000
1725522064,0.307,0.000
1725522064,0.300,0.000
1725522064,0.301,0.000
1725522064,0.273,0.000
1725522064,0.255,0.000
1725522064,0.315,0.000
1725522064,0.405,0.000
1725522064,0.466,0.000
1725522064,0.767,0.000
1725522064,0.422,0.000
1725522064,0.302,0.000
1725522064,0.426,0.000
1725522064,0.297,0.000
1725522064,0.308,0.000
1725522064,0.360,0.000
1725522064,0.405,0.000
1725522064,0.430,0.000
1725522064,0.423,0.000
1725522064,0.286,0.000
1725522064,0.424,0.000
1725522064,0.367,0.000
1725522064,0.248,0.000
1725522064,0.478,0.000
1725522064,0.495,0.000
1725522064,0.472,0.000
1725522064,0.369,0.000
1725522064,0.439,0.000
1725522064,0.456,0.000
1725522064,0.415,0.000
1725522064,0.247,0.000
1725522064,0.301,0.000
1725522064,0.277,0.000
1725522064,0.263,0.000
1725522064,0.336,0.000
1725522064,0.315,0.000
1725522064,0.451,0.000
1725522064,0.637,0.000
1725522064,0.302,0.000
1725522064,0.658,0.000
1725522064,0.396,0.000
1725522064,0.275,0.000
1725522064,0.371,0.000
1725522064,0.338,0.000
1725522064,0.233,0.000
1725522065,0.277,0.000
1725522065,0.328,0.000
1725522065,0.500,0.000
1725522065,0.305,0.000
1725522065,0.373,0.000
1725522065,0.622,0.000
1725522065,0.362,0.000
1725522065,0.281,0.000
1725522065,0.393,0.000
1725522065,0.327,0.000
1725522065,0.357,0.000
1725522065,0.403,0.000
1725522065,0.545,0.000
1725522065,0.489,0.000
1725522065,0.320,0.000
1725522065,0.359,0.000
1725522065,0.323,0.000
1725522065,0.424,0.000
1725522065,0.449,0.000
1725522065,0.445,0.000
1725522065,0.429,0.000
1725522065,0.331,0.000
1725522065,0.369,0.000
1725522065,0.275,0.000
1725522065,0.344,0.000
1725522065,0.398,0.000
1725522065,0.313,0.000
1725522065,0.481,0.000
1725522065,0.379,0.000
1725522065,0.402,0.000
1725522065,0.275,0.000
1725522065,0.340,0.000
1725522065,0.304,0.000
1725522065,0.310,0.000
1725522065,0.345,0.000
1725522065,0.464,0.000
1725522065,0.251,0.000
1725522065,0.364,0.000
1725522065,0.321,0.000
1725522065,0.357,0.000
1725522065,0.344,0.000
1725522065,0.352,0.000
1725522065,0.360,0.000
1725522065,0.317,0.000
1725522065,0.445,0.000
1725522065,0.499,0.000
1725522065,0.413,0.000
1725522065,0.541,0.000
1725522065,0.349,0.000
1725522065,0.355,0.000
1725522065,0.310,0.000
1725522065,0.296,0.000
1725522065,0.378,0.000
1725522065,0.355,0.000
1725522065,0.380,0.000
1725522065,0.324,0.000
1725522065,0.366,0.000
1725522065,0.601,0.000
1725522065,0.335,0.000
1725522065,0.280,0.000
1725522065,0.283,0.000
1725522065,0.472,0.000
1725522065,0.529,0.000
1725522065,0.327,0.000
1725522065,0.335,0.000
1725522065,0.448,0.000
1725522065,0.362,0.000
1725522065,0.328,0.000
1725522065,0.346,0.000
1725522065,0.398,0.000
1725522065,0.282,0.000
1725522065,0.334,0.000
1725522065,0.384,0.000
1725522065,0.368,0.000
1725522065,0.345,0.000
1725522065,0.285,0.000
1725522065,0.378,0.000
1725522065,0.288,0.000
1725522065,0.364,0.000
1725522065,0.328,0.000
1725522065,0.345,0.000
1725522065,0.379,0.000
1725522065,0.323,0.000
1725522065,0.359,0.000
1725522065,0.349,0.000
1725522065,0.360,0.000
1725522065,0.339,0.000
1725522065,0.359,0.000
1725522065,0.428,0.000
1725522065,0.275,0.000
1725522065,0.319,0.000
1725522065,0.313,0.000
1725522065,0.397,0.000
1725522065,0.319,0.000
1725522065,0.541,0.000
1725522065,0.348,0.000
1725522065,0.298,0.000
1725522065,0.335,0.000
1725522065,0.285,0.000
1725522065,0.311,0.000
1725522065,0.874,0.000
1725522065,0.271,0.000
1725522065,0.313,0.000
1725522065,0.440,0.000
1725522065,0.242,0.000
1725522065,0.300,0.000
1725522065,0.356,0.000
1725522065,0.450,0.000
1725522065,0.464,0.000
1725522065,0.828,0.000
1725522065,0.318,0.000
1725522065,0.384,0.000
1725522065,0.297,0.000
1725522065,0.338,0.000
1725522065,0.680,0.000
1725522065,0.357,0.000
1725522065,0.442,0.000
1725522065,0.422,0.000
1725522065,0.432,0.000
1725522065,0.550,0.000
1725522065,0.503,0.000
1725522065,0.378,0.000
1725522065,0.408,0.000
1725522065,0.268,0.000
1725522065,0.417,0.000
1725522065,0.272,0.000
1725522065,0.308,0.000
1725522065,0.468,0.000
1725522065,0.330,0.000
1725522065,0.398,0.000
1725522065,0.365,0.000
1725522065,0.309,0.000
1725522065,0.397,0.000
1725522065,0.322,0.000
1725522065,0.376,0.000
1725522065,0.443,0.000
1725522065,0.318,0.000
1725522065,0.369,0.000
1725522065,0.355,0.000
1725522065,0.341,0.000
1725522065,0.351,0.000
1725522065,0.357,0.000
1725522065,0.281,0.000
1725522065,0.461,0.000
1725522065,0.354,0.000
1725522065,0.246,0.000
1725522065,0.299,0.000
1725522065,0.443,0.000
1725522065,0.308,0.000
1725522065,0.285,0.000
1725522065,0.470,0.000
1725522065,0.286,0.000
1725522065,0.374,0.000
1725522065,0.310,0.000
1725522065,0.277,0.000
1725522065,0.541,0.000
1725522065,0.403,0.000
1725522065,0.276,0.000
1725522065,0.324,0.000
1725522065,0.390,0.000
1725522065,0.229,0.000
1725522066,0.295,0.000
1725522066,0.310,0.000
1725522066,0.278,0.000
1725522066,0.456,0.000
1725522066,0.213,0.000
1725522066,0.366,0.000
1725522066,0.403,0.000
1725522066,0.307,0.000
1725522066,0.374,0.000
1725522066,0.386,0.000
1725522066,0.374,0.000
1725522066,0.429,0.000
1725522066,0.339,0.000
1725522066,0.277,0.000
1725522066,0.391,0.000
1725522066,0.424,0.000
1725522066,0.297,0.000
1725522066,0.291,0.000
1725522066,0.325,0.000
1725522066,0.418,0.000
1725522066,0.407,0.000
1725522066,0.360,0.000
1725522066,0.325,0.000
1725522066,0.301,0.000
1725522066,0.306,0.000
1725522066,0.308,0.000
1725522066,0.536,0.000
1725522066,0.313,0.000
1725522066,0.355,0.000
1725522066,0.313,0.000
1725522066,0.294,0.000
1725522066,0.335,0.000
1725522066,0.437,0.000
1725522066,0.353,0.000
1725522066,0.293,0.000
1725522066,0.285,0.000
1725522066,0.475,0.000
1725522066,0.307,0.000
1725522066,0.349,0.000
1725522066,0.384,0.000
1725522066,0.497,0.000
1725522066,0.376,0.000
1725522066,0.530,0.000
1725522066,0.366,0.000
1725522066,0.299,0.000
1725522066,0.213,0.000
1725522066,0.338,0.000
1725522066,0.298,0.000
1725522066,0.423,0.000
1725522066,0.467,0.000
1725522066,0.243,0.000
1725522066,0.244,0.000
1725522066,0.586,0.000
1725522066,0.427,0.000
1725522066,0.348,0.000
1725522066,0.300,0.000
1725522066,0.410,0.000
1725522066,1.051,0.000
1725522066,0.265,0.000
1725522066,0.275,0.000
1725522066,0.250,0.000
1725522066,0.243,0.000
1725522066,0.276,0.000
1725522066,0.398,0.000
1725522066,0.344,0.000
1725522066,0.480,0.000
1725522066,0.311,0.000
1725522066,0.469,0.000
1725522066,0.317,0.000
1725522066,0.305,0.000
1725522066,0.328,0.000
1725522066,0.355,0.000
1725522066,0.316,0.000
1725522066,0.557,0.000
1725522066,0.251,0.000
1725522066,0.311,0.000
1725522066,0.755,0.000
1725522066,0.303,0.000
1725522066,0.353,0.000
1725522066,0.690,0.000
1725522066,0.343,0.000
1725522066,0.278,0.000
1725522066,0.395,0.000
1725522066,0.461,0.000
1725522066,0.388,0.000
1725522066,0.394,0.000
1725522066,0.765,0.000
1725522066,0.387,0.000
1725522066,0.436,0.000
1725522066,0.452,0.000
1725522066,0.342,0.000
1725522066,0.361,0.000
1725522066,0.351,0.000
1725522066,0.459,0.000
1725522066,0.302,0.000
1725522066,0.296,0.000
1725522066,0.346,0.000
1725522066,0.375,0.000
1725522066,0.447,0.000
1725522066,0.347,0.000
1725522066,0.392,0.000
1725522066,0.298,0.000
1725522066,0.300,0.000
1725522066,0.420,0.000
1725522066,0.311,0.000
1725522066,0.363,0.000
1725522066,0.578,0.000
1725522066,0.408,0.000
1725522066,0.282,0.000
1725522066,0.357,0.000
1725522066,0.279,0.000
1725522066,0.285,0.000
1725522066,0.315,0.000
1725522066,0.326,0.000
1725522066,0.292,0.000
1725522066,0.445,0.000
1725522066,0.387,0.000
1725522066,0.299,0.000
1725522066,0.358,0.000
1725522066,0.279,0.000
1725522066,0.324,0.000
1725522066,0.422,0.000
1725522066,0.417,0.000
1725522066,0.326,0.000
1725522066,0.303,0.000
1725522066,0.319,0.000
1725522066,0.276,0.000
1725522066,0.297,0.000
1725522066,0.302,0.000
1725522066,0.314,0.000
1725522066,0.455,0.000
1725522066,0.467,0.000
1725522066,0.541,0.000
1725522066,0.288,0.000
1725522066,0.327,0.000
1725522066,0.316,0.000
1725522066,0.382,0.000
1725522066,0.364,0.000
1725522066,0.339,0.000
1725522066,0.405,0.000
1725522066,0.288,0.000
1725522066,0.463,0.000
1725522066,0.388,0.000
1725522066,0.333,0.000
1725522066,0.299,0.000
1725522066,0.315,0.000
1725522066,0.535,0.000
1725522066,0.378,0.000
1725522066,0.213,0.000
1725522066,0.275,0.000
1725522066,0.287,0.000
1725522066,0.419,0.000
1725522066,0.330,0.000
1725522066,0.303,0.000
1725522066,0.374,0.000
1725522066,0.435,0.000
1725522066,0.310,0.000
1725522066,0.483,0.000
1725522066,0.389,0.000
1725522066,0.470,0.000
1725522066,0.340,0.000
1725522066,0.337,0.000
1725522066,0.362,0.000
1725522067,0.399,0.000
1725522067,0.316,0.000
1725522067,0.342,0.000
1725522067,0.457,0.000
1725522067,0.420,0.000
1725522067,0.479,0.000
1725522067,0.263,0.000
1725522067,0.382,0.000
1725522067,0.329,0.000
1725522067,0.387,0.000
1725522067,0.356,0.000
1725522067,0.305,0.000
1725522067,0.349,0.000
1725522067,0.419,0.000
1725522067,0.308,0.000
1725522067,0.588,0.000
1725522067,0.617,0.000
1725522067,0.344,0.000
1725522067,0.451,0.000
1725522067,0.385,0.000
1725522067,0.308,0.000
1725522067,0.363,0.000
1725522067,0.351,0.000
1725522067,0.235,0.000
1725522067,0.363,0.000
1725522067,0.310,0.000
1725522067,0.310,0.000
1725522067,0.328,0.000
1725522067,0.430,0.000
1725522067,0.256,0.000
1725522067,0.352,0.000
1725522067,0.292,0.000
1725522067,0.407,0.000
1725522067,0.370,0.000
1725522067,0.296,0.000
1725522067,0.302,0.000
1725522067,0.298,0.000
1725522067,0.411,0.000
1725522067,0.505,0.000
1725522067,0.387,0.000
1725522067,0.526,0.000
1725522067,0.456,0.000
1725522067,0.302,0.000
1725522067,0.306,0.000
1725522067,0.470,0.000
1725522067,0.345,0.000
1725522067,0.422,0.000
1725522067,0.356,0.000
1725522067,0.343,0.000
1725522067,0.347,0.000
1725522067,0.317,0.000
1725522067,0.260,0.000
1725522067,0.300,0.000
1725522067,0.266,0.000
1725522067,0.309,0.000
1725522067,0.328,0.000
1725522067,0.302,0.000
1725522067,0.322,0.000
1725522067,0.297,0.000
1725522067,0.478,0.000
1725522067,0.308,0.000
1725522067,0.506,0.000
1725522067,0.273,0.000
1725522067,0.346,0.000
1725522067,0.377,0.000
1725522067,0.323,0.000
1725522067,0.236,0.000
1725522067,0.366,0.000
1725522067,0.307,0.000
1725522067,0.646,0.000
1725522067,0.375,0.000
1725522067,0.378,0.000
1725522067,0.542,0.000
1725522067,0.285,0.000
1725522067,0.482,0.000
1725522067,0.589,0.000
1725522067,0.244,0.000
1725522067,0.324,0.000
1725522067,0.336,0.000
1725522067,0.310,0.000
1725522067,0.349,0.000
1725522067,0.286,0.000
1725522067,0.384,0.000
1725522067,0.301,0.000
1725522067,0.504,0.000
1725522067,0.348,0.000
1725522067,0.248,0.000
1725522067,0.346,0.000
1725522067,0.319,0.000
1725522067,0.343,0.000
1725522067,0.509,0.000
1725522067,0.249,0.000
1725522067,0.408,0.000
1725522067,0.370,0.000
1725522067,0.256,0.000
1725522067,0.316,0.000
1725522067,0.379,0.000
1725522067,0.244,0.000
1725522067,0.516,0.000
1725522067,0.262,0.000
1725522067,0.302,0.000
1725522067,0.576,0.000
1725522067,0.365,0.000
1725522067,0.269,0.000
1725522067,0.527,0.000
1725522067,0.431,0.000
1725522067,0.287,0.000
1725522067,0.294,0.000
1725522067,0.346,0.000
1725522067,0.341,0.000
1725522067,0.352,0.000
1725522067,0.525,0.000
1725522067,0.186,0.000
1725522067,0.361,0.000
1725522067,0.336,0.000
1725522067,0.370,0.000
1725522067,0.414,0.000
1725522067,0.321,0.000
1725522067,0.283,0.000
1725522067,0.337,0.000
1725522067,0.546,0.000
1725522067,0.355,0.000
1725522067,0.361,0.000
1725522067,0.480,0.000
1725522067,0.518,0.000
1725522067,0.272,0.000
1725522067,0.336,0.000
1725522067,0.488,0.000
1725522067,0.291,0.000
1725522067,0.424,0.000
1725522067,0.317,0.000
1725522067,0.258,0.000
1725522067,0.467,0.000
1725522067,0.416,0.000
1725522067,0.405,0.000
1725522067,0.388,0.000
1725522067,0.367,0.000
1725522067,0.312,0.000
1725522067,0.334,0.000
1725522067,0.278,0.000
1725522067,0.383,0.000
1725522067,0.414,0.000
1725522067,0.277,0.000
1725522067,0.275,0.000
1725522067,0.320,0.000
1725522067,0.246,0.000
1725522067,0.260,0.000
1725522067,0.325,0.000
1725522067,0.461,0.000
1725522067,0.311,0.000
1725522067,0.329,0.000
1725522067,0.460,0.000
1725522067,0.262,0.000
1725522067,0.374,0.000
1725522067,0.272,0.000
1725522067,0.449,0.000
1725522067,0.304,0.000
1725522067,0.322,0.000
1725522067,0.361,0.000
1725522067,0.525,0.000
1725522067,0.316,0.000
1725522067,0.375,0.000
1725522067,0.346,0.000
1725522068,0.298,0.000
1725522068,0.299,0.000
1725522068,0.288,0.000
1725522068,0.247,0.000
1725522068,0.287,0.000
1725522068,0.324,0.000
1725522068,0.398,0.000
1725522068,0.345,0.000
1725522068,0.299,0.000
1725522068,0.600,0.000
1725522068,0.479,0.000
1725522068,0.359,0.000
1725522068,0.332,0.000
1725522068,0.311,0.000
1725522068,0.428,0.000
1725522068,0.263,0.000
1725522068,0.351,0.000
1725522068,0.617,0.000
1725522068,0.360,0.000
1725522068,0.612,0.000
1725522068,0.222,0.000
1725522068,0.229,0.000
1725522068,0.325,0.000
1725522068,0.334,0.000
1725522068,0.239,0.000
1725522068,0.270,0.000
1725522068,0.297,0.000
1725522068,0.442,0.000
1725522068,0.467,0.000
1725522068,0.490,0.000
1725522068,0.296,0.000
1725522068,0.575,0.000
1725522068,0.648,0.000
1725522068,0.514,0.000
1725522068,0.395,0.000
1725522068,0.339,0.000
1725522068,0.346,0.000
1725522068,0.296,0.000
1725522068,0.286,0.000
1725522068,0.275,0.000
1725522068,0.451,0.000
1725522068,0.282,0.000
1725522068,0.301,0.000
1725522068,0.509,0.000
1725522068,0.387,0.000
1725522068,0.300,0.000
1725522068,0.459,0.000
1725522068,0.365,0.000
1725522068,0.311,0.000
1725522068,0.292,0.000
1725522068,0.298,0.000
1725522068,0.282,0.000
1725522068,0.312,0.000
1725522068,0.425,0.000
1725522068,0.368,0.000
1725522068,0.385,0.000
1725522068,0.331,0.000
1725522068,0.444,0.000
1725522068,0.328,0.000
1725522068,0.268,0.000
1725522068,0.323,0.000
1725522068,0.291,0.000
1725522068,0.260,0.000
1725522068,0.353,0.000
1725522068,0.460,0.000
1725522068,0.373,0.000
1725522068,0.343,0.000
1725522068,0.395,0.000
1725522068,0.403,0.000
1725522068,0.347,0.000
1725522068,0.370,0.000
1725522068,0.334,0.000
1725522068,0.340,0.000
1725522068,0.252,0.000
1725522068,0.368,0.000
1725522068,0.302,0.000
1725522068,0.295,0.000
1725522068,0.263,0.000
1725522068,0.336,0.000
1725522068,0.368,0.000
1725522068,0.533,0.000
1725522068,0.486,0.000
1725522068,0.334,0.000
1725522068,0.361,0.000
1725522068,0.304,0.000
1725522068,0.361,0.000
1725522068,0.304,0.000
1725522068,0.386,0.000
1725522068,0.448,0.000
1725522068,0.362,0.000
1725522068,0.330,0.000
1725522068,0.400,0.000
1725522068,0.234,0.000
1725522068,0.328,0.000
1725522068,0.266,0.000
1725522068,0.311,0.000
1725522068,0.534,0.000
1725522068,0.344,0.000
1725522068,0.292,0.000
1725522068,0.410,0.000
1725522068,0.452,0.000
1725522068,1.195,0.000
1725522068,0.299,0.000
1725522068,0.380,0.000
1725522068,0.438,0.000
1725522068,0.306,0.000
1725522068,0.989,0.000
1725522068,0.334,0.000
1725522068,0.933,0.000
1725522068,0.684,0.000
1725522068,0.605,0.000
1725522068,0.288,0.000
1725522068,0.345,0.000
1725522068,0.329,0.000
1725522068,0.397,0.000
1725522068,0.285,0.000
1725522068,0.311,0.000
1725522068,0.339,0.000
1725522068,0.243,0.000
1725522068,0.323,0.000
1725522068,0.544,0.000
1725522068,0.366,0.000
1725522068,0.274,0.000
1725522068,0.316,0.000
1725522068,0.667,0.000
1725522068,0.346,0.000
1725522068,0.313,0.000
1725522068,0.301,0.000
1725522068,0.276,0.000
1725522068,0.506,0.000
1725522068,0.263,0.000
1725522068,0.330,0.000
1725522068,0.531,0.000
1725522068,0.245,0.000
1725522068,0.350,0.000
1725522068,0.293,0.000
1725522068,0.439,0.000
1725522068,0.300,0.000
1725522068,0.379,0.000
1725522068,0.285,0.000
1725522068,0.284,0.000
1725522068,0.408,0.000
1725522068,0.435,0.000
1725522068,0.311,0.000
1725522068,0.446,0.000
1725522068,0.378,0.000
1725522068,0.352,0.000
1725522068,0.380,0.000
1725522068,0.310,0.000
1725522068,0.516,0.000
1725522068,0.320,0.000
1725522068,0.310,0.000
1725522068,0.312,0.000
1725522068,0.342,0.000
1725522068,0.277,0.000
1725522068,0.326,0.000
1725522068,0.440,0.000
1725522068,0.351,0.000
1725522068,0.339,0.000
1725522068,0.483,0.000
1725522068,0.311,0.000
1725522068,0.360,0.000
1725522068,0.383,0.000
1725522068,0.377,0.000
1725522068,0.326,0.000
1725522069,0.310,0.000
1725522069,0.357,0.000
1725522069,0.355,0.000
1725522069,0.372,0.000
1725522069,0.397,0.000
1725522069,0.480,0.000
1725522069,0.307,0.000
1725522069,0.464,0.000
1725522069,0.264,0.000
1725522069,0.293,0.000
1725522069,0.403,0.000
1725522069,0.343,0.000
1725522069,0.263,0.000
1725522069,0.262,0.000
1725522069,0.266,0.000
1725522069,0.268,0.000
1725522069,0.508,0.000
1725522069,0.455,0.000
1725522069,0.265,0.000
1725522069,0.421,0.000
1725522069,0.342,0.000
1725522069,0.507,0.000
1725522069,0.265,0.000
1725522069,0.342,0.000
1725522069,0.351,0.000
1725522069,0.377,0.000
1725522069,0.371,0.000
1725522069,0.230,0.000
1725522069,0.369,0.000
1725522069,0.299,0.000
1725522069,0.364,0.000
1725522069,0.309,0.000
1725522069,0.249,0.000
1725522069,0.300,0.000
1725522069,0.309,0.000
1725522069,0.327,0.000
1725522069,0.304,0.000
1725522069,0.310,0.000
1725522069,0.505,0.000
1725522069,0.380,0.000
1725522069,0.351,0.000
1725522069,0.353,0.000
1725522069,0.339,0.000
1725522069,0.379,0.000
1725522069,0.684,0.000
1725522069,0.397,0.000
1725522069,0.347,0.000
1725522069,0.338,0.000
1725522069,0.244,0.000
1725522069,0.326,0.000
1725522069,0.404,0.000
1725522069,0.272,0.000
1725522069,0.280,0.000
1725522069,0.288,0.000
1725522069,0.294,0.000
1725522069,0.327,0.000
1725522069,0.297,0.000
1725522069,0.378,0.000
1725522069,0.247,0.000
1725522069,0.371,0.000
1725522069,0.699,0.000
1725522069,0.345,0.000
1725522069,0.305,0.000
1725522069,0.530,0.000
1725522069,0.395,0.000
1725522069,0.317,0.000
1725522069,0.304,0.000
1725522069,0.361,0.000
1725522069,0.338,0.000
1725522069,0.290,0.000
1725522069,0.329,0.000
1725522069,0.514,0.000
1725522069,0.428,0.000
1725522069,0.276,0.000
1725522069,0.256,0.000
1725522069,0.267,0.000
1725522069,0.314,0.000
1725522069,0.284,0.000
1725522069,0.306,0.000
1725522069,0.272,0.000
1725522069,0.463,0.000
1725522069,0.296,0.000
1725522069,0.339,0.000
1725522069,0.293,0.000
1725522069,0.387,0.000
1725522069,0.251,0.000
1725522069,0.520,0.000
1725522069,0.388,0.000
1725522069,0.337,0.000
1725522069,0.311,0.000
1725522069,0.342,0.000
1725522069,0.333,0.000
1725522069,0.445,0.000
1725522069,0.272,0.000
1725522069,0.594,0.000
1725522069,0.422,0.000
1725522069,0.421,0.000
1725522069,0.312,0.000
1725522069,0.240,0.000
1725522069,0.233,0.000
1725522069,0.277,0.000
1725522069,0.547,0.000
1725522069,0.282,0.000
1725522069,0.376,0.000
1725522069,0.328,0.000
1725522069,0.514,0.000
1725522069,0.374,0.000
1725522069,0.317,0.000
1725522069,0.316,0.000
1725522069,0.280,0.000
1725522069,0.320,0.000
1725522069,0.353,0.000
1725522069,0.297,0.000
1725522069,0.334,0.000
1725522069,0.359,0.000
1725522069,0.306,0.000
1725522069,0.309,0.000
1725522069,0.314,0.000
1725522069,0.312,0.000
1725522069,0.358,0.000
1725522069,0.294,0.000
1725522069,0.322,0.000
1725522069,0.292,0.000
1725522069,0.254,0.000
1725522069,0.398,0.000
1725522069,0.386,0.000
1725522069,0.318,0.000
1725522069,0.380,0.000
1725522069,0.505,0.000
1725522069,0.349,0.000
1725522069,0.422,0.000
1725522069,0.295,0.000
1725522069,0.300,0.000
1725522069,0.306,0.000
1725522069,0.278,0.000
1725522069,0.321,0.000
1725522069,0.327,0.000
1725522069,0.281,0.000
1725522069,0.257,0.000
1725522069,0.298,0.000
1725522069,0.338,0.000
1725522069,0.341,0.000
1725522069,0.307,0.000
1725522069,0.356,0.000
1725522069,0.327,0.000
1725522069,0.485,0.000
1725522069,0.388,0.000
1725522069,0.366,0.000
1725522069,0.401,0.000
1725522069,0.376,0.000
1725522069,0.356,0.000
1725522069,0.412,0.000
1725522069,0.402,0.000
1725522069,0.388,0.000
1725522069,0.324,0.000
1725522069,0.415,0.000
1725522069,0.320,0.000
1725522069,0.292,0.000
1725522069,0.274,0.000
1725522069,0.329,0.000
1725522069,0.296,0.000
1725522069,1.016,0.000
1725522069,0.625,0.000
1725522069,0.312,0.000
1725522069,0.275,0.000
1725522069,0.283,0.000
1725522069,0.360,0.000
1725522069,0.320,0.000
1725522070,0.261,0.000
1725522070,0.362,0.000
1725522070,0.340,0.000
1725522070,0.322,0.000
1725522070,0.727,0.000
1725522070,0.378,0.000
1725522070,0.324,0.000
1725522070,0.448,0.000
1725522070,0.345,0.000
1725522070,0.336,0.000
1725522070,0.330,0.000
1725522070,0.365,0.000
1725522070,0.404,0.000
1725522070,0.252,0.000
1725522070,0.379,0.000
1725522070,0.433,0.000
1725522070,0.274,0.000
1725522070,0.358,0.000
1725522070,0.380,0.000
1725522070,0.387,0.000
1725522070,0.330,0.000
1725522070,0.295,0.000
1725522070,0.735,0.000
1725522070,0.317,0.000
1725522070,0.293,0.000
1725522070,0.386,0.000
1725522070,0.356,0.000
1725522070,0.565,0.000
1725522070,0.352,0.000
1725522070,0.374,0.000
1725522070,0.345,0.000
1725522070,0.303,0.000
1725522070,0.386,0.000
1725522070,0.307,0.000
1725522070,0.405,0.000
1725522070,0.289,0.000
1725522070,0.359,0.000
1725522070,0.371,0.000
1725522070,0.294,0.000
1725522070,0.258,0.000
1725522070,0.288,0.000
1725522070,0.339,0.000
1725522070,0.303,0.000
1725522070,0.293,0.000
1725522070,0.490,0.000
1725522070,0.417,0.000
1725522070,0.406,0.000
1725522070,0.318,0.000
1725522070,0.301,0.000
1725522070,0.304,0.000
1725522070,0.274,0.000
1725522070,0.274,0.000
1725522070,0.388,0.000
1725522070,0.378,0.000
1725522070,0.350,0.000
1725522070,0.329,0.000
1725522070,0.284,0.000
1725522070,0.340,0.000
1725522070,0.412,0.000
1725522070,0.908,0.000
1725522070,0.500,0.000
1725522070,0.237,0.000
1725522070,0.318,0.000
1725522070,0.712,0.000
1725522070,0.326,0.000
1725522070,0.341,0.000
1725522070,0.354,0.000
1725522070,0.442,0.000
1725522070,0.309,0.000
1725522070,0.489,0.000
1725522070,0.335,0.000
1725522070,0.511,0.000
1725522070,0.346,0.000
1725522070,0.393,0.000
1725522070,0.355,0.000
1725522070,0.337,0.000
1725522070,0.258,0.000
1725522070,0.296,0.000
1725522070,0.327,0.000
1725522070,0.301,0.000
1725522070,0.359,0.000
1725522070,0.293,0.000
1725522070,0.448,0.000
1725522070,0.377,0.000
1725522070,0.427,0.000
1725522070,0.293,0.000
1725522070,0.266,0.000
1725522070,0.379,0.000
1725522070,0.451,0.000
1725522070,0.591,0.000
1725522070,0.332,0.000
1725522070,0.304,0.000
1725522070,0.337,0.000
1725522070,0.284,0.000
1725522070,0.314,0.000
1725522070,0.326,0.000
1725522070,0.356,0.000
1725522070,0.281,0.000
1725522070,0.285,0.000
1725522070,0.632,0.000
1725522070,0.311,0.000
1725522070,0.321,0.000
1725522070,0.305,0.000
1725522070,0.294,0.000
1725522070,0.351,0.000
1725522070,0.318,0.000
1725522070,0.618,0.000
1725522070,0.322,0.000
1725522070,0.298,0.000
1725522070,0.308,0.000
1725522070,0.398,0.000
1725522070,0.285,0.000
1725522070,0.280,0.000
1725522070,0.312,0.000
1725522070,0.327,0.000
1725522070,0.350,0.000
1725522070,0.761,0.000
1725522070,0.371,0.000
1725522070,0.311,0.000
1725522070,0.503,0.000
1725522070,0.990,0.000
1725522070,0.315,0.000
1725522070,0.283,0.000
1725522070,0.374,0.000
1725522070,0.315,0.000
1725522070,0.288,0.000
1725522070,0.367,0.000
1725522070,0.337,0.000
1725522070,0.240,0.000
1725522070,0.337,0.000
1725522070,0.285,0.000
1725522070,0.298,0.000
1725522070,0.361,0.000
1725522070,0.253,0.000
1725522070,0.318,0.000
1725522070,0.288,0.000
1725522070,0.241,0.000
1725522070,0.412,0.000
1725522070,0.325,0.000
1725522070,0.398,0.000
1725522070,0.299,0.000
1725522070,0.260,0.000
1725522070,0.263,0.000
1725522070,0.306,0.000
1725522070,0.286,0.000
1725522070,0.354,0.000
1725522070,0.321,0.000
1725522070,0.479,0.000
1725522070,0.308,0.000
1725522070,0.290,0.000
1725522070,0.480,0.000
1725522070,0.262,0.000
1725522070,0.297,0.000
1725522070,0.280,0.000
1725522070,0.294,0.000
1725522070,0.556,0.000
1725522070,0.311,0.000
1725522070,0.328,0.000
1725522070,0.312,0.000
1725522070,0.353,0.000
1725522070,0.327,0.000
1725522070,0.379,0.000
1725522070,0.342,0.000
1725522070,0.277,0.000
1725522070,0.318,0.000
1725522071,0.622,0.000
1725522071,0.292,0.000
1725522071,0.517,0.000
1725522071,0.273,0.000
1725522071,0.341,0.000
1725522071,0.301,0.000
1725522071,0.336,0.000
1725522071,0.301,0.000
1725522071,0.309,0.000
1725522071,0.366,0.000
1725522071,0.301,0.000
1725522071,0.517,0.000
1725522071,0.500,0.000
1725522071,0.336,0.000
1725522071,0.331,0.000
1725522071,0.378,0.000
1725522071,0.368,0.000
1725522071,0.299,0.000
1725522071,0.310,0.000
1725522071,0.394,0.000
1725522071,0.360,0.000
1725522071,0.266,0.000
1725522071,0.341,0.000
1725522071,0.221,0.000
1725522071,0.325,0.000
1725522071,0.366,0.000
1725522071,0.300,0.000
1725522071,0.603,0.000
1725522071,0.259,0.000
1725522071,0.326,0.000
1725522071,0.384,0.000
1725522071,0.576,0.000
1725522071,0.284,0.000
1725522071,0.362,0.000
1725522071,0.301,0.000
1725522071,0.776,0.000
1725522071,0.414,0.000
1725522071,0.331,0.000
1725522071,0.254,0.000
1725522071,0.372,0.000
1725522071,0.516,0.000
1725522071,0.358,0.000
1725522071,0.317,0.000
1725522071,0.297,0.000
1725522071,0.308,0.000
1725522071,0.315,0.000
1725522071,0.246,0.000
1725522071,0.322,0.000
1725522071,0.342,0.000
1725522071,0.346,0.000
1725522071,0.299,0.000
1725522071,0.686,0.000
1725522071,0.454,0.000
1725522071,0.626,0.000
1725522071,0.381,0.000
1725522071,0.304,0.000
1725522071,0.440,0.000
1725522071,0.382,0.000
1725522071,0.328,0.000
1725522071,0.348,0.000
1725522071,0.363,0.000
1725522071,0.377,0.000
1725522071,0.325,0.000
1725522071,0.447,0.000
1725522071,0.385,0.000
1725522071,0.274,0.000
1725522071,0.408,0.000
1725522071,0.306,0.000
1725522071,0.267,0.000
1725522071,0.494,0.000
1725522071,0.336,0.000
1725522071,0.335,0.000
1725522071,0.394,0.000
1725522071,0.296,0.000
1725522071,0.344,0.000
1725522071,0.334,0.000
1725522071,0.284,0.000
1725522071,0.428,0.000
1725522071,0.391,0.000
1725522071,0.272,0.000
1725522071,0.287,0.000
1725522071,0.658,0.000
1725522071,0.559,0.000
1725522071,0.328,0.000
1725522071,0.295,0.000
1725522071,0.258,0.000
1725522071,0.329,0.000
1725522071,0.461,0.000
1725522071,0.497,0.000
1725522071,0.337,0.000
1725522071,0.384,0.000
1725522071,0.434,0.000
1725522071,0.343,0.000
1725522071,0.297,0.000
1725522071,0.301,0.000
1725522071,0.358,0.000
1725522071,0.285,0.000
1725522071,0.388,0.000
1725522071,0.541,0.000
1725522071,0.306,0.000
1725522071,0.463,0.000
1725522071,0.492,0.000
1725522071,0.272,0.000
1725522071,0.250,0.000
1725522071,0.384,0.000
1725522071,0.437,0.000
1725522071,0.273,0.000
1725522071,0.434,0.000
1725522071,0.357,0.000
1725522071,0.338,0.000
1725522071,0.362,0.000
1725522071,0.216,0.000
1725522071,0.293,0.000
1725522071,0.308,0.000
1725522071,0.434,0.000
1725522071,0.341,0.000
1725522071,0.400,0.000
1725522071,0.342,0.000
1725522071,0.303,0.000
1725522071,0.441,0.000
1725522071,0.327,0.000
1725522071,0.319,0.000
1725522071,0.297,0.000
1725522071,0.300,0.000
1725522071,0.349,0.000
1725522071,0.327,0.000
1725522071,0.319,0.000
1725522071,0.355,0.000
1725522071,0.284,0.000
1725522071,0.344,0.000
1725522071,0.289,0.000
1725522071,0.340,0.000
1725522071,0.292,0.000
1725522071,0.383,0.000
1725522071,0.294,0.000
1725522071,0.347,0.000
1725522071,0.449,0.000
1725522071,0.259,0.000
1725522071,0.388,0.000
1725522071,0.432,0.000
1725522071,0.333,0.000
1725522071,0.264,0.000
1725522071,0.385,0.000
1725522071,0.274,0.000
1725522071,0.317,0.000
1725522071,0.320,0.000
1725522071,0.428,0.000
1725522071,0.320,0.000
1725522071,0.251,0.000
1725522071,0.324,0.000
1725522071,0.364,0.000
1725522071,0.375,0.000
1725522071,0.356,0.000
1725522071,0.304,0.000
1725522071,0.312,0.000
1725522071,0.241,0.000
1725522071,0.257,0.000
1725522071,0.392,0.000
1725522071,0.576,0.000
1725522071,0.376,0.000
1725522071,0.406,0.000
1725522071,0.357,0.000
1725522071,0.378,0.000
1725522071,0.296,0.000
1725522071,0.616,0.000
1725522071,0.280,0.000
1725522071,0.371,0.000
1725522071,0.296,0.000
1725522071,0.399,0.000
1725522071,0.391,0.000
1725522072,0.455,0.000
1725522072,0.337,0.000
1725522072,0.382,0.000
1725522072,0.402,0.000
1725522072,0.329,0.000
1725522072,0.271,0.000
1725522072,0.297,0.000
1725522072,0.439,0.000
1725522072,0.285,0.000
1725522072,0.319,0.000
1725522072,0.497,0.000
1725522072,0.263,0.000
1725522072,0.267,0.000
1725522072,0.290,0.000
1725522072,0.294,0.000
1725522072,0.331,0.000
1725522072,0.287,0.000
1725522072,0.434,0.000
1725522072,0.310,0.000
1725522072,0.389,0.000
1725522072,0.304,0.000
1725522072,0.314,0.000
1725522072,0.284,0.000
1725522072,0.273,0.000
1725522072,0.334,0.000
1725522072,0.366,0.000
1725522072,0.312,0.000
1725522072,0.310,0.000
1725522072,0.502,0.000
1725522072,0.369,0.000
1725522072,0.303,0.000
1725522072,0.400,0.000
1725522072,0.379,0.000
1725522072,0.278,0.000
1725522072,0.406,0.000
1725522072,0.296,0.000
1725522072,0.346,0.000
1725522072,0.317,0.000
1725522072,0.351,0.000
1725522072,0.331,0.000
1725522072,0.546,0.000
1725522072,0.298,0.000
1725522072,0.488,0.000
1725522072,0.352,0.000
1725522072,0.472,0.000
1725522072,0.412,0.000
1725522072,0.394,0.000
1725522072,0.256,0.000
1725522072,0.344,0.000
1725522072,0.270,0.000
1725522072,0.231,0.000
1725522072,0.389,0.000
1725522072,0.377,0.000
1725522072,0.336,0.000
1725522072,0.398,0.000
1725522072,0.381,0.000
1725522072,0.559,0.000
1725522072,0.349,0.000
1725522072,0.321,0.000
1725522072,0.364,0.000
1725522072,0.289,0.000
1725522072,0.362,0.000
1725522072,0.414,0.000
1725522072,0.320,0.000
1725522072,0.390,0.000
1725522072,0.243,0.000
1725522072,0.318,0.000
1725522072,0.275,0.000
1725522072,0.485,0.000
1725522072,0.260,0.000
1725522072,0.304,0.000
1725522072,0.322,0.000
1725522072,0.442,0.000
1725522072,0.305,0.000
1725522072,0.338,0.000
1725522072,0.494,0.000
1725522072,0.317,0.000
1725522072,0.397,0.000
1725522072,0.296,0.000
1725522072,0.274,0.000
1725522072,0.455,0.000
1725522072,0.566,0.000
1725522072,0.393,0.000
1725522072,0.276,0.000
1725522072,0.448,0.000
1725522072,0.279,0.000
1725522072,0.450,0.000
1725522072,0.329,0.000
1725522072,0.460,0.000
1725522072,0.348,0.000
1725522072,0.442,0.000
1725522072,0.326,0.000
1725522072,0.338,0.000
1725522072,0.330,0.000
1725522072,0.344,0.000
1725522072,0.400,0.000
1725522072,0.449,0.000
1725522072,0.251,0.000
1725522072,0.358,0.000
1725522072,0.324,0.000
1725522072,0.245,0.000
1725522072,0.292,0.000
1725522072,0.328,0.000
1725522072,0.358,0.000
1725522072,0.329,0.000
1725522072,0.329,0.000
1725522072,0.243,0.000
1725522072,0.363,0.000
1725522072,0.417,0.000
1725522072,0.362,0.000
1725522072,0.469,0.000
1725522072,0.358,0.000
1725522072,0.256,0.000
1725522072,0.251,0.000
1725522072,0.405,0.000
1725522072,0.358,0.000
1725522072,0.325,0.000
1725522072,0.410,0.000
1725522072,0.376,0.000
1725522072,0.353,0.000
1725522072,0.285,0.000
1725522072,0.285,0.000
1725522072,0.271,0.000
1725522072,0.417,0.000
1725522072,0.325,0.000
1725522072,0.435,0.000
1725522072,0.369,0.000
1725522072,0.366,0.000
1725522072,0.349,0.000
1725522072,0.341,0.000
1725522072,0.285,0.000
1725522072,0.397,0.000
1725522072,0.353,0.000
1725522072,0.337,0.000
1725522072,0.356,0.000
1725522072,0.396,0.000
1725522072,0.318,0.000
1725522072,0.363,0.000
1725522072,0.353,0.000
1725522072,0.446,0.000
1725522072,0.322,0.000
1725522072,0.396,0.000
1725522072,0.300,0.000
1725522072,0.374,0.000
1725522072,0.336,0.000
1725522072,0.378,0.000
1725522072,0.347,0.000
1725522072,0.278,0.000
1725522072,0.302,0.000
1725522072,0.320,0.000
1725522072,0.290,0.000
1725522072,0.362,0.000
1725522072,0.332,0.000
1725522072,0.317,0.000
1725522072,0.415,0.000
1725522072,0.376,0.000
1725522072,0.472,0.000
1725522072,0.525,0.000
1725522072,0.319,0.000
1725522072,0.255,0.000
1725522072,0.333,0.000
1725522072,0.402,0.000
1725522072,0.285,0.000
1725522072,0.332,0.000
1725522072,0.301,0.000
1725522072,0.341,0.000
1725522072,0.319,0.000
1725522072,0.455,0.000
1725522072,0.374,0.000
1725522072,0.333,0.000
1725522073,0.445,0.000
1725522073,0.337,0.000
1725522073,0.322,0.000
1725522073,0.348,0.000
1725522073,0.272,0.000
1725522073,0.291,0.000
1725522073,0.287,0.000
1725522073,0.327,0.000
1725522073,0.490,0.000
1725522073,0.241,0.000
1725522073,0.433,0.000
1725522073,0.298,0.000
1725522073,0.310,0.000
1725522073,0.305,0.000
1725522073,0.301,0.000
1725522073,0.311,0.000
1725522073,0.456,0.000
1725522073,0.446,0.000
1725522073,0.390,0.000
1725522073,0.335,0.000
1725522073,0.300,0.000
1725522073,0.373,0.000
1725522073,0.324,0.000
1725522073,0.381,0.000
1725522073,0.285,0.000
1725522073,0.320,0.000
1725522073,0.344,0.000
1725522073,0.305,0.000
1725522073,0.390,0.000
1725522073,0.414,0.000
1725522073,0.342,0.000
1725522073,0.309,0.000
1725522073,0.294,0.000
1725522073,0.393,0.000
1725522073,0.278,0.000
1725522073,0.348,0.000
1725522073,0.270,0.000
1725522073,0.361,0.000
1725522073,0.379,0.000
1725522073,0.336,0.000
1725522073,0.322,0.000
1725522073,0.417,0.000
1725522073,0.320,0.000
1725522073,0.331,0.000
1725522073,0.495,0.000
1725522073,0.380,0.000
1725522073,0.277,0.000
1725522073,0.780,0.000
1725522073,0.434,0.000
1725522073,0.285,0.000
1725522073,0.471,0.000
1725522073,0.358,0.000
1725522073,0.356,0.000
1725522073,0.322,0.000
1725522073,0.444,0.000
1725522073,0.280,0.000
1725522073,0.313,0.000
1725522073,0.390,0.000
1725522073,0.300,0.000
1725522073,0.398,0.000
1725522073,0.359,0.000
1725522073,0.347,0.000
1725522073,0.280,0.000
1725522073,0.344,0.000
1725522073,0.362,0.000
1725522073,0.285,0.000
1725522073,0.315,0.000
1725522073,0.451,0.000
1725522073,0.383,0.000
1725522073,0.356,0.000
1725522073,0.477,0.000
1725522073,0.320,0.000
1725522073,0.246,0.000
1725522073,0.306,0.000
1725522073,0.343,0.000
1725522073,0.445,0.000
1725522073,0.249,0.000
1725522073,0.417,0.000
1725522073,0.258,0.000
1725522073,0.300,0.000
1725522073,0.310,0.000
1725522073,0.320,0.000
1725522073,0.297,0.000
1725522073,0.310,0.000
1725522073,0.497,0.000
1725522073,0.255,0.000
1725522073,0.356,0.000
1725522073,0.269,0.000
1725522073,0.592,0.000
1725522073,0.504,0.000
1725522073,0.528,0.000
1725522073,0.474,0.000
1725522073,0.378,0.000
1725522073,0.287,0.000
1725522073,0.388,0.000
1725522073,0.286,0.000
1725522073,0.324,0.000
1725522073,0.293,0.000
1725522073,0.333,0.000
1725522073,0.259,0.000
1725522073,0.466,0.000
1725522073,0.450,0.000
1725522073,0.310,0.000
1725522073,0.560,0.000
1725522073,0.336,0.000
1725522073,0.325,0.000
1725522073,0.388,0.000
1725522073,0.412,0.000
1725522073,0.275,0.000
1725522073,0.292,0.000
1725522073,0.395,0.000
1725522073,0.292,0.000
1725522073,0.417,0.000
1725522073,0.353,0.000
1725522073,0.271,0.000
1725522073,0.392,0.000
1725522073,0.279,0.000
1725522073,0.409,0.000
1725522073,0.318,0.000
1725522073,0.323,0.000
1725522073,0.302,0.000
1725522073,0.396,0.000
1725522073,0.324,0.000
1725522073,0.443,0.000
1725522073,0.298,0.000
1725522073,0.258,0.000
1725522073,0.286,0.000
1725522073,0.432,0.000
1725522073,0.516,0.000
1725522073,0.320,0.000
1725522073,0.299,0.000
1725522073,0.363,0.000
1725522073,0.485,0.000
1725522073,0.340,0.000
1725522073,0.487,0.000
1725522073,0.334,0.000
1725522073,0.265,0.000
1725522073,0.336,0.000
1725522073,0.349,0.000
1725522073,0.298,0.000
1725522073,0.524,0.000
1725522073,0.324,0.000
1725522073,0.341,0.000
1725522073,0.341,0.000
1725522073,0.369,0.000
1725522073,0.414,0.000
1725522073,0.491,0.000
1725522073,0.226,0.000
1725522073,0.281,0.000
1725522073,0.329,0.000
1725522073,0.337,0.000
1725522073,0.387,0.000
1725522073,0.794,0.000
1725522073,0.261,0.000
1725522073,0.598,0.000
1725522073,0.273,0.000
1725522073,0.378,0.000
1725522073,0.348,0.000
1725522073,0.302,0.000
1725522073,0.432,0.000
1725522073,0.646,0.000
1725522073,0.256,0.000
1725522073,0.416,0.000
1725522073,0.312,0.000
1725522073,0.337,0.000
1725522073,0.410,0.000
1725522073,0.348,0.000
1725522074,0.743,0.000
1725522074,0.296,0.000
1725522074,0.251,0.000
1725522074,0.244,0.000
1725522074,0.397,0.000
1725522074,0.415,0.000
1725522074,0.369,0.000
1725522074,0.329,0.000
1725522074,0.380,0.000
1725522074,0.308,0.000
1725522074,0.409,0.000
1725522074,0.306,0.000
1725522074,0.441,0.000
1725522074,0.366,0.000
1725522074,0.275,0.000
1725522074,0.303,0.000
1725522074,0.461,0.000
1725522074,0.390,0.000
1725522074,0.244,0.000
1725522074,0.301,0.000
1725522074,0.295,0.000
1725522074,0.410,0.000
1725522074,0.287,0.000
1725522074,0.263,0.000
1725522074,0.451,0.000
1725522074,0.327,0.000
1725522074,0.232,0.000
1725522074,0.281,0.000
1725522074,0.301,0.000
1725522074,0.274,0.000
1725522074,0.377,0.000
1725522074,0.272,0.000
1725522074,0.473,0.000
1725522074,0.488,0.000
1725522074,0.240,0.000
1725522074,0.215,0.000
1725522074,0.336,0.000
1725522074,0.270,0.000
1725522074,0.285,0.000
1725522074,0.281,0.000
1725522074,0.281,0.000
1725522074,0.308,0.000
1725522074,0.256,0.000
1725522074,0.372,0.000
1725522074,0.309,0.000
1725522074,0.273,0.000
1725522074,0.278,0.000
1725522074,0.349,0.000
1725522074,0.394,0.000
1725522074,0.469,0.000
1725522074,0.385,0.000
1725522074,0.309,0.000
1725522074,0.296,0.000
1725522074,0.424,0.000
1725522074,0.329,0.000
1725522074,0.375,0.000
1725522074,0.268,0.000
1725522074,0.402,0.000
1725522074,0.260,0.000
1725522074,0.241,0.000
1725522074,0.279,0.000
1725522074,0.572,0.000
1725522074,0.497,0.000
1725522074,0.271,0.000
1725522074,0.272,0.000
1725522074,0.294,0.000
1725522074,0.356,0.000
1725522074,0.246,0.000
1725522074,0.282,0.000
1725522074,0.426,0.000
1725522074,0.314,0.000
1725522074,0.327,0.000
1725522074,0.405,0.000
1725522074,0.371,0.000
1725522074,0.225,0.000
1725522074,0.268,0.000
1725522074,0.380,0.000
1725522074,0.242,0.000
1725522074,0.269,0.000
1725522074,0.428,0.000
1725522074,0.314,0.000
1725522074,0.315,0.000
1725522074,0.291,0.000
1725522074,0.550,0.000
1725522074,0.281,0.000
1725522074,0.626,0.000
1725522074,0.451,0.000
1725522074,0.305,0.000
1725522074,0.279,0.000
1725522074,0.341,0.000
1725522074,0.353,0.000
1725522074,0.464,0.000
1725522074,0.749,0.000
1725522074,0.232,0.000
1725522074,0.344,0.000
1725522074,0.343,0.000
1725522074,0.551,0.000
1725522074,0.379,0.000
1725522074,0.486,0.000
1725522074,0.369,0.000
1725522074,0.329,0.000
1725522074,0.383,0.000
1725522074,0.386,0.000
1725522074,0.332,0.000
1725522074,0.289,0.000
1725522074,0.297,0.000
1725522074,0.402,0.000
1725522074,0.369,0.000
1725522074,0.277,0.000
1725522074,0.266,0.000
1725522074,0.358,0.000
1725522074,0.395,0.000
1725522074,0.299,0.000
1725522074,0.485,0.000
1725522074,0.324,0.000
1725522074,0.237,0.000
1725522074,0.371,0.000
1725522074,0.427,0.000
1725522074,0.293,0.000
1725522074,0.564,0.000
1725522074,0.392,0.000
1725522074,0.275,0.000
1725522074,0.250,0.000
1725522074,0.409,0.000
1725522074,0.375,0.000
1725522074,0.368,0.000
1725522074,0.385,0.000
1725522074,0.264,0.000
1725522074,0.464,0.000
1725522074,0.307,0.000
1725522074,0.435,0.000
1725522074,0.280,0.000
1725522074,0.437,0.000
1725522074,0.373,0.000
1725522074,0.394,0.000
1725522074,0.350,0.000
1725522074,0.328,0.000
1725522074,0.492,0.000
1725522074,0.355,0.000
1725522074,0.270,0.000
1725522074,0.293,0.000
1725522074,0.426,0.000
1725522074,0.302,0.000
1725522074,0.237,0.000
1725522074,0.339,0.000
1725522074,0.263,0.000
1725522074,0.466,0.000
1725522074,0.289,0.000
1725522074,0.382,0.000
1725522074,0.246,0.000
1725522074,0.392,0.000
1725522074,0.256,0.000
1725522074,0.391,0.000
1725522074,0.398,0.000
1725522074,0.392,0.000
1725522074,0.376,0.000
1725522074,0.514,0.000
1725522074,0.366,0.000
1725522074,0.298,0.000
1725522074,0.285,0.000
1725522075,0.349,0.000
1725522075,0.392,0.000
1725522075,0.395,0.000
1725522075,0.438,0.000
1725522075,0.304,0.000
1725522075,0.475,0.000
1725522075,0.339,0.000
1725522075,0.244,0.000
1725522075,0.480,0.000
1725522075,0.511,0.000
1725522075,0.327,0.000
1725522075,0.349,0.000
1725522075,0.457,0.000
1725522075,0.332,0.000
1725522075,0.280,0.000
1725522075,0.320,0.000
1725522075,0.351,0.000
1725522075,0.305,0.000
1725522075,0.339,0.000
1725522075,0.274,0.000
1725522075,0.308,0.000
1725522075,0.429,0.000
1725522075,0.294,0.000
1725522075,0.313,0.000
1725522075,0.289,0.000
1725522075,0.477,0.000
1725522075,0.309,0.000
1725522075,0.341,0.000
1725522075,0.242,0.000
1725522075,0.378,0.000
1725522075,0.414,0.000
1725522075,0.267,0.000
1725522075,0.300,0.000
1725522075,0.300,0.000
1725522075,0.480,0.000
1725522075,0.520,0.000
1725522075,0.356,0.000
1725522075,0.389,0.000
1725522075,0.286,0.000
1725522075,0.402,0.000
1725522075,0.384,0.000
1725522075,0.237,0.000
1725522075,0.323,0.000
1725522075,0.273,0.000
1725522075,0.288,0.000
1725522075,0.280,0.000
1725522075,0.331,0.000
1725522075,0.412,0.000
1725522075,0.404,0.000
1725522075,0.392,0.000
1725522075,0.524,0.000
1725522075,0.337,0.000
1725522075,0.304,0.000
1725522075,0.290,0.000
1725522075,0.626,0.000
1725522075,0.314,0.000
1725522075,0.436,0.000
1725522075,0.267,0.000
1725522075,0.375,0.000
1725522075,0.276,0.000
1725522075,0.255,0.000
1725522075,0.349,0.000
1725522075,0.365,0.000
1725522075,0.320,0.000
1725522075,0.382,0.000
1725522075,0.301,0.000
1725522075,0.320,0.000
1725522075,0.467,0.000
1725522075,0.387,0.000
1725522075,0.429,0.000
1725522075,0.337,0.000
1725522075,0.319,0.000
1725522075,2.137,0.000
1725522075,0.332,0.000
1725522075,0.295,0.000
1725522075,0.419,0.000
1725522075,0.332,0.000
1725522075,0.284,0.000
1725522075,0.248,0.000
1725522075,0.430,0.000
1725522075,0.363,0.000
1725522075,0.289,0.000
1725522075,0.332,0.000
1725522075,0.406,0.000
1725522075,0.240,0.000
1725522075,0.441,0.000
1725522075,0.367,0.000
1725522075,0.332,0.000
1725522075,0.310,0.000
1725522075,0.437,0.000
1725522075,0.608,0.000
1725522075,0.345,0.000
1725522075,0.288,0.000
1725522075,0.378,0.000
1725522075,0.364,0.000
1725522075,0.285,0.000
1725522075,0.392,0.000
1725522075,0.540,0.000
1725522075,0.374,0.000
1725522075,0.294,0.000
1725522075,0.341,0.000
1725522075,0.240,0.000
1725522075,0.266,0.000
1725522075,0.334,0.000
1725522075,0.622,0.000
1725522075,0.271,0.000
1725522075,0.254,0.000
1725522075,0.327,0.000
1725522075,0.292,0.000
1725522075,0.407,0.000
1725522075,0.214,0.000
1725522075,0.336,0.000
1725522075,0.329,0.000
1725522075,0.461,0.000
1725522075,0.294,0.000
1725522075,0.246,0.000
1725522075,0.392,0.000
1725522075,0.480,0.000
1725522075,0.393,0.000
1725522075,0.272,0.000
1725522075,0.359,0.000
1725522075,0.322,0.000
1725522075,0.340,0.000
1725522075,0.355,0.000
1725522075,0.315,0.000
1725522075,0.405,0.000
1725522075,0.310,0.000
1725522075,0.381,0.000
1725522075,0.314,0.000
1725522075,0.215,0.000
1725522075,0.274,0.000
1725522075,0.348,0.000
1725522075,0.303,0.000
1725522075,0.399,0.000
1725522075,0.443,0.000
1725522075,0.400,0.000
1725522075,0.340,0.000
1725522075,0.443,0.000
1725522075,0.256,0.000
1725522075,0.346,0.000
1725522075,0.439,0.000
1725522075,0.415,0.000
1725522075,0.532,0.000
1725522075,0.427,0.000
1725522075,0.242,0.000
1725522075,0.340,0.000
1725522075,0.286,0.000
1725522075,0.293,0.000
1725522075,1.945,0.000
1725522075,0.397,0.000
1725522075,0.398,0.000
1725522075,0.347,0.000
1725522075,0.305,0.000
1725522075,0.348,0.000
1725522075,0.306,0.000
1725522075,0.343,0.000
1725522075,0.255,0.000
1725522075,0.403,0.000
1725522075,0.281,0.000
1725522075,0.327,0.000
1725522075,0.399,0.000
1725522075,0.314,0.000
1725522075,0.403,0.000
1725522075,0.356,0.000
1725522075,0.357,0.000
1725522075,0.292,0.000
1725522075,0.452,0.000
1725522075,0.345,0.000
1725522075,0.289,0.000
1725522076,0.368,0.000
1725522076,0.326,0.000
1725522076,0.335,0.000
1725522076,0.299,0.000
1725522076,0.247,0.000
1725522076,0.600,0.000
1725522076,0.303,0.000
1725522076,0.377,0.000
1725522076,0.359,0.000
1725522076,0.335,0.000
1725522076,0.294,0.000
1725522076,0.308,0.000
1725522076,0.491,0.000
1725522076,0.298,0.000
1725522076,0.386,0.000
1725522076,0.540,0.000
1725522076,0.338,0.000
1725522076,0.300,0.000
1725522076,0.270,0.000
1725522076,0.416,0.000
1725522076,0.213,0.000
1725522076,0.253,0.000
1725522076,0.325,0.000
1725522076,0.411,0.000
1725522076,0.372,0.000
1725522076,0.284,0.000
1725522076,0.535,0.000
1725522076,0.374,0.000
1725522076,0.330,0.000
1725522076,0.304,0.000
1725522076,0.274,0.000
1725522076,0.732,0.000
1725522076,0.299,0.000
1725522076,0.325,0.000
1725522076,0.350,0.000
1725522076,0.387,0.000
1725522076,0.294,0.000
1725522076,0.278,0.000
1725522076,0.396,0.000
1725522076,0.316,0.000
1725522076,0.271,0.000
1725522076,0.286,0.000
1725522076,0.316,0.000
1725522076,0.316,0.000
1725522076,0.339,0.000
1725522076,0.298,0.000
1725522076,0.244,0.000
1725522076,0.296,0.000
1725522076,0.442,0.000
1725522076,0.380,0.000
1725522076,0.388,0.000
1725522076,0.520,0.000
1725522076,0.427,0.000
1725522076,0.296,0.000
1725522076,0.335,0.000
1725522076,0.297,0.000
1725522076,0.374,0.000
1725522076,0.270,0.000
1725522076,0.416,0.000
1725522076,0.305,0.000
1725522076,0.273,0.000
1725522076,0.308,0.000
1725522076,0.417,0.000
1725522076,0.479,0.000
1725522076,0.261,0.000
1725522076,0.374,0.000
1725522076,0.415,0.000
1725522076,0.415,0.000
1725522076,0.342,0.000
1725522076,0.335,0.000
1725522076,0.287,0.000
1725522076,0.291,0.000
1725522076,0.321,0.000
1725522076,0.489,0.000
1725522076,0.384,0.000
1725522076,0.353,0.000
1725522076,0.361,0.000
1725522076,0.319,0.000
1725522076,0.448,0.000
1725522076,0.309,0.000
1725522076,0.400,0.000
1725522076,0.288,0.000
1725522076,0.217,0.000
1725522076,0.238,0.000
1725522076,0.363,0.000
1725522076,0.358,0.000
1725522076,0.418,0.000
1725522076,0.468,0.000
1725522076,0.369,0.000
1725522076,0.258,0.000
1725522076,0.298,0.000
1725522076,0.415,0.000
1725522076,0.389,0.000
1725522076,0.354,0.000
1725522076,0.330,0.000
1725522076,0.234,0.000
1725522076,0.398,0.000
1725522076,0.408,0.000
1725522076,0.303,0.000
1725522076,0.294,0.000
1725522076,0.355,0.000
1725522076,0.371,0.000
1725522076,0.321,0.000
1725522076,0.329,0.000
1725522076,0.334,0.000
1725522076,0.271,0.000
1725522076,0.545,0.000
1725522076,0.340,0.000
1725522076,0.434,0.000
1725522076,0.261,0.000
1725522076,0.374,0.000
1725522076,0.277,0.000
1725522076,0.285,0.000
1725522076,0.337,0.000
1725522076,0.296,0.000
1725522076,0.395,0.000
1725522076,0.413,0.000
1725522076,0.316,0.000
1725522076,0.314,0.000
1725522076,0.300,0.000
1725522076,0.401,0.000
1725522076,0.245,0.000
1725522076,0.432,0.000
1725522076,0.259,0.000
1725522076,0.364,0.000
1725522076,0.258,0.000
1725522076,0.400,0.000
1725522076,0.377,0.000
1725522076,0.319,0.000
1725522076,0.356,0.000
1725522076,0.466,0.000
1725522076,0.297,0.000
1725522076,0.386,0.000
1725522076,0.305,0.000
1725522076,0.410,0.000
1725522076,0.433,0.000
1725522076,0.356,0.000
1725522076,0.352,0.000
1725522076,0.348,0.000
1725522076,0.341,0.000
1725522076,0.400,0.000
1725522076,0.277,0.000
1725522076,0.289,0.000
1725522076,0.423,0.000
1725522076,0.324,0.000
1725522076,0.343,0.000
1725522076,0.263,0.000
1725522076,0.337,0.000
1725522076,0.480,0.000
1725522076,0.354,0.000
1725522076,0.369,0.000
1725522076,0.309,0.000
1725522076,0.281,0.000
1725522076,0.348,0.000
1725522076,0.249,0.000
1725522076,0.248,0.000
1725522076,0.344,0.000
1725522076,0.404,0.000
1725522076,0.308,0.000
1725522076,0.295,0.000
1725522076,0.214,0.000
1725522076,0.352,0.000
1725522076,0.296,0.000
1725522076,0.387,0.000
1725522076,0.793,0.000
1725522076,0.460,0.000
1725522076,0.377,0.000
1725522076,0.283,0.000
1725522076,0.326,0.000
1725522076,0.260,0.000
1725522076,0.304,0.000
1725522076,0.409,0.000
1725522076,0.287,0.000
1725522077,0.298,0.000
1725522077,0.366,0.000
1725522077,0.251,0.000
1725522077,0.387,0.000
1725522077,0.350,0.000
1725522077,0.335,0.000
1725522077,0.348,0.000
1725522077,0.618,0.000
1725522077,0.364,0.000
1725522077,0.332,0.000
1725522077,0.399,0.000
1725522077,0.324,0.000
1725522077,0.247,0.000
1725522077,0.344,0.000
1725522077,0.303,0.000
1725522077,0.291,0.000
1725522077,0.305,0.000
1725522077,0.310,0.000
1725522077,0.329,0.000
1725522077,0.371,0.000
1725522077,0.359,0.000
1725522077,0.344,0.000
1725522077,0.276,0.000
1725522077,0.445,0.000
1725522077,0.354,0.000
1725522077,0.314,0.000
1725522077,0.554,0.000
1725522077,0.296,0.000
1725522077,0.429,0.000
1725522077,0.336,0.000
1725522077,0.352,0.000
1725522077,0.293,0.000
1725522077,0.351,0.000
1725522077,0.250,0.000
1725522077,0.299,0.000
1725522077,0.393,0.000
1725522077,0.276,0.000
1725522077,0.313,0.000
1725522077,0.415,0.000
1725522077,0.272,0.000
1725522077,0.268,0.000
1725522077,0.328,0.000
1725522077,0.352,0.000
1725522077,0.287,0.000
1725522077,0.314,0.000
1725522077,0.780,0.000
1725522077,0.337,0.000
1725522077,0.296,0.000
1725522077,0.363,0.000
1725522077,0.310,0.000
1725522077,0.463,0.000
1725522077,0.470,0.000
1725522077,0.361,0.000
1725522077,0.369,0.000
1725522077,0.230,0.000
1725522077,0.347,0.000
1725522077,0.546,0.000
1725522077,0.317,0.000
1725522077,0.382,0.000
1725522077,0.412,0.000
1725522077,0.438,0.000
1725522077,0.247,0.000
1725522077,0.375,0.000
1725522077,0.276,0.000
1725522077,0.293,0.000
1725522077,0.380,0.000
1725522077,0.381,0.000
1725522077,0.294,0.000
1725522077,0.496,0.000
1725522077,0.288,0.000
1725522077,0.364,0.000
1725522077,0.365,0.000
1725522077,0.355,0.000
1725522077,0.348,0.000
1725522077,0.502,0.000
1725522077,0.338,0.000
1725522077,0.299,0.000
1725522077,0.320,0.000
1725522077,0.279,0.000
1725522077,0.296,0.000
1725522077,0.277,0.000
1725522077,0.271,0.000
1725522077,0.291,0.000
1725522077,0.277,0.000
1725522077,0.319,0.000
1725522077,0.355,0.000
1725522077,0.307,0.000
1725522077,0.332,0.000
1725522077,0.410,0.000
1725522077,0.347,0.000
1725522077,0.289,0.000
1725522077,0.510,0.000
1725522077,0.362,0.000
1725522077,0.334,0.000
1725522077,0.317,0.000
1725522077,0.839,0.000
1725522077,0.486,0.000
1725522077,0.452,0.000
1725522077,0.273,0.000
1725522077,0.314,0.000
1725522077,0.265,0.000
1725522077,0.304,0.000
1725522077,0.270,0.000
1725522077,0.308,0.000
1725522077,0.392,0.000
1725522077,0.464,0.000
1725522077,0.348,0.000
1725522077,0.337,0.000
1725522077,0.445,0.000
1725522077,0.503,0.000
1725522077,0.528,0.000
1725522077,0.371,0.000
1725522077,0.306,0.000
1725522077,0.381,0.000
1725522077,0.237,0.000
1725522077,0.356,0.000
1725522077,0.256,0.000
1725522077,0.304,0.000
1725522077,0.327,0.000
1725522077,0.242,0.000
1725522077,0.314,0.000
1725522077,0.397,0.000
1725522077,0.305,0.000
1725522077,0.296,0.000
1725522077,0.277,0.000
1725522077,0.314,0.000
1725522077,0.294,0.000
1725522077,0.281,0.000
1725522077,0.312,0.000
1725522077,0.293,0.000
1725522077,0.305,0.000
1725522077,0.327,0.000
1725522077,0.379,0.000
1725522077,0.306,0.000
1725522077,0.365,0.000
1725522077,0.296,0.000
1725522077,0.350,0.000
1725522077,0.327,0.000
1725522077,0.380,0.000
1725522077,0.336,0.000
1725522077,0.316,0.000
1725522077,0.320,0.000
1725522077,0.429,0.000
1725522077,0.334,0.000
1725522077,0.432,0.000
1725522077,0.333,0.000
1725522077,0.300,0.000
1725522077,0.389,0.000
1725522077,0.316,0.000
1725522077,0.396,0.000
1725522077,0.382,0.000
1725522077,0.287,0.000
1725522077,0.293,0.000
1725522077,0.356,0.000
1725522077,0.402,0.000
1725522077,0.235,0.000
1725522077,0.357,0.000
1725522077,0.235,0.000
1725522077,0.568,0.000
1725522077,0.319,0.000
1725522077,0.379,0.000
1725522077,0.212,0.000
1725522077,0.326,0.000
1725522077,0.391,0.000
1725522077,0.334,0.000
1725522077,0.382,0.000
1725522077,0.262,0.000
1725522078,0.249,0.000
1725522078,0.321,0.000
1725522078,0.301,0.000
1725522078,0.250,0.000
1725522078,0.286,0.000
1725522078,0.284,0.000
1725522078,0.280,0.000
1725522078,0.337,0.000
1725522078,0.304,0.000
1725522078,0.423,0.000
1725522078,0.357,0.000
1725522078,0.247,0.000
1725522078,0.361,0.000
1725522078,0.423,0.000
1725522078,0.318,0.000
1725522078,0.308,0.000
1725522078,0.403,0.000
1725522078,0.262,0.000
1725522078,0.376,0.000
1725522078,0.275,0.000
1725522078,0.341,0.000
1725522078,0.411,0.000
1725522078,0.457,0.000
1725522078,0.320,0.000
1725522078,0.367,0.000
1725522078,0.341,0.000
1725522078,0.248,0.000
1725522078,0.288,0.000
1725522078,0.435,0.000
1725522078,0.305,0.000
1725522078,0.440,0.000
1725522078,0.510,0.000
1725522078,0.321,0.000
1725522078,0.242,0.000
1725522078,0.285,0.000
1725522078,0.431,0.000
1725522078,0.290,0.000
1725522078,0.252,0.000
1725522078,0.648,0.000
1725522078,0.372,0.000
1725522078,0.343,0.000
1725522078,0.518,0.000
1725522078,0.273,0.000
1725522078,0.312,0.000
1725522078,0.352,0.000
1725522078,0.278,0.000
1725522078,0.406,0.000
1725522078,0.352,0.000
1725522078,0.364,0.000
1725522078,0.239,0.000
1725522078,0.266,0.000
1725522078,0.415,0.000
1725522078,0.339,0.000
1725522078,0.300,0.000
1725522078,0.279,0.000
1725522078,0.351,0.000
1725522078,0.289,0.000
1725522078,0.367,0.000
1725522078,0.288,0.000
1725522078,0.311,0.000
1725522078,0.389,0.000
1725522078,0.352,0.000
1725522078,0.305,0.000
1725522078,0.275,0.000
1725522078,0.344,0.000
1725522078,0.485,0.000
1725522078,0.446,0.000
1725522078,0.345,0.000
1725522078,0.341,0.000
1725522078,1.905,0.000
1725522078,0.476,0.000
1725522078,0.255,0.000
1725522078,0.364,0.000
1725522078,0.234,0.000
1725522078,0.223,0.000
1725522078,0.288,0.000
1725522078,0.494,0.000
1725522078,0.375,0.000
1725522078,0.264,0.000
1725522078,0.310,0.000
1725522078,0.327,0.000
1725522078,0.245,0.000
1725522078,0.436,0.000
1725522078,0.382,0.000
1725522078,0.435,0.000
1725522078,0.327,0.000
1725522078,0.292,0.000
1725522078,0.452,0.000
1725522078,0.254,0.000
1725522078,0.516,0.000
1725522078,0.286,0.000
1725522078,0.522,0.000
1725522078,0.405,0.000
1725522078,0.303,0.000
1725522078,0.406,0.000
1725522078,0.247,0.000
1725522078,0.352,0.000
1725522078,0.319,0.000
1725522078,0.496,0.000
1725522078,0.333,0.000
1725522078,0.443,0.000
1725522078,1.330,0.000
1725522078,1.294,0.000
1725522078,0.295,0.000
1725522078,0.317,0.000
1725522078,0.373,0.000
1725522078,0.433,0.000
1725522078,0.458,0.000
1725522078,0.445,0.000
1725522078,0.426,0.000
1725522078,0.378,0.000
1725522078,0.504,0.000
1725522078,0.310,0.000
1725522078,0.291,0.000
1725522078,0.624,0.000
1725522078,0.385,0.000
1725522078,0.255,0.000
1725522078,0.423,0.000
1725522078,0.347,0.000
1725522078,0.356,0.000
1725522078,0.303,0.000
1725522078,0.266,0.000
1725522078,0.302,0.000
1725522078,0.486,0.000
1725522078,0.255,0.000
1725522078,0.314,0.000
1725522078,0.270,0.000
1725522078,0.251,0.000
1725522078,0.395,0.000
1725522078,0.309,0.000
1725522078,0.407,0.000
1725522078,0.400,0.000
1725522078,0.379,0.000
1725522078,0.456,0.000
1725522078,0.641,0.000
1725522078,0.259,0.000
1725522078,0.425,0.000
1725522078,0.304,0.000
1725522078,0.496,0.000
1725522078,0.330,0.000
1725522078,0.222,0.000
1725522078,0.419,0.000
1725522078,0.283,0.000
1725522078,0.249,0.000
1725522078,0.279,0.000
1725522078,0.410,0.000
1725522078,0.298,0.000
1725522078,0.292,0.000
1725522078,0.331,0.000
1725522078,0.357,0.000
1725522078,0.353,0.000
1725522078,0.294,0.000
1725522078,0.348,0.000
1725522078,0.465,0.000
1725522078,0.269,0.000
1725522078,0.314,0.000
1725522078,0.539,0.000
1725522078,0.393,0.000
1725522078,0.353,0.000
1725522078,0.333,0.000
1725522078,0.252,0.000
1725522078,0.323,0.000
1725522078,0.362,0.000
1725522078,0.215,0.000
1725522079,0.374,0.000
1725522079,0.397,0.000
1725522079,0.299,0.000
1725522079,0.254,0.000
1725522079,0.367,0.000
1725522079,0.373,0.000
1725522079,0.333,0.000
1725522079,0.394,0.000
1725522079,0.503,0.000
1725522079,0.294,0.000
1725522079,0.321,0.000
1725522079,0.449,0.000
1725522079,0.484,0.000
1725522079,0.308,0.000
1725522079,0.310,0.000
1725522079,0.311,0.000
1725522079,0.440,0.000
1725522079,0.271,0.000
1725522079,0.269,0.000
1725522079,0.452,0.000
1725522079,0.424,0.000
1725522079,0.282,0.000
1725522079,0.307,0.000
1725522079,0.367,0.000
1725522079,0.503,0.000
1725522079,0.251,0.000
1725522079,0.340,0.000
1725522079,0.242,0.000
1725522079,0.329,0.000
1725522079,0.340,0.000
1725522079,0.418,0.000
1725522079,0.461,0.000
1725522079,0.328,0.000
1725522079,0.394,0.000
1725522079,0.245,0.000
1725522079,0.272,0.000
1725522079,0.266,0.000
1725522079,0.296,0.000
1725522079,0.395,0.000
1725522079,0.405,0.000
1725522079,0.398,0.000
1725522079,0.485,0.000
1725522079,0.353,0.000
1725522079,0.313,0.000
1725522079,0.299,0.000
1725522079,0.642,0.000
1725522079,0.364,0.000
1725522079,0.273,0.000
1725522079,0.370,0.000
1725522079,0.289,0.000
1725522079,0.262,0.000
1725522079,0.473,0.000
1725522079,0.375,0.000
1725522079,0.389,0.000
1725522079,0.495,0.000
1725522079,0.476,0.000
1725522079,0.277,0.000
1725522079,0.372,0.000
1725522079,0.361,0.000
1725522079,0.306,0.000
1725522079,0.397,0.000
1725522079,0.288,0.000
1725522079,0.326,0.000
1725522079,0.293,0.000
1725522079,0.326,0.000
1725522079,0.329,0.000
1725522079,0.259,0.000
1725522079,0.252,0.000
1725522079,0.476,0.000
1725522079,0.225,0.000
1725522079,0.368,0.000
1725522079,0.426,0.000
1725522079,0.407,0.000
1725522079,0.218,0.000
1725522079,0.285,0.000
1725522079,0.291,0.000
1725522079,0.279,0.000
1725522079,0.380,0.000
1725522079,0.421,0.000
1725522079,0.286,0.000
1725522079,0.267,0.000
1725522079,0.422,0.000
1725522079,0.342,0.000
1725522079,0.295,0.000
1725522079,0.369,0.000
1725522079,0.295,0.000
1725522079,0.336,0.000
1725522079,0.300,0.000
1725522079,0.472,0.000
1725522079,0.330,0.000
1725522079,0.259,0.000
1725522079,0.286,0.000
1725522079,0.440,0.000
1725522079,0.328,0.000
1725522079,0.326,0.000
1725522079,0.328,0.000
1725522079,0.413,0.000
1725522079,0.339,0.000
1725522079,0.291,0.000
1725522079,0.296,0.000
1725522079,0.437,0.000
1725522079,0.386,0.000
1725522079,0.251,0.000
1725522079,0.310,0.000
1725522079,0.339,0.000
1725522079,0.322,0.000
1725522079,0.391,0.000
1725522079,0.435,0.000
1725522079,0.320,0.000
1725522079,0.419,0.000
1725522079,0.257,0.000
1725522079,0.331,0.000
1725522079,0.387,0.000
1725522079,0.254,0.000
1725522079,0.594,0.000
1725522079,0.340,0.000
1725522079,0.391,0.000
1725522079,0.311,0.000
1725522079,0.328,0.000
1725522079,0.334,0.000
1725522079,1.485,0.000
1725522079,0.355,0.000
1725522079,0.289,0.000
1725522079,0.348,0.000
1725522079,0.438,0.000
1725522079,0.283,0.000
1725522079,0.369,0.000
1725522079,0.409,0.000
1725522079,0.452,0.000
1725522079,0.311,0.000
1725522079,0.253,0.000
1725522079,0.338,0.000
1725522079,0.334,0.000
1725522079,0.283,0.000
1725522079,0.379,0.000
1725522079,0.263,0.000
1725522079,0.344,0.000
1725522079,0.296,0.000
1725522079,0.280,0.000
1725522079,0.294,0.000
1725522079,0.354,0.000
1725522079,0.258,0.000
1725522079,0.258,0.000
1725522079,0.422,0.000
1725522079,0.223,0.000
1725522079,0.350,0.000
1725522079,0.489,0.000
1725522079,0.277,0.000
1725522079,0.332,0.000
1725522079,0.330,0.000
1725522079,0.347,0.000
1725522079,0.377,0.000
1725522079,0.266,0.000
1725522079,0.324,0.000
1725522079,0.328,0.000
1725522079,0.427,0.000
1725522079,0.330,0.000
1725522079,0.391,0.000
1725522079,0.290,0.000
1725522079,0.305,0.000
1725522079,0.236,0.000
1725522079,0.380,0.000
1725522079,0.275,0.000
1725522079,0.505,0.000
1725522079,0.324,0.000
1725522079,0.371,0.000
1725522079,0.407,0.000
1725522079,0.386,0.000
1725522079,0.232,0.000
1725522080,0.255,0.000
1725522080,0.411,0.000
1725522080,0.414,0.000
1725522080,0.707,0.000
1725522080,0.289,0.000
1725522080,0.430,0.000
1725522080,0.354,0.000
1725522080,0.412,0.000
1725522080,0.358,0.000
1725522080,0.366,0.000
1725522080,0.307,0.000
1725522080,0.251,0.000
1725522080,0.511,0.000
1725522080,0.328,0.000
1725522080,0.253,0.000
1725522080,0.282,0.000
1725522080,0.268,0.000
1725522080,0.534,0.000
1725522080,0.283,0.000
1725522080,0.404,0.000
1725522080,0.451,0.000
1725522080,0.380,0.000
1725522080,0.391,0.000
1725522080,0.401,0.000
1725522080,0.442,0.000
1725522080,0.249,0.000
1725522080,0.383,0.000
1725522080,0.438,0.000
1725522080,0.304,0.000
1725522080,0.363,0.000
1725522080,0.333,0.000
1725522080,0.462,0.000
1725522080,0.489,0.000
1725522080,0.457,0.000
1725522080,0.261,0.000
1725522080,0.303,0.000
1725522080,0.435,0.000
1725522080,0.371,0.000
1725522080,0.309,0.000
1725522080,0.358,0.000
1725522080,0.264,0.000
1725522080,0.389,0.000
1725522080,0.416,0.000
1725522080,0.273,0.000
1725522080,0.346,0.000
1725522080,0.500,0.000
1725522080,0.364,0.000
1725522080,0.242,0.000
1725522080,0.265,0.000
1725522080,0.305,0.000
1725522080,0.339,0.000
1725522080,0.309,0.000
1725522080,0.427,0.000
1725522080,0.366,0.000
1725522080,0.356,0.000
1725522080,0.476,0.000
1725522080,0.344,0.000
1725522080,0.380,0.000
1725522080,0.345,0.000
1725522080,0.517,0.000
1725522080,0.334,0.000
1725522080,0.315,0.000
1725522080,0.394,0.000
1725522080,0.290,0.000
1725522080,0.318,0.000
1725522080,0.231,0.000
1725522080,0.342,0.000
1725522080,0.514,0.000
1725522080,0.321,0.000
1725522080,0.457,0.000
1725522080,0.685,0.000
1725522080,0.345,0.000
1725522080,0.353,0.000
1725522080,0.278,0.000
1725522080,0.403,0.000
1725522080,0.496,0.000
1725522080,0.275,0.000
1725522080,0.326,0.000
1725522080,0.271,0.000
1725522080,0.482,0.000
1725522080,0.531,0.000
1725522080,0.410,0.000
1725522080,0.275,0.000
1725522080,0.417,0.000
1725522080,0.403,0.000
1725522080,0.326,0.000
1725522080,0.277,0.000
1725522080,0.372,0.000
1725522080,0.297,0.000
1725522080,0.331,0.000
1725522080,0.469,0.000
1725522080,0.526,0.000
1725522080,0.288,0.000
1725522080,0.360,0.000
1725522080,0.326,0.000
1725522080,0.936,0.000
1725522080,0.376,0.000
1725522080,0.354,0.000
1725522080,0.303,0.000
1725522080,0.290,0.000
1725522080,0.387,0.000
1725522080,0.367,0.000
1725522080,0.314,0.000
1725522080,0.311,0.000
1725522080,0.321,0.000
1725522080,0.403,0.000
1725522080,0.270,0.000
1725522080,0.311,0.000
1725522080,0.306,0.000
1725522080,0.527,0.000
1725522080,0.335,0.000
1725522080,0.537,0.000
1725522080,0.340,0.000
1725522080,0.412,0.000
1725522080,0.305,0.000
1725522080,0.339,0.000
1725522080,0.314,0.000
1725522080,0.523,0.000
1725522080,0.366,0.000
1725522080,0.342,0.000
1725522080,0.356,0.000
1725522080,0.366,0.000
1725522080,0.406,0.000
1725522080,0.406,0.000
1725522080,0.305,0.000
1725522080,0.316,0.000
1725522080,0.393,0.000
1725522080,0.356,0.000
1725522080,0.281,0.000
1725522080,0.232,0.000
1725522080,0.319,0.000
1725522080,0.276,0.000
1725522080,0.323,0.000
1725522080,0.369,0.000
1725522080,0.268,0.000
1725522080,0.390,0.000
1725522080,0.440,0.000
1725522080,0.350,0.000
1725522080,0.305,0.000
1725522080,0.297,0.000
1725522080,0.300,0.000
1725522080,0.323,0.000
1725522080,0.351,0.000
1725522080,0.235,0.000
1725522080,0.279,0.000
1725522080,0.276,0.000
1725522080,0.253,0.000
1725522080,0.880,0.000
1725522080,0.344,0.000
1725522080,0.290,0.000
1725522080,0.300,0.000
1725522080,0.351,0.000
1725522080,0.416,0.000
1725522080,0.242,0.000
1725522080,0.286,0.000
1725522080,0.357,0.000
1725522080,0.482,0.000
1725522080,0.395,0.000
1725522080,0.313,0.000
1725522080,0.360,0.000
1725522080,0.384,0.000
1725522080,0.296,0.000
1725522080,0.240,0.000
1725522081,0.474,0.000
1725522081,0.375,0.000
1725522081,0.321,0.000
1725522081,0.339,0.000
1725522081,0.297,0.000
1725522081,0.264,0.000
1725522081,0.302,0.000
1725522081,0.356,0.000
1725522081,0.507,0.000
1725522081,0.302,0.000
1725522081,0.342,0.000
1725522081,0.280,0.000
1725522081,0.366,0.000
1725522081,0.375,0.000
1725522081,0.295,0.000
1725522081,0.389,0.000
1725522081,0.345,0.000
1725522081,0.419,0.000
1725522081,0.481,0.000
1725522081,0.497,0.000
1725522081,0.359,0.000
1725522081,0.351,0.000
1725522081,0.550,0.000
1725522081,0.284,0.000
1725522081,0.429,0.000
1725522081,0.273,0.000
1725522081,0.318,0.000
1725522081,0.248,0.000
1725522081,0.278,0.000
1725522081,0.306,0.000
1725522081,0.335,0.000
1725522081,0.294,0.000
1725522081,0.292,0.000
1725522081,0.539,0.000
1725522081,0.430,0.000
1725522081,0.527,0.000
1725522081,0.305,0.000
1725522081,0.373,0.000
1725522081,0.392,0.000
1725522081,0.397,0.000
1725522081,0.313,0.000
1725522081,0.279,0.000
1725522081,0.331,0.000
1725522081,0.352,0.000
1725522081,0.585,0.000
1725522081,0.288,0.000
1725522081,0.254,0.000
1725522081,0.456,0.000
1725522081,0.273,0.000
1725522081,0.349,0.000
1725522081,0.311,0.000
1725522081,0.244,0.000
1725522081,0.385,0.000
1725522081,0.467,0.000
1725522081,0.295,0.000
1725522081,0.482,0.000
1725522081,0.639,0.000
1725522081,0.271,0.000
1725522081,0.327,0.000
1725522081,0.370,0.000
1725522081,0.280,0.000
1725522081,0.299,0.000
1725522081,0.313,0.000
1725522081,0.408,0.000
1725522081,0.351,0.000
1725522081,0.348,0.000
1725522081,0.255,0.000
1725522081,0.337,0.000
1725522081,0.463,0.000
1725522081,0.296,0.000
1725522081,0.345,0.000
1725522081,0.467,0.000
1725522081,0.358,0.000
1725522081,0.258,0.000
1725522081,0.265,0.000
1725522081,0.288,0.000
1725522081,0.427,0.000
1725522081,0.357,0.000
1725522081,0.404,0.000
1725522081,0.293,0.000
1725522081,0.405,0.000
1725522081,0.372,0.000
1725522081,0.286,0.000
1725522081,0.344,0.000
1725522081,0.316,0.000
1725522081,0.333,0.000
1725522081,0.238,0.000
1725522081,0.458,0.000
1725522081,0.283,0.000
1725522081,0.529,0.000
1725522081,0.625,0.000
1725522081,0.359,0.000
1725522081,0.378,0.000
1725522081,0.403,0.000
1725522081,0.509,0.000
1725522081,1.130,0.000
1725522081,0.339,0.000
1725522081,0.305,0.000
1725522081,0.263,0.000
1725522081,0.294,0.000
1725522081,0.344,0.000
1725522081,0.251,0.000
1725522081,0.406,0.000
1725522081,0.445,0.000
1725522081,0.316,0.000
1725522081,0.311,0.000
1725522081,0.377,0.000
1725522081,0.250,0.000
1725522081,0.434,0.000
1725522081,0.377,0.000
1725522081,0.315,0.000
1725522081,0.236,0.000
1725522081,0.259,0.000
1725522081,0.373,0.000
1725522081,0.256,0.000
1725522081,0.425,0.000
1725522081,0.312,0.000
1725522081,0.272,0.000
1725522081,0.301,0.000
1725522081,0.342,0.000
1725522081,0.353,0.000
1725522081,0.242,0.000
1725522081,0.323,0.000
1725522081,0.318,0.000
1725522081,0.246,0.000
1725522081,0.402,0.000
1725522081,0.289,0.000
1725522081,0.344,0.000
1725522081,0.289,0.000
1725522081,0.248,0.000
1725522081,0.308,0.000
1725522081,0.340,0.000
1725522081,0.460,0.000
1725522081,0.394,0.000
1725522081,0.243,0.000
1725522081,0.320,0.000
1725522081,0.314,0.000
1725522081,0.302,0.000
1725522081,0.482,0.000
1725522081,0.379,0.000
1725522081,0.592,0.000
1725522081,0.513,0.000
1725522081,0.331,0.000
1725522081,0.503,0.000
1725522081,0.261,0.000
1725522081,0.246,0.000
1725522081,0.442,0.000
1725522081,0.386,0.000
1725522081,0.423,0.000
1725522081,0.486,0.000
1725522081,0.316,0.000
1725522081,0.307,0.000
1725522081,0.316,0.000
1725522081,0.230,0.000
1725522081,0.278,0.000
1725522081,0.274,0.000
1725522081,0.397,0.000
1725522081,0.302,0.000
1725522081,0.497,0.000
1725522081,0.417,0.000
1725522081,0.335,0.000
1725522081,0.295,0.000
1725522081,0.264,0.000
1725522081,0.555,0.000
1725522081,0.400,0.000
1725522081,0.297,0.000
1725522081,0.323,0.000
1725522081,0.306,0.000
1725522081,0.268,0.000
1725522081,0.343,0.000
1725522082,0.325,0.000
1725522082,0.322,0.000
1725522082,0.377,0.000
1725522082,0.301,0.000
1725522082,0.758,0.000
1725522082,0.290,0.000
1725522082,0.269,0.000
1725522082,0.263,0.000
1725522082,0.284,0.000
1725522082,0.330,0.000
1725522082,0.449,0.000
1725522082,0.423,0.000
1725522082,0.336,0.000
1725522082,0.474,0.000
1725522082,0.357,0.000
1725522082,0.408,0.000
1725522082,0.343,0.000
1725522082,0.271,0.000
1725522082,0.345,0.000
1725522082,0.337,0.000
1725522082,0.209,0.000
1725522082,0.393,0.000
1725522082,0.378,0.000
1725522082,0.284,0.000
1725522082,0.255,0.000
1725522082,0.256,0.000
1725522082,0.364,0.000
1725522082,0.319,0.000
1725522082,0.480,0.000
1725522082,0.368,0.000
1725522082,0.402,0.000
1725522082,0.431,0.000
1725522082,0.423,0.000
1725522082,0.262,0.000
1725522082,0.296,0.000
1725522082,0.246,0.000
1725522082,0.303,0.000
1725522082,0.292,0.000
1725522082,0.291,0.000
1725522082,0.311,0.000
1725522082,0.709,0.000
1725522082,0.346,0.000
1725522082,0.404,0.000
1725522082,0.384,0.000
1725522082,0.695,0.000
1725522082,0.611,0.000
1725522082,0.314,0.000
1725522082,0.354,0.000
1725522082,0.294,0.000
1725522082,0.770,0.000
1725522082,0.313,0.000
1725522082,0.343,0.000
1725522082,0.348,0.000
1725522082,0.338,0.000
1725522082,0.335,0.000
1725522082,0.270,0.000
1725522082,0.232,0.000
1725522082,0.518,0.000
1725522082,0.263,0.000
1725522082,0.262,0.000
1725522082,0.324,0.000
1725522082,0.412,0.000
1725522082,0.246,0.000
1725522082,0.403,0.000
1725522082,0.334,0.000
1725522082,0.333,0.000
1725522082,0.513,0.000
1725522082,0.503,0.000
1725522082,0.374,0.000
1725522082,0.318,0.000
1725522082,0.258,0.000
1725522082,0.900,0.000
1725522082,0.285,0.000
1725522082,0.338,0.000
1725522082,0.363,0.000
1725522082,0.275,0.000
1725522082,0.318,0.000
1725522082,0.343,0.000
1725522082,0.541,0.000
1725522082,0.370,0.000
1725522082,0.504,0.000
1725522082,0.378,0.000
1725522082,0.290,0.000
1725522082,0.252,0.000
1725522082,0.473,0.000
1725522082,0.260,0.000
1725522082,0.497,0.000
1725522082,0.308,0.000
1725522082,0.252,0.000
1725522082,0.309,0.000
1725522082,0.290,0.000
1725522082,0.360,0.000
1725522082,0.246,0.000
1725522082,0.454,0.000
1725522082,0.304,0.000
1725522082,0.245,0.000
1725522082,0.315,0.000
1725522082,0.386,0.000
1725522082,0.298,0.000
1725522082,0.319,0.000
1725522082,0.253,0.000
1725522082,0.571,0.000
1725522082,0.446,0.000
1725522082,0.352,0.000
1725522082,0.303,0.000
1725522082,0.287,0.000
1725522082,0.330,0.000
1725522082,0.338,0.000
1725522082,0.336,0.000
1725522082,0.461,0.000
1725522082,0.306,0.000
1725522082,0.404,0.000
1725522082,0.293,0.000
1725522082,0.260,0.000
1725522082,0.305,0.000
1725522082,0.361,0.000
1725522082,0.213,0.000
1725522082,0.339,0.000
1725522082,0.285,0.000
1725522082,0.340,0.000
1725522082,0.366,0.000
1725522082,0.540,0.000
1725522082,0.299,0.000
1725522082,0.430,0.000
1725522082,0.370,0.000
1725522082,0.343,0.000
1725522082,0.331,0.000
1725522082,0.351,0.000
1725522082,0.337,0.000
1725522082,0.346,0.000
1725522082,0.397,0.000
1725522082,0.271,0.000
1725522082,0.494,0.000
1725522082,0.288,0.000
1725522082,0.521,0.000
1725522082,0.259,0.000
1725522082,0.420,0.000
1725522082,0.494,0.000
1725522082,0.374,0.000
1725522082,0.254,0.000
1725522082,0.390,0.000
1725522082,0.376,0.000
1725522082,0.295,0.000
1725522082,0.411,0.000
1725522082,0.428,0.000
1725522082,0.537,0.000
1725522082,0.530,0.000
1725522082,0.288,0.000
1725522082,0.291,0.000
1725522082,0.461,0.000
1725522082,0.299,0.000
1725522082,0.265,0.000
1725522082,0.327,0.000
1725522082,0.273,0.000
1725522082,0.414,0.000
1725522082,0.325,0.000
1725522082,0.442,0.000
1725522082,0.334,0.000
1725522082,0.247,0.000
1725522082,0.267,0.000
1725522082,0.443,0.000
1725522082,0.401,0.000
1725522082,0.312,0.000
1725522082,0.261,0.000
1725522082,0.287,0.000
1725522082,0.353,0.000
1725522082,0.316,0.000
1725522082,0.265,0.000
1725522082,0.306,0.000
1725522082,0.338,0.000
1725522083,0.340,0.000
1725522083,0.435,0.000
1725522083,0.331,0.000
1725522083,0.339,0.000
1725522083,0.406,0.000
1725522083,0.296,0.000
1725522083,0.541,0.000
1725522083,0.334,0.000
1725522083,0.383,0.000
1725522083,0.419,0.000
1725522083,0.331,0.000
1725522083,0.308,0.000
1725522083,0.373,0.000
1725522083,0.420,0.000
1725522083,0.306,0.000
1725522083,0.343,0.000
1725522083,0.218,0.000
1725522083,0.326,0.000
1725522083,0.315,0.000
1725522083,0.352,0.000
1725522083,0.328,0.000
1725522083,0.345,0.000
1725522083,0.356,0.000
1725522083,0.333,0.000
1725522083,0.338,0.000
1725522083,0.433,0.000
1725522083,0.392,0.000
1725522083,0.418,0.000
1725522083,0.302,0.000
1725522083,0.316,0.000
1725522083,0.334,0.000
1725522083,0.324,0.000
1725522083,0.268,0.000
1725522083,0.300,0.000
1725522083,0.345,0.000
1725522083,0.321,0.000
1725522083,0.348,0.000
1725522083,0.295,0.000
1725522083,0.310,0.000
1725522083,0.543,0.000
1725522083,0.340,0.000
1725522083,0.307,0.000
1725522083,0.486,0.000
1725522083,0.478,0.000
1725522083,0.373,0.000
1725522083,0.364,0.000
1725522083,0.499,0.000
1725522083,0.342,0.000
1725522083,0.496,0.000
1725522083,0.352,0.000
1725522083,0.289,0.000
1725522083,0.309,0.000
1725522083,0.285,0.000
1725522083,0.442,0.000
1725522083,0.226,0.000
1725522083,0.416,0.000
1725522083,0.488,0.000
1725522083,0.287,0.000
1725522083,0.297,0.000
1725522083,0.396,0.000
1725522083,0.326,0.000
1725522083,0.271,0.000
1725522083,0.263,0.000
1725522083,0.355,0.000
1725522083,0.437,0.000
1725522083,0.475,0.000
1725522083,0.424,0.000
1725522083,0.298,0.000
1725522083,0.255,0.000
1725522083,0.564,0.000
1725522083,0.389,0.000
1725522083,0.415,0.000
1725522083,0.377,0.000
1725522083,0.370,0.000
1725522083,0.269,0.000
1725522083,0.328,0.000
1725522083,0.303,0.000
1725522083,0.347,0.000
1725522083,0.314,0.000
1725522083,0.431,0.000
1725522083,0.418,0.000
1725522083,0.312,0.000
1725522083,0.283,0.000
1725522083,0.300,0.000
1725522083,0.363,0.000
1725522083,0.810,0.000
1725522083,0.308,0.000
1725522083,0.294,0.000
1725522083,0.383,0.000
1725522083,0.486,0.000
1725522083,0.341,0.000
1725522083,0.425,0.000
1725522083,0.303,0.000
1725522083,0.328,0.000
1725522083,0.259,0.000
1725522083,0.283,0.000
1725522083,0.308,0.000
1725522083,0.276,0.000
1725522083,0.291,0.000
1725522083,0.292,0.000
1725522083,0.366,0.000
1725522083,0.351,0.000
1725522083,0.303,0.000
1725522083,0.355,0.000
1725522083,0.371,0.000
1725522083,0.290,0.000
1725522083,0.365,0.000
1725522083,0.325,0.000
1725522083,0.265,0.000
1725522083,0.320,0.000
1725522083,0.402,0.000
1725522083,0.363,0.000
1725522083,0.301,0.000
1725522083,0.370,0.000
1725522083,0.325,0.000
1725522083,0.343,0.000
1725522083,0.401,0.000
1725522083,0.351,0.000
1725522083,0.390,0.000
1725522083,0.355,0.000
1725522083,0.311,0.000
1725522083,0.348,0.000
1725522083,0.601,0.000
1725522083,0.325,0.000
1725522083,0.481,0.000
1725522083,0.344,0.000
1725522083,0.314,0.000
1725522083,0.470,0.000
1725522083,0.298,0.000
1725522083,0.337,0.000
1725522083,0.389,0.000
1725522083,0.337,0.000
1725522083,0.287,0.000
1725522083,0.520,0.000
1725522083,0.243,0.000
1725522083,0.246,0.000
1725522083,0.281,0.000
1725522083,0.285,0.000
1725522083,0.349,0.000
1725522083,0.310,0.000
1725522083,0.306,0.000
1725522083,0.476,0.000
1725522083,0.456,0.000
1725522083,0.279,0.000
1725522083,0.494,0.000
1725522083,0.608,0.000
1725522083,0.292,0.000
1725522083,0.303,0.000
1725522083,0.349,0.000
1725522083,0.420,0.000
1725522083,0.292,0.000
1725522083,0.376,0.000
1725522083,0.348,0.000
1725522083,0.340,0.000
1725522083,0.326,0.000
1725522083,0.344,0.000
1725522083,0.324,0.000
1725522083,0.303,0.000
1725522083,0.356,0.000
1725522083,0.359,0.000
1725522083,0.468,0.000
1725522083,0.364,0.000
1725522083,0.356,0.000
1725522083,0.420,0.000
1725522084,0.286,0.000
1725522084,0.316,0.000
1725522084,0.308,0.000
1725522084,0.337,0.000
1725522084,0.274,0.000
1725522084,0.313,0.000
1725522084,0.310,0.000
1725522084,0.422,0.000
1725522084,0.349,0.000
1725522084,0.326,0.000
1725522084,0.219,0.000
1725522084,0.264,0.000
1725522084,1.218,0.000
1725522084,0.448,0.000
1725522084,0.728,0.000
1725522084,0.373,0.000
1725522084,0.407,0.000
1725522084,0.508,0.000
1725522084,0.268,0.000
1725522084,0.339,0.000
1725522084,0.254,0.000
1725522084,0.370,0.000
1725522084,0.314,0.000
1725522084,0.390,0.000
1725522084,0.297,0.000
1725522084,0.246,0.000
1725522084,0.443,0.000
1725522084,0.292,0.000
1725522084,0.265,0.000
1725522084,0.264,0.000
1725522084,0.349,0.000
1725522084,0.300,0.000
1725522084,0.341,0.000
1725522084,0.271,0.000
1725522084,0.297,0.000
1725522084,0.301,0.000
1725522084,0.431,0.000
1725522084,0.310,0.000
1725522084,0.345,0.000
1725522084,0.318,0.000
1725522084,0.284,0.000
1725522084,0.250,0.000
1725522084,0.324,0.000
1725522084,0.276,0.000
1725522084,0.277,0.000
1725522084,0.405,0.000
1725522084,0.407,0.000
1725522084,0.503,0.000
1725522084,0.477,0.000
1725522084,0.404,0.000
1725522084,0.468,0.000
1725522084,0.342,0.000
1725522084,0.244,0.000
1725522084,0.260,0.000
1725522084,0.340,0.000
1725522084,0.318,0.000
1725522084,0.402,0.000
1725522084,0.272,0.000
1725522084,0.390,0.000
1725522084,0.299,0.000
1725522084,0.233,0.000
1725522084,0.302,0.000
1725522084,0.307,0.000
1725522084,0.334,0.000
1725522084,0.351,0.000
1725522084,0.287,0.000
1725522084,0.386,0.000
1725522084,0.603,0.000
1725522084,0.285,0.000
1725522084,0.277,0.000
1725522084,0.623,0.000
1725522084,0.381,0.000
1725522084,0.371,0.000
1725522084,0.592,0.000
1725522084,0.335,0.000
1725522084,0.255,0.000
1725522084,0.244,0.000
1725522084,0.266,0.000
1725522084,0.349,0.000
1725522084,0.370,0.000
1725522084,0.396,0.000
1725522084,0.344,0.000
1725522084,0.294,0.000
1725522084,0.359,0.000
1725522084,0.323,0.000
1725522084,0.337,0.000
1725522084,0.289,0.000
1725522084,0.315,0.000
1725522084,0.252,0.000
1725522084,0.434,0.000
1725522084,0.344,0.000
1725522084,0.396,0.000
1725522084,0.326,0.000
1725522084,0.359,0.000
1725522084,0.360,0.000
1725522084,0.350,0.000
1725522084,0.387,0.000
1725522084,0.308,0.000
1725522084,0.317,0.000
1725522084,0.303,0.000
1725522084,0.709,0.000
1725522084,0.260,0.000
1725522084,0.375,0.000
1725522084,0.367,0.000
1725522084,0.297,0.000
1725522084,0.340,0.000
1725522084,0.337,0.000
1725522084,0.317,0.000
1725522084,0.365,0.000
1725522084,0.329,0.000
1725522084,0.256,0.000
1725522084,0.346,0.000
1725522084,0.472,0.000
1725522084,0.408,0.000
1725522084,0.288,0.000
1725522084,0.338,0.000
1725522084,0.407,0.000
1725522084,0.315,0.000
1725522084,0.337,0.000
1725522084,0.290,0.000
1725522084,0.481,0.000
1725522084,0.330,0.000
1725522084,0.322,0.000
1725522084,0.370,0.000
1725522084,0.348,0.000
1725522084,0.428,0.000
1725522084,0.290,0.000
1725522084,0.413,0.000
1725522084,0.373,0.000
1725522084,0.424,0.000
1725522084,0.229,0.000
1725522084,0.388,0.000
1725522084,0.255,0.000
1725522084,0.405,0.000
1725522084,0.324,0.000
1725522084,0.321,0.000
1725522084,0.286,0.000
1725522084,0.375,0.000
1725522084,0.285,0.000
1725522084,0.305,0.000
1725522084,0.434,0.000
1725522084,0.498,0.000
1725522084,0.363,0.000
1725522084,0.305,0.000
1725522084,0.492,0.000
1725522084,0.348,0.000
1725522084,0.290,0.000
1725522084,0.286,0.000
1725522084,0.287,0.000
1725522084,0.341,0.000
1725522084,0.271,0.000
1725522084,0.295,0.000
1725522084,0.691,0.000
1725522084,0.353,0.000
1725522084,0.303,0.000
1725522084,0.373,0.000
1725522084,0.281,0.000
1725522084,0.354,0.000
1725522085,0.387,0.000
1725522085,0.438,0.000
1725522085,0.445,0.000
1725522085,0.327,0.000
1725522085,0.309,0.000
1725522085,0.317,0.000
1725522085,0.436,0.000
1725522085,0.345,0.000
1725522085,0.349,0.000
1725522085,0.728,0.000
1725522085,0.323,0.000
1725522085,0.327,0.000
1725522085,0.378,0.000
1725522085,0.306,0.000
1725522085,0.228,0.000
1725522085,0.358,0.000
1725522085,0.384,0.000
1725522085,0.360,0.000
1725522085,0.342,0.000
1725522085,0.349,0.000
1725522085,0.287,0.000
1725522085,0.402,0.000
1725522085,0.514,0.000
1725522085,0.217,0.000
1725522085,0.377,0.000
1725522085,0.368,0.000
1725522085,0.507,0.000
1725522085,0.404,0.000
1725522085,0.305,0.000
1725522085,0.366,0.000
1725522085,0.449,0.000
1725522085,1.085,0.000
1725522085,0.295,0.000
1725522085,0.352,0.000
1725522085,0.302,0.000
1725522085,0.356,0.000
1725522085,0.302,0.000
1725522085,0.694,0.000
1725522085,0.398,0.000
1725522085,0.306,0.000
1725522085,0.299,0.000
1725522085,0.320,0.000
1725522085,0.313,0.000
1725522085,0.360,0.000
1725522085,0.330,0.000
1725522085,0.441,0.000
1725522085,0.527,0.000
1725522085,0.380,0.000
1725522085,0.438,0.000
1725522085,0.360,0.000
1725522085,0.314,0.000
1725522085,0.315,0.000
1725522085,0.269,0.000
1725522085,0.563,0.000
1725522085,0.281,0.000
1725522085,0.266,0.000
1725522085,0.336,0.000
1725522085,0.292,0.000
1725522085,0.305,0.000
1725522085,0.313,0.000
1725522085,0.469,0.000
1725522085,0.277,0.000
1725522085,0.326,0.000
1725522085,0.311,0.000
1725522085,0.294,0.000
1725522085,0.290,0.000
1725522085,0.367,0.000
1725522085,0.359,0.000
1725522085,0.342,0.000
1725522085,0.328,0.000
1725522085,0.314,0.000
1725522085,0.387,0.000
1725522085,0.417,0.000
1725522085,0.339,0.000
1725522085,0.435,0.000
1725522085,0.384,0.000
1725522085,0.324,0.000
1725522085,0.450,0.000
1725522085,0.526,0.000
1725522085,0.399,0.000
1725522085,0.362,0.000
1725522085,0.348,0.000
1725522085,0.354,0.000
1725522085,0.269,0.000
1725522085,0.260,0.000
1725522085,0.327,0.000
1725522085,0.322,0.000
1725522085,0.307,0.000
1725522085,0.479,0.000
1725522085,0.625,0.000
1725522085,0.346,0.000
1725522085,0.350,0.000
1725522085,0.334,0.000
1725522085,0.353,0.000
1725522085,0.497,0.000
1725522085,0.333,0.000
1725522085,0.274,0.000
1725522085,0.398,0.000
1725522085,0.256,0.000
1725522085,0.455,0.000
1725522085,0.315,0.000
1725522085,0.418,0.000
1725522085,0.306,0.000
1725522085,0.469,0.000
1725522085,0.308,0.000
1725522085,0.358,0.000
1725522085,0.351,0.000
1725522085,0.304,0.000
1725522085,0.283,0.000
1725522085,0.308,0.000
1725522085,0.324,0.000
1725522085,0.347,0.000
1725522085,0.335,0.000
1725522085,0.367,0.000
1725522085,0.330,0.000
1725522085,0.395,0.000
1725522085,0.344,0.000
1725522085,0.537,0.000
1725522085,0.300,0.000
1725522085,0.526,0.000
1725522085,0.539,0.000
1725522085,0.375,0.000
1725522085,0.271,0.000
1725522085,0.318,0.000
1725522085,0.341,0.000
1725522085,0.248,0.000
1725522085,0.455,0.000
1725522085,0.268,0.000
1725522085,0.327,0.000
1725522085,0.360,0.000
1725522085,0.341,0.000
1725522085,0.308,0.000
1725522085,0.320,0.000
1725522085,0.369,0.000
1725522085,0.329,0.000
1725522085,0.367,0.000
1725522085,0.592,0.000
1725522085,0.455,0.000
1725522085,0.318,0.000
1725522085,0.547,0.000
1725522085,0.262,0.000
1725522085,0.288,0.000
1725522085,0.298,0.000
1725522085,0.364,0.000
1725522085,0.454,0.000
1725522085,0.351,0.000
1725522085,0.283,0.000
1725522085,0.284,0.000
1725522085,0.309,0.000
1725522085,0.332,0.000
1725522085,0.450,0.000
1725522085,0.294,0.000
1725522085,0.385,0.000
1725522085,0.411,0.000
1725522085,0.345,0.000
1725522085,0.395,0.000
1725522085,0.318,0.000
1725522085,0.292,0.000
1725522085,0.343,0.000
1725522085,0.240,0.000
1725522085,0.292,0.000
1725522085,0.279,0.000
1725522085,0.366,0.000
1725522085,0.446,0.000
1725522085,0.396,0.000
1725522085,0.301,0.000
1725522085,0.318,0.000
1725522085,0.449,0.000
1725522085,0.380,0.000
1725522085,0.472,0.000
1725522085,0.332,0.000
1725522085,0.336,0.000
1725522085,0.256,0.000
1725522086,0.292,0.000
1725522086,0.324,0.000
1725522086,0.346,0.000
1725522086,0.355,0.000
1725522086,0.269,0.000
1725522086,0.558,0.000
1725522086,0.262,0.000
1725522086,0.483,0.000
1725522086,0.361,0.000
1725522086,0.319,0.000
1725522086,0.231,0.000
1725522086,0.347,0.000
1725522086,0.270,0.000
1725522086,0.228,0.000
1725522086,0.329,0.000
1725522086,0.308,0.000
1725522086,0.386,0.000
1725522086,0.333,0.000
1725522086,0.252,0.000
1725522086,0.340,0.000
1725522086,0.474,0.000
1725522086,0.290,0.000
1725522086,0.285,0.000
1725522086,0.343,0.000
1725522086,0.397,0.000
1725522086,0.323,0.000
1725522086,0.335,0.000
1725522086,0.280,0.000
1725522086,0.297,0.000
1725522086,0.647,0.000
1725522086,0.325,0.000
1725522086,0.373,0.000
1725522086,0.349,0.000
1725522086,0.445,0.000
1725522086,0.326,0.000
1725522086,0.401,0.000
1725522086,0.375,0.000
1725522086,0.267,0.000
1725522086,0.256,0.000
1725522086,0.402,0.000
1725522086,0.293,0.000
1725522086,0.312,0.000
1725522086,0.202,0.000
1725522086,0.299,0.000
1725522086,0.283,0.000
1725522086,0.465,0.000
1725522086,0.421,0.000
1725522086,0.331,0.000
1725522086,0.444,0.000
1725522086,0.400,0.000
1725522086,0.431,0.000
1725522086,0.258,0.000
1725522086,0.396,0.000
1725522086,0.322,0.000
1725522086,0.255,0.000
1725522086,0.388,0.000
1725522086,0.266,0.000
1725522086,0.394,0.000
1725522086,0.458,0.000
1725522086,0.406,0.000
1725522086,0.309,0.000
1725522086,0.354,0.000
1725522086,0.288,0.000
1725522086,0.253,0.000
1725522086,0.415,0.000
1725522086,0.350,0.000
1725522086,0.380,0.000
1725522086,0.574,0.000
1725522086,0.315,0.000
1725522086,0.300,0.000
1725522086,0.431,0.000
1725522086,0.240,0.000
1725522086,0.321,0.000
1725522086,0.767,0.000
1725522086,0.356,0.000
1725522086,0.250,0.000
1725522086,0.339,0.000
1725522086,0.233,0.000
1725522086,0.363,0.000
1725522086,0.315,0.000
1725522086,0.310,0.000
1725522086,0.266,0.000
1725522086,0.483,0.000
1725522086,0.314,0.000
1725522086,0.530,0.000
1725522086,0.449,0.000
1725522086,0.297,0.000
1725522086,0.376,0.000
1725522086,0.310,0.000
1725522086,0.387,0.000
1725522086,0.249,0.000
1725522086,0.373,0.000
1725522086,0.327,0.000
1725522086,0.448,0.000
1725522086,0.396,0.000
1725522086,0.327,0.000
1725522086,0.304,0.000
1725522086,0.257,0.000
1725522086,0.308,0.000
1725522086,0.408,0.000
1725522086,0.327,0.000
1725522086,0.292,0.000
1725522086,0.352,0.000
1725522086,0.388,0.000
1725522086,0.344,0.000
1725522086,0.294,0.000
1725522086,0.271,0.000
1725522086,0.303,0.000
1725522086,0.293,0.000
1725522086,0.404,0.000
1725522086,0.275,0.000
1725522086,0.293,0.000
1725522086,0.368,0.000
1725522086,0.330,0.000
1725522086,0.406,0.000
1725522086,0.321,0.000
1725522086,0.367,0.000
1725522086,0.450,0.000
1725522086,0.400,0.000
1725522086,0.295,0.000
1725522086,0.296,0.000
1725522086,0.445,0.000
1725522086,0.346,0.000
1725522086,0.258,0.000
1725522086,0.271,0.000
1725522086,0.297,0.000
1725522086,0.419,0.000
1725522086,0.408,0.000
1725522086,0.333,0.000
1725522086,0.326,0.000
1725522086,0.300,0.000
1725522086,0.223,0.000
1725522086,0.357,0.000
1725522086,0.492,0.000
1725522086,0.365,0.000
1725522086,0.350,0.000
1725522086,0.396,0.000
1725522086,0.264,0.000
1725522086,0.353,0.000
1725522086,0.446,0.000
1725522086,0.447,0.000
1725522086,0.453,0.000
1725522086,0.364,0.000
1725522086,0.289,0.000
1725522086,0.316,0.000
1725522086,0.331,0.000
1725522086,0.262,0.000
1725522086,0.352,0.000
1725522086,0.245,0.000
1725522086,0.243,0.000
1725522086,0.368,0.000
1725522086,0.291,0.000
1725522086,0.343,0.000
1725522086,0.295,0.000
1725522086,0.401,0.000
1725522086,0.336,0.000
1725522086,0.283,0.000
1725522086,0.285,0.000
1725522086,0.369,0.000
1725522086,0.380,0.000
1725522086,0.306,0.000
1725522086,0.336,0.000
1725522086,0.339,0.000
1725522086,0.314,0.000
1725522086,0.406,0.000
1725522086,0.383,0.000
1725522086,0.307,0.000
1725522086,0.477,0.000
1725522086,0.487,0.000
1725522087,0.236,0.000
1725522087,0.436,0.000
1725522087,0.300,0.000
1725522087,0.283,0.000
1725522087,0.305,0.000
1725522087,0.412,0.000
1725522087,0.301,0.000
1725522087,0.285,0.000
1725522087,0.356,0.000
1725522087,0.268,0.000
1725522087,0.318,0.000
1725522087,0.290,0.000
1725522087,0.367,0.000
1725522087,0.239,0.000
1725522087,0.431,0.000
1725522087,0.324,0.000
1725522087,0.371,0.000
1725522087,0.364,0.000
1725522087,0.363,0.000
1725522087,0.274,0.000
1725522087,0.331,0.000
1725522087,0.260,0.000
1725522087,0.408,0.000
1725522087,0.280,0.000
1725522087,0.419,0.000
1725522087,0.267,0.000
1725522087,0.322,0.000
1725522087,0.255,0.000
1725522087,0.319,0.000
1725522087,0.359,0.000
1725522087,0.314,0.000
1725522087,0.277,0.000
1725522087,0.278,0.000
1725522087,0.440,0.000
1725522087,0.363,0.000
1725522087,0.390,0.000
1725522087,0.400,0.000
1725522087,0.373,0.000
1725522087,0.341,0.000
1725522087,0.353,0.000
1725522087,0.404,0.000
1725522087,0.435,0.000
1725522087,0.343,0.000
1725522087,0.248,0.000
1725522087,0.299,0.000
1725522087,0.293,0.000
1725522087,0.332,0.000
1725522087,0.338,0.000
1725522087,0.281,0.000
1725522087,0.257,0.000
1725522087,0.410,0.000
1725522087,0.361,0.000
1725522087,0.301,0.000
1725522087,0.552,0.000
1725522087,0.363,0.000
1725522087,0.263,0.000
1725522087,0.282,0.000
1725522087,0.401,0.000
1725522087,0.460,0.000
1725522087,0.324,0.000
1725522087,0.369,0.000
1725522087,0.237,0.000
1725522087,0.262,0.000
1725522087,0.301,0.000
1725522087,0.433,0.000
1725522087,0.275,0.000
1725522087,0.360,0.000
1725522087,0.598,0.000
1725522087,0.312,0.000
1725522087,0.257,0.000
1725522087,0.465,0.000
1725522087,0.444,0.000
1725522087,0.324,0.000
1725522087,0.300,0.000
1725522087,0.318,0.000
1725522087,0.255,0.000
1725522087,0.268,0.000
1725522087,0.336,0.000
1725522087,0.315,0.000
1725522087,0.477,0.000
1725522087,0.334,0.000
1725522087,0.300,0.000
1725522087,0.306,0.000
1725522087,0.317,0.000
1725522087,0.296,0.000
1725522087,0.410,0.000
1725522087,0.341,0.000
1725522087,0.581,0.000
1725522087,0.310,0.000
1725522087,0.321,0.000
1725522087,0.309,0.000
1725522087,0.263,0.000
1725522087,0.331,0.000
1725522087,0.322,0.000
1725522087,0.381,0.000
1725522087,0.364,0.000
1725522087,0.355,0.000
1725522087,0.300,0.000
1725522087,0.452,0.000
1725522087,0.506,0.000
1725522087,0.379,0.000
1725522087,0.258,0.000
1725522087,0.232,0.000
1725522087,0.297,0.000
1725522087,0.319,0.000
1725522087,0.324,0.000
1725522087,0.419,0.000
1725522087,0.431,0.000
1725522087,0.296,0.000
1725522087,0.339,0.000
1725522087,0.279,0.000
1725522087,0.320,0.000
1725522087,0.356,0.000
1725522087,0.321,0.000
1725522087,0.330,0.000
1725522087,0.292,0.000
1725522087,0.291,0.000
1725522087,0.264,0.000
1725522087,0.380,0.000
1725522087,0.436,0.000
1725522087,0.295,0.000
1725522087,0.450,0.000
1725522087,0.272,0.000
1725522087,0.284,0.000
1725522087,0.299,0.000
1725522087,0.309,0.000
1725522087,0.302,0.000
1725522087,0.274,0.000
1725522087,0.318,0.000
1725522087,0.504,0.000
1725522087,0.434,0.000
1725522087,0.383,0.000
1725522087,0.399,0.000
1725522087,0.248,0.000
1725522087,0.294,0.000
1725522087,0.273,0.000
1725522087,0.311,0.000
1725522087,0.349,0.000
1725522087,0.426,0.000
1725522087,0.474,0.000
1725522087,2.173,0.000
1725522087,0.213,0.000
1725522087,0.347,0.000
1725522087,0.370,0.000
1725522087,0.462,0.000
1725522087,0.389,0.000
1725522087,0.329,0.000
1725522087,0.267,0.000
1725522087,0.676,0.000
1725522087,0.320,0.000
1725522087,0.394,0.000
1725522087,0.362,0.000
1725522087,0.315,0.000
1725522087,0.431,0.000
1725522087,0.288,0.000
1725522087,0.300,0.000
1725522087,0.309,0.000
1725522087,0.250,0.000
1725522087,0.577,0.000
1725522087,0.341,0.000
1725522087,0.335,0.000
1725522087,0.389,0.000
1725522088,0.298,0.000
1725522088,0.322,0.000
1725522088,0.348,0.000
1725522088,0.385,0.000
1725522088,0.478,0.000
1725522088,0.327,0.000
1725522088,0.426,0.000
1725522088,0.503,0.000
1725522088,0.390,0.000
1725522088,0.351,0.000
1725522088,0.378,0.000
1725522088,0.288,0.000
1725522088,0.277,0.000
1725522088,0.399,0.000
1725522088,0.353,0.000
1725522088,0.345,0.000
1725522088,0.315,0.000
1725522088,0.312,0.000
1725522088,0.350,0.000
1725522088,0.388,0.000
1725522088,0.397,0.000
1725522088,0.333,0.000
1725522088,0.315,0.000
1725522088,0.350,0.000
1725522088,0.327,0.000
1725522088,0.289,0.000
1725522088,0.350,0.000
1725522088,0.334,0.000
1725522088,0.350,0.000
1725522088,0.365,0.000
1725522088,0.484,0.000
1725522088,0.519,0.000
1725522088,0.384,0.000
1725522088,0.307,0.000
1725522088,0.354,0.000
1725522088,0.315,0.000
1725522088,0.374,0.000
1725522088,0.325,0.000
1725522088,0.321,0.000
1725522088,0.378,0.000
1725522088,0.307,0.000
1725522088,0.379,0.000
1725522088,0.268,0.000
1725522088,0.418,0.000
1725522088,0.286,0.000
1725522088,0.291,0.000
1725522088,0.268,0.000
1725522088,0.261,0.000
1725522088,0.369,0.000
1725522088,0.254,0.000
1725522088,0.303,0.000
1725522088,0.456,0.000
1725522088,0.394,0.000
1725522088,0.330,0.000
1725522088,0.335,0.000
1725522088,0.292,0.000
1725522088,0.314,0.000
1725522088,0.348,0.000
1725522088,0.372,0.000
1725522088,0.336,0.000
1725522088,0.276,0.000
1725522088,0.246,0.000
1725522088,0.440,0.000
1725522088,0.423,0.000
1725522088,0.458,0.000
1725522088,0.379,0.000
1725522088,0.355,0.000
1725522088,0.503,0.000
1725522088,0.317,0.000
1725522088,0.309,0.000
1725522088,0.307,0.000
1725522088,0.365,0.000
1725522088,0.385,0.000
1725522088,0.256,0.000
1725522088,0.294,0.000
1725522088,0.413,0.000
1725522088,0.384,0.000
1725522088,0.311,0.000
1725522088,0.274,0.000
1725522088,0.455,0.000
1725522088,0.348,0.000
1725522088,0.862,0.000
1725522088,0.446,0.000
1725522088,0.347,0.000
1725522088,0.251,0.000
1725522088,0.441,0.000
1725522088,0.333,0.000
1725522088,0.400,0.000
1725522088,0.375,0.000
1725522088,0.279,0.000
1725522088,0.285,0.000
1725522088,0.291,0.000
1725522088,0.411,0.000
1725522088,0.355,0.000
1725522088,0.273,0.000
1725522088,0.527,0.000
1725522088,0.274,0.000
1725522088,0.326,0.000
1725522088,0.304,0.000
1725522088,0.282,0.000
1725522088,0.381,0.000
1725522088,0.349,0.000
1725522088,0.331,0.000
1725522088,0.414,0.000
1725522088,0.288,0.000
1725522088,0.272,0.000
1725522088,0.345,0.000
1725522088,0.424,0.000
1725522088,0.350,0.000
1725522088,0.315,0.000
1725522088,0.491,0.000
1725522088,0.419,0.000
1725522088,0.365,0.000
1725522088,0.322,0.000
1725522088,0.323,0.000
1725522088,0.282,0.000
1725522088,0.426,0.000
1725522088,0.254,0.000
1725522088,0.373,0.000
1725522088,0.309,0.000
1725522088,0.311,0.000
1725522088,0.352,0.000
1725522088,0.316,0.000
1725522088,0.346,0.000
1725522088,0.274,0.000
1725522088,0.264,0.000
1725522088,0.375,0.000
1725522088,0.329,0.000
1725522088,0.279,0.000
1725522088,0.260,0.000
1725522088,0.353,0.000
1725522088,0.329,0.000
1725522088,0.313,0.000
1725522088,0.377,0.000
1725522088,0.318,0.000
1725522088,0.287,0.000
1725522088,0.472,0.000
1725522088,0.388,0.000
1725522088,0.285,0.000
1725522088,0.472,0.000
1725522088,0.350,0.000
1725522088,0.257,0.000
1725522088,0.285,0.000
1725522088,0.388,0.000
1725522088,0.346,0.000
1725522088,0.287,0.000
1725522088,0.327,0.000
1725522088,0.355,0.000
1725522088,0.238,0.000
1725522088,0.339,0.000
1725522088,0.428,0.000
1725522088,0.347,0.000
1725522088,0.291,0.000
1725522088,0.568,0.000
1725522088,0.283,0.000
1725522088,0.310,0.000
1725522088,0.306,0.000
1725522088,0.295,0.000
1725522088,0.358,0.000
1725522088,0.272,0.000
1725522088,0.258,0.000
1725522088,0.311,0.000
1725522088,0.293,0.000
1725522088,0.398,0.000
1725522088,0.266,0.000
1725522088,0.432,0.000
1725522088,0.352,0.000
1725522088,0.306,0.000
1725522088,0.496,0.000
1725522088,0.284,0.000
1725522088,0.324,0.000
1725522089,0.280,0.000
1725522089,5.164,0.000
1725522089,0.339,0.000
1725522089,0.376,0.000
1725522089,0.637,0.000
1725522089,0.276,0.000
1725522089,0.267,0.000
1725522089,0.451,0.000
1725522089,0.337,0.000
1725522089,0.353,0.000
1725522089,0.341,0.000
1725522089,0.333,0.000
1725522089,0.368,0.000
1725522089,0.310,0.000
1725522089,0.267,0.000
1725522089,0.309,0.000
1725522089,0.471,0.000
1725522089,0.315,0.000
1725522089,0.313,0.000
1725522089,0.302,0.000
1725522089,0.283,0.000
1725522089,0.457,0.000
1725522089,0.291,0.000
1725522089,0.415,0.000
1725522089,0.328,0.000
1725522089,0.344,0.000
1725522089,0.336,0.000
1725522089,0.300,0.000
1725522089,0.790,0.000
1725522089,0.310,0.000
1725522089,0.323,0.000
1725522089,0.240,0.000
1725522089,0.310,0.000
1725522089,0.392,0.000
1725522089,0.268,0.000
1725522089,0.255,0.000
1725522089,0.284,0.000
1725522089,0.369,0.000
1725522089,0.319,0.000
1725522089,0.390,0.000
1725522089,0.409,0.000
1725522089,0.310,0.000
1725522089,0.426,0.000
1725522089,0.439,0.000
1725522089,0.690,0.000
1725522089,0.314,0.000
1725522089,0.372,0.000
1725522089,0.282,0.000
1725522089,0.307,0.000
1725522089,0.264,0.000
1725522089,0.311,0.000
1725522089,0.323,0.000
1725522089,0.262,0.000
1725522089,0.383,0.000
1725522089,0.314,0.000
1725522089,0.258,0.000
1725522089,0.387,0.000
1725522089,0.258,0.000
1725522089,0.306,0.000
1725522089,0.441,0.000
1725522089,0.487,0.000
1725522089,0.353,0.000
1725522089,0.358,0.000
1725522089,0.404,0.000
1725522089,0.323,0.000
1725522089,0.318,0.000
1725522089,0.301,0.000
1725522089,0.298,0.000
1725522089,0.335,0.000
1725522089,0.296,0.000
1725522089,0.280,0.000
1725522089,0.319,0.000
1725522089,0.377,0.000
1725522089,0.253,0.000
1725522089,0.453,0.000
1725522089,0.424,0.000
1725522089,0.337,0.000
1725522089,0.347,0.000
1725522089,0.448,0.000
1725522089,0.295,0.000
1725522089,0.306,0.000
1725522089,0.245,0.000
1725522089,0.294,0.000
1725522089,0.338,0.000
1725522089,0.504,0.000
1725522089,0.419,0.000
1725522089,0.235,0.000
1725522089,0.397,0.000
1725522089,0.313,0.000
1725522089,0.484,0.000
1725522089,0.303,0.000
1725522089,0.426,0.000
1725522089,0.352,0.000
1725522089,1.070,0.000
1725522089,0.343,0.000
1725522089,0.340,0.000
1725522089,0.388,0.000
1725522089,0.336,0.000
1725522089,0.319,0.000
1725522089,0.383,0.000
1725522089,0.434,0.000
1725522089,0.466,0.000
1725522089,0.334,0.000
1725522089,0.371,0.000
1725522089,0.363,0.000
1725522089,0.292,0.000
1725522089,0.419,0.000
1725522089,0.338,0.000
1725522089,0.340,0.000
1725522089,0.458,0.000
1725522089,0.288,0.000
1725522089,0.215,0.000
1725522089,0.249,0.000
1725522089,0.527,0.000
1725522089,0.308,0.000
1725522089,0.361,0.000
1725522089,0.305,0.000
1725522089,0.409,0.000
1725522089,0.407,0.000
1725522089,0.406,0.000
1725522089,0.325,0.000
1725522089,0.325,0.000
1725522089,0.305,0.000
1725522089,0.337,0.000
1725522089,0.268,0.000
1725522089,0.338,0.000
1725522089,0.267,0.000
1725522089,0.287,0.000
1725522089,0.381,0.000
1725522089,0.291,0.000
1725522089,0.679,0.000
1725522089,0.368,0.000
1725522089,0.334,0.000
1725522089,0.409,0.000
1725522089,0.361,0.000
1725522089,0.460,0.000
1725522089,0.452,0.000
1725522089,0.439,0.000
1725522089,0.349,0.000
1725522089,0.359,0.000
1725522089,0.334,0.000
1725522089,0.349,0.000
1725522089,0.379,0.000
1725522089,0.318,0.000
1725522089,0.436,0.000
1725522089,0.330,0.000
1725522089,0.304,0.000
1725522089,0.309,0.000
1725522089,0.317,0.000
1725522089,0.301,0.000
1725522089,0.259,0.000
1725522089,0.414,0.000
1725522089,0.547,0.000
1725522089,0.273,0.000
1725522089,0.407,0.000
1725522089,0.339,0.000
1725522089,0.560,0.000
1725522089,0.339,0.000
1725522089,0.332,0.000
1725522089,0.246,0.000
1725522089,0.415,0.000
1725522089,0.342,0.000
1725522089,0.367,0.000
1725522089,0.385,0.000
1725522089,0.463,0.000
1725522089,0.298,0.000
1725522089,0.276,0.000
1725522090,0.410,0.000
1725522090,0.260,0.000
1725522090,0.542,0.000
1725522090,0.276,0.000
1725522090,0.301,0.000
1725522090,0.303,0.000
1725522090,0.467,0.000
1725522090,0.404,0.000
1725522090,0.343,0.000
1725522090,0.315,0.000
1725522090,0.511,0.000
1725522090,0.350,0.000
1725522090,0.297,0.000
1725522090,0.365,0.000
1725522090,0.276,0.000
1725522090,0.377,0.000
1725522090,0.302,0.000
1725522090,0.296,0.000
1725522090,0.261,0.000
1725522090,0.247,0.000
1725522090,0.491,0.000
1725522090,0.585,0.000
1725522090,0.305,0.000
1725522090,0.260,0.000
1725522090,0.312,0.000
1725522090,0.407,0.000
1725522090,0.254,0.000
1725522090,0.461,0.000
1725522090,0.363,0.000
1725522090,0.426,0.000
1725522090,0.346,0.000
1725522090,0.305,0.000
1725522090,0.349,0.000
1725522090,0.304,0.000
1725522090,0.224,0.000
1725522090,0.295,0.000
1725522090,0.283,0.000
1725522090,0.312,0.000
1725522090,0.270,0.000
1725522090,0.393,0.000
1725522090,0.287,0.000
1725522090,0.279,0.000
1725522090,0.348,0.000
1725522090,0.454,0.000
1725522090,0.383,0.000
1725522090,0.362,0.000
1725522090,0.286,0.000
1725522090,0.448,0.000
1725522090,0.252,0.000
1725522090,0.438,0.000
1725522090,0.329,0.000
1725522090,0.401,0.000
1725522090,0.347,0.000
1725522090,0.302,0.000
1725522090,0.313,0.000
1725522090,0.360,0.000
1725522090,0.407,0.000
1725522090,0.294,0.000
1725522090,0.342,0.000
1725522090,0.452,0.000
1725522090,0.395,0.000
1725522090,0.290,0.000
1725522090,0.318,0.000
1725522090,0.429,0.000
1725522090,0.280,0.000
1725522090,0.336,0.000
1725522090,0.450,0.000
1725522090,0.348,0.000
1725522090,0.289,0.000
1725522090,0.313,0.000
1725522090,0.408,0.000
1725522090,0.368,0.000
1725522090,0.297,0.000
1725522090,0.321,0.000
1725522090,0.268,0.000
1725522090,0.283,0.000
1725522090,0.251,0.000
1725522090,0.346,0.000
1725522090,0.448,0.000
1725522090,0.345,0.000
1725522090,0.284,0.000
1725522090,0.326,0.000
1725522090,0.334,0.000
1725522090,0.277,0.000
1725522090,0.381,0.000
1725522090,0.402,0.000
1725522090,0.284,0.000
1725522090,0.448,0.000
1725522090,0.220,0.000
1725522090,0.457,0.000
1725522090,0.310,0.000
1725522090,0.342,0.000
1725522090,0.275,0.000
1725522090,0.558,0.000
1725522090,0.280,0.000
1725522090,0.443,0.000
1725522090,0.366,0.000
1725522090,0.344,0.000
1725522090,0.372,0.000
1725522090,0.293,0.000
1725522090,0.333,0.000
1725522090,0.488,0.000
1725522090,0.445,0.000
1725522090,0.402,0.000
1725522090,0.242,0.000
1725522090,0.267,0.000
1725522090,0.363,0.000
1725522090,0.432,0.000
1725522090,0.398,0.000
1725522090,0.378,0.000
1725522090,0.307,0.000
1725522090,0.297,0.000
1725522090,0.290,0.000
1725522090,0.432,0.000
1725522090,0.312,0.000
1725522090,0.305,0.000
1725522090,0.356,0.000
1725522090,0.482,0.000
1725522090,0.339,0.000
1725522090,0.295,0.000
1725522090,0.355,0.000
1725522090,0.366,0.000
1725522090,0.352,0.000
1725522090,0.284,0.000
1725522090,0.363,0.000
1725522090,0.301,0.000
1725522090,0.355,0.000
1725522090,0.272,0.000
1725522090,0.362,0.000
1725522090,0.331,0.000
1725522090,0.312,0.000
1725522090,0.299,0.000
1725522090,0.348,0.000
1725522090,0.298,0.000
1725522090,0.458,0.000
1725522090,0.281,0.000
1725522090,0.442,0.000
1725522090,0.282,0.000
1725522090,0.284,0.000
1725522090,0.291,0.000
1725522090,0.260,0.000
1725522090,0.358,0.000
1725522090,0.315,0.000
1725522090,0.262,0.000
1725522090,0.414,0.000
1725522090,0.361,0.000
1725522090,0.287,0.000
1725522090,0.247,0.000
1725522090,0.296,0.000
1725522090,0.380,0.000
1725522090,0.348,0.000
1725522090,0.410,0.000
1725522090,0.493,0.000
1725522090,0.379,0.000
1725522090,0.267,0.000
1725522090,0.578,0.000
1725522090,0.373,0.000
1725522090,1.676,0.000
1725522090,0.401,0.000
1725522090,0.371,0.000
1725522090,0.293,0.000
1725522090,0.372,0.000
1725522090,0.315,0.000
1725522090,0.339,0.000
1725522090,0.332,0.000
1725522090,0.338,0.000
1725522090,0.310,0.000
1725522091,0.316,0.000
1725522091,0.272,0.000
1725522091,0.455,0.000
1725522091,0.391,0.000
1725522091,0.298,0.000
1725522091,0.402,0.000
1725522091,0.347,0.000
1725522091,0.488,0.000
1725522091,0.255,0.000
1725522091,0.295,0.000
1725522091,0.340,0.000
1725522091,0.316,0.000
1725522091,0.301,0.000
1725522091,0.318,0.000
1725522091,0.321,0.000
1725522091,0.299,0.000
1725522091,0.269,0.000
1725522091,0.545,0.000
1725522091,0.370,0.000
1725522091,0.281,0.000
1725522091,0.443,0.000
1725522091,0.314,0.000
1725522091,0.349,0.000
1725522091,0.386,0.000
1725522091,0.281,0.000
1725522091,0.294,0.000
1725522091,0.381,0.000
1725522091,0.374,0.000
1725522091,0.263,0.000
1725522091,0.316,0.000
1725522091,0.454,0.000
1725522091,0.436,0.000
1725522091,0.269,0.000
1725522091,0.377,0.000
1725522091,0.464,0.000
1725522091,0.317,0.000
1725522091,0.417,0.000
1725522091,0.390,0.000
1725522091,0.350,0.000
1725522091,0.271,0.000
1725522091,0.535,0.000
1725522091,0.337,0.000
1725522091,0.448,0.000
1725522091,0.359,0.000
1725522091,0.261,0.000
1725522091,0.401,0.000
1725522091,0.636,0.000
1725522091,0.343,0.000
1725522091,0.373,0.000
1725522091,0.364,0.000
1725522091,0.242,0.000
1725522091,0.333,0.000
1725522091,0.409,0.000
1725522091,0.419,0.000
1725522091,0.379,0.000
1725522091,0.263,0.000
1725522091,0.356,0.000
1725522091,0.254,0.000
1725522091,0.250,0.000
1725522091,0.279,0.000
1725522091,0.385,0.000
1725522091,0.278,0.000
1725522091,0.366,0.000
1725522091,0.304,0.000
1725522091,0.319,0.000
1725522091,0.309,0.000
1725522091,0.369,0.000
1725522091,0.315,0.000
1725522091,0.452,0.000
1725522091,0.338,0.000
1725522091,0.261,0.000
1725522091,0.351,0.000
1725522091,0.257,0.000
1725522091,0.216,0.000
1725522091,0.394,0.000
1725522091,0.352,0.000
1725522091,0.338,0.000
1725522091,0.304,0.000
1725522091,0.290,0.000
1725522091,0.375,0.000
1725522091,0.280,0.000
1725522091,0.331,0.000
1725522091,0.291,0.000
1725522091,0.326,0.000
1725522091,0.243,0.000
1725522091,0.403,0.000
1725522091,0.331,0.000
1725522091,0.343,0.000
1725522091,0.236,0.000
1725522091,0.327,0.000
1725522091,0.369,0.000
1725522091,0.282,0.000
1725522091,0.406,0.000
1725522091,0.317,0.000
1725522091,0.370,0.000
1725522091,0.316,0.000
1725522091,0.367,0.000
1725522091,0.374,0.000
1725522091,0.458,0.000
1725522091,0.348,0.000
1725522091,0.258,0.000
1725522091,0.303,0.000
1725522091,0.355,0.000
1725522091,0.338,0.000
1725522091,0.687,0.000
1725522091,0.308,0.000
1725522091,0.372,0.000
1725522091,0.306,0.000
1725522091,0.400,0.000
1725522091,0.264,0.000
1725522091,0.254,0.000
1725522091,0.295,0.000
1725522091,0.255,0.000
1725522091,0.356,0.000
1725522091,0.300,0.000
1725522091,0.494,0.000
1725522091,0.357,0.000
1725522091,0.434,0.000
1725522091,0.335,0.000
1725522091,0.508,0.000
1725522091,0.277,0.000
1725522091,0.336,0.000
1725522091,0.485,0.000
1725522091,0.320,0.000
1725522091,0.268,0.000
1725522091,0.292,0.000
1725522091,0.317,0.000
1725522091,0.300,0.000
1725522091,0.318,0.000
1725522091,0.284,0.000
1725522091,0.444,0.000
1725522091,0.343,0.000
1725522091,0.507,0.000
1725522091,0.686,0.000
1725522091,0.323,0.000
1725522091,0.264,0.000
1725522091,0.331,0.000
1725522091,0.319,0.000
1725522091,0.291,0.000
1725522091,0.437,0.000
1725522091,0.361,0.000
1725522091,0.317,0.000
1725522091,0.269,0.000
1725522091,0.509,0.000
1725522091,0.263,0.000
1725522091,0.492,0.000
1725522091,0.471,0.000
1725522091,0.325,0.000
1725522091,0.351,0.000
1725522091,0.405,0.000
1725522091,0.333,0.000
1725522091,0.549,0.000
1725522091,0.333,0.000
1725522091,0.290,0.000
1725522091,0.261,0.000
1725522091,0.362,0.000
1725522091,0.272,0.000
1725522091,0.289,0.000
1725522091,0.461,0.000
1725522091,0.352,0.000
1725522091,0.355,0.000
1725522091,0.563,0.000
1725522091,0.253,0.000
1725522091,0.324,0.000
1725522091,0.318,0.000
1725522091,0.336,0.000
1725522091,0.290,0.000
1725522091,0.322,0.000
1725522091,0.311,0.000
1725522091,0.352,0.000
1725522091,0.636,0.000
1725522091,0.379,0.000
1725522091,0.545,0.000
1725522091,0.432,0.000
1725522091,0.281,0.000
1725522092,0.295,0.000
1725522092,0.290,0.000
1725522092,0.293,0.000
1725522092,0.391,0.000
1725522092,0.315,0.000
1725522092,0.312,0.000
1725522092,0.389,0.000
1725522092,0.295,0.000
1725522092,0.401,0.000
1725522092,0.349,0.000
1725522092,0.383,0.000
1725522092,0.302,0.000
1725522092,0.255,0.000
1725522092,0.385,0.000
1725522092,0.302,0.000
1725522092,0.377,0.000
1725522092,0.280,0.000
1725522092,0.341,0.000
1725522092,0.295,0.000
1725522092,0.465,0.000
1725522092,0.387,0.000
1725522092,0.251,0.000
1725522092,0.284,0.000
1725522092,0.282,0.000
1725522092,0.385,0.000
1725522092,0.317,0.000
1725522092,0.321,0.000
1725522092,0.529,0.000
1725522092,0.302,0.000
1725522092,0.422,0.000
1725522092,0.293,0.000
1725522092,0.271,0.000
1725522092,0.323,0.000
1725522092,0.261,0.000
1725522092,0.419,0.000
1725522092,0.280,0.000
1725522092,0.379,0.000
1725522092,0.726,0.000
1725522092,0.379,0.000
1725522092,0.301,0.000
1725522092,0.295,0.000
1725522092,0.382,0.000
1725522092,0.341,0.000
1725522092,0.267,0.000
1725522092,0.404,0.000
1725522092,0.490,0.000
1725522092,0.274,0.000
1725522092,0.332,0.000
1725522092,0.330,0.000
1725522092,0.379,0.000
1725522092,0.310,0.000
1725522092,0.354,0.000
1725522092,0.719,0.000
1725522092,0.243,0.000
1725522092,0.414,0.000
1725522092,0.302,0.000
1725522092,0.276,0.000
1725522092,0.313,0.000
1725522092,0.282,0.000
1725522092,0.584,0.000
1725522092,0.323,0.000
1725522092,0.514,0.000
1725522092,0.484,0.000
1725522092,0.333,0.000
1725522092,0.317,0.000
1725522092,0.316,0.000
1725522092,0.406,0.000
1725522092,0.474,0.000
1725522092,0.414,0.000
1725522092,0.283,0.000
1725522092,0.342,0.000
1725522092,0.241,0.000
1725522092,0.440,0.000
1725522092,0.472,0.000
1725522092,0.274,0.000
1725522092,0.308,0.000
1725522092,0.283,0.000
1725522092,0.262,0.000
1725522092,0.490,0.000
1725522092,0.412,0.000
1725522092,0.246,0.000
1725522092,0.259,0.000
1725522092,0.343,0.000
1725522092,0.315,0.000
1725522092,0.319,0.000
1725522092,0.296,0.000
1725522092,0.435,0.000
1725522092,0.291,0.000
1725522092,0.281,0.000
1725522092,0.321,0.000
1725522092,0.383,0.000
1725522092,0.331,0.000
1725522092,0.291,0.000
1725522092,0.242,0.000
1725522092,0.388,0.000
1725522092,0.294,0.000
1725522092,0.218,0.000
1725522092,0.309,0.000
1725522092,0.252,0.000
1725522092,0.372,0.000
1725522092,0.264,0.000
1725522092,0.380,0.000
1725522092,0.476,0.000
1725522092,0.288,0.000
1725522092,0.295,0.000
1725522092,0.269,0.000
1725522092,0.328,0.000
1725522092,0.418,0.000
1725522092,0.280,0.000
1725522092,0.285,0.000
1725522092,0.321,0.000
1725522092,0.259,0.000
1725522092,0.326,0.000
1725522092,0.237,0.000
1725522092,0.269,0.000
1725522092,0.377,0.000
1725522092,0.240,0.000
1725522092,0.448,0.000
1725522092,0.390,0.000
1725522092,0.318,0.000
1725522092,0.328,0.000
1725522092,0.382,0.000
1725522092,0.433,0.000
1725522092,0.341,0.000
1725522092,0.273,0.000
1725522092,0.315,0.000
1725522092,0.384,0.000
1725522092,0.470,0.000
1725522092,0.269,0.000
1725522092,0.398,0.000
1725522092,0.276,0.000
1725522092,0.320,0.000
1725522092,0.312,0.000
1725522092,0.261,0.000
1725522092,0.492,0.000
1725522092,0.362,0.000
1725522092,0.298,0.000
1725522092,0.329,0.000
1725522092,0.461,0.000
1725522092,0.289,0.000
1725522092,0.302,0.000
1725522092,0.560,0.000
1725522092,0.346,0.000
1725522092,0.440,0.000
1725522092,0.419,0.000
1725522092,0.322,0.000
1725522092,0.292,0.000
1725522092,0.256,0.000
1725522092,0.408,0.000
1725522092,0.317,0.000
1725522092,0.405,0.000
1725522092,0.405,0.000
1725522092,0.517,0.000
1725522092,0.283,0.000
1725522092,0.510,0.000
1725522092,0.338,0.000
1725522092,0.342,0.000
1725522092,0.295,0.000
1725522092,0.522,0.000
1725522092,0.258,0.000
1725522092,0.303,0.000
1725522092,0.315,0.000
1725522092,0.254,0.000
1725522092,0.398,0.000
1725522092,0.347,0.000
1725522092,0.322,0.000
1725522092,0.251,0.000
1725522092,0.432,0.000
1725522092,0.394,0.000
1725522092,0.291,0.000
1725522093,0.322,0.000
1725522093,0.476,0.000
1725522093,0.521,0.000
1725522093,0.272,0.000
1725522093,0.275,0.000
1725522093,0.245,0.000
1725522093,0.438,0.000
1725522093,0.298,0.000
1725522093,0.275,0.000
1725522093,0.330,0.000
1725522093,0.278,0.000
1725522093,0.307,0.000
1725522093,0.396,0.000
1725522093,0.421,0.000
1725522093,0.329,0.000
1725522093,0.438,0.000
1725522093,0.382,0.000
1725522093,0.262,0.000
1725522093,0.310,0.000
1725522093,0.373,0.000
1725522093,0.330,0.000
1725522093,0.464,0.000
1725522093,0.307,0.000
1725522093,0.302,0.000
1725522093,0.296,0.000
1725522093,0.418,0.000
1725522093,0.356,0.000
1725522093,0.337,0.000
1725522093,0.280,0.000
1725522093,0.312,0.000
1725522093,0.323,0.000
1725522093,0.282,0.000
1725522093,0.382,0.000
1725522093,0.220,0.000
1725522093,0.306,0.000
1725522093,0.305,0.000
1725522093,0.285,0.000
1725522093,0.469,0.000
1725522093,0.286,0.000
1725522093,0.347,0.000
1725522093,0.322,0.000
1725522093,0.280,0.000
1725522093,0.290,0.000
1725522093,0.367,0.000
1725522093,0.423,0.000
1725522093,0.419,0.000
1725522093,0.277,0.000
1725522093,0.433,0.000
1725522093,0.447,0.000
1725522093,0.355,0.000
1725522093,0.857,0.000
1725522093,0.371,0.000
1725522093,0.301,0.000
1725522093,0.558,0.000
1725522093,0.275,0.000
1725522093,0.424,0.000
1725522093,0.333,0.000
1725522093,0.274,0.000
1725522093,0.368,0.000
1725522093,0.317,0.000
1725522093,0.315,0.000
1725522093,0.303,0.000
1725522093,0.400,0.000
1725522093,0.378,0.000
1725522093,0.289,0.000
1725522093,0.297,0.000
1725522093,0.382,0.000
1725522093,0.389,0.000
1725522093,0.424,0.000
1725522093,0.323,0.000
1725522093,0.363,0.000
1725522093,0.342,0.000
1725522093,0.226,0.000
1725522093,0.444,0.000
1725522093,0.295,0.000
1725522093,0.375,0.000
1725522093,0.330,0.000
1725522093,0.294,0.000
1725522093,0.296,0.000
1725522093,0.712,0.000
1725522093,0.348,0.000
1725522093,0.384,0.000
1725522093,0.296,0.000
1725522093,0.281,0.000
1725522093,0.325,0.000
1725522093,0.296,0.000
1725522093,0.310,0.000
1725522093,0.328,0.000
1725522093,0.399,0.000
1725522093,0.266,0.000
1725522093,0.253,0.000
1725522093,0.403,0.000
1725522093,0.339,0.000
1725522093,0.427,0.000
1725522093,0.304,0.000
1725522093,0.384,0.000
1725522093,0.561,0.000
1725522093,0.269,0.000
1725522093,0.334,0.000
1725522093,0.382,0.000
1725522093,0.322,0.000
1725522093,0.371,0.000
1725522093,0.298,0.000
1725522093,0.471,0.000
1725522093,0.373,0.000
1725522093,0.539,0.000
1725522093,0.332,0.000
1725522093,0.440,0.000
1725522093,0.379,0.000
1725522093,0.579,0.000
1725522093,0.285,0.000
1725522093,0.459,0.000
1725522093,0.418,0.000
1725522093,0.466,0.000
1725522093,0.480,0.000
1725522093,0.369,0.000
1725522093,0.410,0.000
1725522093,0.258,0.000
1725522093,0.287,0.000
1725522093,0.610,0.000
1725522093,0.478,0.000
1725522093,0.372,0.000
1725522093,0.389,0.000
1725522093,0.402,0.000
1725522093,0.287,0.000
1725522093,0.297,0.000
1725522093,0.287,0.000
1725522093,0.323,0.000
1725522093,0.367,0.000
1725522093,0.568,0.000
1725522093,0.286,0.000
1725522093,0.359,0.000
1725522093,0.367,0.000
1725522093,0.307,0.000
1725522093,0.498,0.000
1725522093,0.364,0.000
1725522093,0.364,0.000
1725522093,0.392,0.000
1725522093,0.290,0.000
1725522093,0.304,0.000
1725522093,0.330,0.000
1725522093,0.293,0.000
1725522093,0.286,0.000
1725522093,0.394,0.000
1725522093,0.324,0.000
1725522093,0.328,0.000
1725522093,0.333,0.000
1725522093,0.289,0.000
1725522093,0.437,0.000
1725522093,0.321,0.000
1725522093,0.428,0.000
1725522093,0.365,0.000
1725522093,0.334,0.000
1725522093,0.412,0.000
1725522093,0.359,0.000
1725522093,0.350,0.000
1725522093,0.280,0.000
1725522093,0.737,0.000
1725522093,0.314,0.000
1725522093,0.383,0.000
1725522094,0.311,0.000
1725522094,0.553,0.000
1725522094,0.312,0.000
1725522094,0.281,0.000
1725522094,0.677,0.000
1725522094,0.255,0.000
1725522094,0.381,0.000
1725522094,0.260,0.000
1725522094,0.259,0.000
1725522094,0.324,0.000
1725522094,0.508,0.000
1725522094,0.285,0.000
1725522094,0.552,0.000
1725522094,0.306,0.000
1725522094,0.337,0.000
1725522094,0.398,0.000
1725522094,0.444,0.000
1725522094,0.253,0.000
1725522094,0.285,0.000
1725522094,0.316,0.000
1725522094,0.417,0.000
1725522094,0.455,0.000
1725522094,0.302,0.000
1725522094,0.505,0.000
1725522094,0.286,0.000
1725522094,0.321,0.000
1725522094,0.438,0.000
1725522094,0.344,0.000
1725522094,0.342,0.000
1725522094,0.564,0.000
1725522094,0.367,0.000
1725522094,0.454,0.000
1725522094,0.317,0.000
1725522094,0.423,0.000
1725522094,0.364,0.000
1725522094,0.398,0.000
1725522094,0.483,0.000
1725522094,0.313,0.000
1725522094,0.298,0.000
1725522094,0.274,0.000
1725522094,0.495,0.000
1725522094,0.437,0.000
1725522094,0.343,0.000
1725522094,0.300,0.000
1725522094,0.316,0.000
1725522094,0.362,0.000
1725522094,0.275,0.000
1725522094,0.222,0.000
1725522094,0.396,0.000
1725522094,0.441,0.000
1725522094,0.518,0.000
1725522094,0.400,0.000
1725522094,0.439,0.000
1725522094,0.336,0.000
1725522094,0.292,0.000
1725522094,0.442,0.000
1725522094,0.383,0.000
1725522094,0.378,0.000
1725522094,0.326,0.000
1725522094,0.390,0.000
1725522094,0.363,0.000
1725522094,0.608,0.000
1725522094,0.314,0.000
1725522094,0.592,0.000
1725522094,0.318,0.000
1725522094,0.374,0.000
1725522094,0.292,0.000
1725522094,0.308,0.000
1725522094,0.340,0.000
1725522094,0.287,0.000
1725522094,0.294,0.000
1725522094,0.343,0.000
1725522094,0.294,0.000
1725522094,0.294,0.000
1725522094,0.345,0.000
1725522094,0.294,0.000
1725522094,0.368,0.000
1725522094,0.323,0.000
1725522094,0.352,0.000
1725522094,0.296,0.000
1725522094,0.264,0.000
1725522094,0.389,0.000
1725522094,0.390,0.000
1725522094,0.317,0.000
1725522094,0.370,0.000
1725522094,0.298,0.000
1725522094,0.306,0.000
1725522094,0.488,0.000
1725522094,0.324,0.000
1725522094,0.391,0.000
1725522094,0.260,0.000
1725522094,0.377,0.000
1725522094,0.303,0.000
1725522094,0.278,0.000
1725522094,0.371,0.000
1725522094,0.279,0.000
1725522094,0.336,0.000
1725522094,0.317,0.000
1725522094,0.356,0.000
1725522094,0.474,0.000
1725522094,0.464,0.000
1725522094,0.354,0.000
1725522094,0.317,0.000
1725522094,0.299,0.000
1725522094,0.296,0.000
1725522094,0.490,0.000
1725522094,0.275,0.000
1725522094,0.328,0.000
1725522094,0.309,0.000
1725522094,0.364,0.000
1725522094,0.384,0.000
1725522094,0.278,0.000
1725522094,0.338,0.000
1725522094,0.383,0.000
1725522094,0.271,0.000
1725522094,0.264,0.000
1725522094,0.256,0.000
1725522094,0.207,0.000
1725522094,0.303,0.000
1725522094,0.436,0.000
1725522094,0.681,0.000
1725522094,0.307,0.000
1725522094,0.275,0.000
1725522094,0.403,0.000
1725522094,0.236,0.000
1725522094,0.324,0.000
1725522094,0.427,0.000
1725522094,0.412,0.000
1725522094,0.344,0.000
1725522094,0.324,0.000
1725522094,0.615,0.000
1725522094,0.410,0.000
1725522094,0.731,0.000
1725522094,0.291,0.000
1725522094,0.388,0.000
1725522094,0.346,0.000
1725522094,0.337,0.000
1725522094,0.294,0.000
1725522094,0.425,0.000
1725522094,0.377,0.000
1725522094,0.297,0.000
1725522094,0.319,0.000
1725522094,0.318,0.000
1725522094,0.496,0.000
1725522094,0.484,0.000
1725522094,0.370,0.000
1725522094,0.362,0.000
1725522094,0.273,0.000
1725522094,0.293,0.000
1725522094,0.296,0.000
1725522094,0.330,0.000
1725522094,0.372,0.000
1725522094,0.346,0.000
1725522094,0.467,0.000
1725522094,0.272,0.000
1725522094,0.274,0.000
1725522094,0.311,0.000
1725522094,0.270,0.000
1725522094,0.270,0.000
1725522094,0.467,0.000
1725522094,0.261,0.000
1725522094,0.460,0.000
1725522094,0.341,0.000
1725522094,0.377,0.000
1725522094,0.271,0.000
1725522094,0.552,0.000
1725522095,0.281,0.000
1725522095,0.326,0.000
1725522095,0.284,0.000
1725522095,0.297,0.000
1725522095,0.320,0.000
1725522095,0.316,0.000
1725522095,0.365,0.000
1725522095,0.295,0.000
1725522095,0.315,0.000
1725522095,0.413,0.000
1725522095,0.384,0.000
1725522095,0.315,0.000
1725522095,0.247,0.000
1725522095,0.363,0.000
1725522095,0.424,0.000
1725522095,0.311,0.000
1725522095,0.413,0.000
1725522095,0.421,0.000
1725522095,0.319,0.000
1725522095,0.309,0.000
1725522095,0.357,0.000
1725522095,0.378,0.000
1725522095,0.347,0.000
1725522095,0.372,0.000
1725522095,0.350,0.000
1725522095,0.408,0.000
1725522095,0.343,0.000
1725522095,0.317,0.000
1725522095,0.315,0.000
1725522095,0.565,0.000
1725522095,0.444,0.000
1725522095,0.364,0.000
1725522095,0.562,0.000
1725522095,0.391,0.000
1725522095,0.546,0.000
1725522095,0.316,0.000
1725522095,0.342,0.000
1725522095,0.235,0.000
1725522095,0.459,0.000
1725522095,0.316,0.000
1725522095,0.301,0.000
1725522095,0.383,0.000
1725522095,0.537,0.000
1725522095,0.362,0.000
1725522095,0.410,0.000
1725522095,0.272,0.000
1725522095,0.412,0.000
1725522095,0.488,0.000
1725522095,0.259,0.000
1725522095,0.283,0.000
1725522095,0.261,0.000
1725522095,0.298,0.000
1725522095,0.408,0.000
1725522095,0.288,0.000
1725522095,0.326,0.000
1725522095,0.287,0.000
1725522095,0.350,0.000
1725522095,0.226,0.000
1725522095,0.365,0.000
1725522095,0.258,0.000
1725522095,0.311,0.000
1725522095,0.461,0.000
1725522095,0.372,0.000
1725522095,0.338,0.000
1725522095,0.393,0.000
1725522095,0.335,0.000
1725522095,0.280,0.000
1725522095,0.300,0.000
1725522095,0.326,0.000
1725522095,0.326,0.000
1725522095,0.482,0.000
1725522095,0.391,0.000
1725522095,0.326,0.000
1725522095,0.299,0.000
1725522095,0.461,0.000
1725522095,0.356,0.000
1725522095,0.251,0.000
1725522095,0.378,0.000
1725522095,0.371,0.000
1725522095,0.405,0.000
1725522095,0.347,0.000
1725522095,0.469,0.000
1725522095,0.377,0.000
1725522095,0.369,0.000
1725522095,0.398,0.000
1725522095,0.243,0.000
1725522095,0.310,0.000
1725522095,0.282,0.000
1725522095,0.479,0.000
1725522095,0.367,0.000
1725522095,0.356,0.000
1725522095,0.326,0.000
1725522095,0.436,0.000
1725522095,0.270,0.000
1725522095,0.321,0.000
1725522095,0.343,0.000
1725522095,0.291,0.000
1725522095,0.381,0.000
1725522095,0.359,0.000
1725522095,0.441,0.000
1725522095,0.369,0.000
1725522095,0.272,0.000
1725522095,0.433,0.000
1725522095,0.299,0.000
1725522095,0.297,0.000
1725522095,0.289,0.000
1725522095,0.481,0.000
1725522095,0.386,0.000
1725522095,0.308,0.000
1725522095,0.275,0.000
1725522095,0.299,0.000
1725522095,0.370,0.000
1725522095,0.424,0.000
1725522095,0.451,0.000
1725522095,0.298,0.000
1725522095,0.301,0.000
1725522095,0.513,0.000
1725522095,0.327,0.000
1725522095,0.309,0.000
1725522095,0.504,0.000
1725522095,0.384,0.000
1725522095,0.324,0.000
1725522095,0.419,0.000
1725522095,0.294,0.000
1725522095,0.348,0.000
1725522095,0.319,0.000
1725522095,0.331,0.000
1725522095,0.317,0.000
1725522095,0.281,0.000
1725522095,0.238,0.000
1725522095,0.254,0.000
1725522095,0.311,0.000
1725522095,0.357,0.000
1725522095,0.533,0.000
1725522095,0.373,0.000
1725522095,0.404,0.000
1725522095,0.299,0.000
1725522095,0.255,0.000
1725522095,0.289,0.000
1725522095,0.353,0.000
1725522095,0.311,0.000
1725522095,0.341,0.000
1725522095,0.326,0.000
1725522095,0.272,0.000
1725522095,0.324,0.000
1725522095,0.330,0.000
1725522095,0.392,0.000
1725522095,0.384,0.000
1725522095,0.310,0.000
1725522095,0.277,0.000
1725522095,0.277,0.000
1725522095,0.324,0.000
1725522095,0.686,0.000
1725522095,0.338,0.000
1725522095,0.294,0.000
1725522095,0.394,0.000
1725522095,0.326,0.000
1725522095,0.275,0.000
1725522095,0.404,0.000
1725522095,0.287,0.000
1725522095,0.279,0.000
1725522095,0.363,0.000
1725522095,0.392,0.000
1725522095,0.370,0.000
1725522095,0.411,0.000
1725522095,0.314,0.000
1725522095,0.346,0.000
1725522095,0.359,0.000
1725522095,0.397,0.000
1725522095,0.299,0.000
1725522095,0.235,0.000
1725522095,0.280,0.000
1725522095,0.325,0.000
1725522095,0.251,0.000
1725522096,0.301,0.000
1725522096,0.337,0.000
1725522096,0.335,0.000
1725522096,0.326,0.000
1725522096,0.314,0.000
1725522096,0.627,0.000
1725522096,0.285,0.000
1725522096,0.285,0.000
1725522096,0.336,0.000
1725522096,0.361,0.000
1725522096,0.257,0.000
1725522096,0.387,0.000
1725522096,0.330,0.000
1725522096,0.310,0.000
1725522096,0.333,0.000
1725522096,0.532,0.000
1725522096,0.448,0.000
1725522096,0.239,0.000
1725522096,0.407,0.000
1725522096,0.312,0.000
1725522096,0.339,0.000
1725522096,0.299,0.000
1725522096,0.446,0.000
1725522096,0.315,0.000
1725522096,0.381,0.000
1725522096,0.332,0.000
1725522096,0.523,0.000
1725522096,0.321,0.000
1725522096,0.320,0.000
1725522096,0.327,0.000
1725522096,0.533,0.000
1725522096,0.324,0.000
1725522096,0.343,0.000
1725522096,0.404,0.000
1725522096,0.403,0.000
1725522096,0.362,0.000
1725522096,0.310,0.000
1725522096,0.376,0.000
1725522096,0.335,0.000
1725522096,0.298,0.000
1725522096,0.269,0.000
1725522096,0.343,0.000
1725522096,0.275,0.000
1725522096,0.387,0.000
1725522096,0.290,0.000
1725522096,0.442,0.000
1725522096,0.303,0.000
1725522096,0.354,0.000
1725522096,0.414,0.000
1725522096,0.446,0.000
1725522096,0.344,0.000
1725522096,0.375,0.000
1725522096,0.325,0.000
1725522096,0.384,0.000
1725522096,0.550,0.000
1725522096,0.251,0.000
1725522096,0.335,0.000
1725522096,0.318,0.000
1725522096,0.338,0.000
1725522096,0.351,0.000
1725522096,0.351,0.000
1725522096,0.414,0.000
1725522096,0.289,0.000
1725522096,0.313,0.000
1725522096,0.269,0.000
1725522096,0.291,0.000
1725522096,0.325,0.000
1725522096,0.302,0.000
1725522096,0.332,0.000
1725522096,0.326,0.000
1725522096,0.339,0.000
1725522096,0.334,0.000
1725522096,0.320,0.000
1725522096,0.307,0.000
1725522096,0.332,0.000
1725522096,0.568,0.000
1725522096,0.311,0.000
1725522096,0.448,0.000
1725522096,0.299,0.000
1725522096,0.331,0.000
1725522096,0.364,0.000
1725522096,0.260,0.000
1725522096,0.303,0.000
1725522096,0.247,0.000
1725522096,0.315,0.000
1725522096,0.295,0.000
1725522096,0.424,0.000
1725522096,0.355,0.000
1725522096,0.312,0.000
1725522096,0.301,0.000
1725522096,0.297,0.000
1725522096,0.475,0.000
1725522096,0.522,0.000
1725522096,0.402,0.000
1725522096,0.345,0.000
1725522096,0.357,0.000
1725522096,0.308,0.000
1725522096,0.283,0.000
1725522096,0.384,0.000
1725522096,0.652,0.000
1725522096,0.285,0.000
1725522096,0.354,0.000
1725522096,0.303,0.000
1725522096,0.389,0.000
1725522096,0.353,0.000
1725522096,0.330,0.000
1725522096,0.350,0.000
1725522096,0.322,0.000
1725522096,0.337,0.000
1725522096,0.240,0.000
1725522096,0.344,0.000
1725522096,0.284,0.000
1725522096,0.327,0.000
1725522096,0.350,0.000
1725522096,0.785,0.000
1725522096,0.312,0.000
1725522096,0.381,0.000
1725522096,0.271,0.000
1725522096,0.304,0.000
1725522096,0.353,0.000
1725522096,0.331,0.000
1725522096,0.314,0.000
1725522096,0.321,0.000
1725522096,0.362,0.000
1725522096,0.290,0.000
1725522096,0.374,0.000
1725522096,0.241,0.000
1725522096,0.392,0.000
1725522096,3.028,0.000
1725522096,0.337,0.000
1725522096,0.240,0.000
1725522096,0.276,0.000
1725522096,0.352,0.000
1725522096,0.371,0.000
1725522096,0.223,0.000
1725522096,0.345,0.000
1725522096,0.502,0.000
1725522096,0.316,0.000
1725522096,0.280,0.000
1725522096,0.328,0.000
1725522096,0.454,0.000
1725522096,0.337,0.000
1725522096,0.332,0.000
1725522096,0.356,0.000
1725522096,0.359,0.000
1725522096,0.374,0.000
1725522096,0.276,0.000
1725522096,0.259,0.000
1725522096,0.431,0.000
1725522096,0.231,0.000
1725522096,0.310,0.000
1725522096,0.340,0.000
1725522096,0.306,0.000
1725522096,0.323,0.000
1725522096,0.343,0.000
1725522096,0.276,0.000
1725522096,0.382,0.000
1725522096,0.414,0.000
1725522096,0.398,0.000
1725522096,0.352,0.000
1725522096,0.270,0.000
1725522096,0.340,0.000
1725522096,0.322,0.000
1725522096,0.374,0.000
1725522096,0.322,0.000
1725522096,0.387,0.000
1725522096,0.321,0.000
1725522097,0.464,0.000
1725522097,0.332,0.000
1725522097,0.358,0.000
1725522097,0.466,0.000
1725522097,0.361,0.000
1725522097,0.428,0.000
1725522097,0.299,0.000
1725522097,0.413,0.000
1725522097,0.497,0.000
1725522097,0.348,0.000
1725522097,0.280,0.000
1725522097,0.332,0.000
1725522097,0.328,0.000
1725522097,0.337,0.000
1725522097,0.340,0.000
1725522097,0.499,0.000
1725522097,0.266,0.000
1725522097,0.289,0.000
1725522097,0.267,0.000
1725522097,0.294,0.000
1725522097,0.358,0.000
1725522097,0.358,0.000
1725522097,0.306,0.000
1725522097,0.559,0.000
1725522097,0.331,0.000
1725522097,0.351,0.000
1725522097,0.316,0.000
1725522097,0.289,0.000
1725522097,0.341,0.000
1725522097,0.336,0.000
1725522097,0.298,0.000
1725522097,0.278,0.000
1725522097,0.406,0.000
1725522097,0.267,0.000
1725522097,0.312,0.000
1725522097,0.345,0.000
1725522097,0.345,0.000
1725522097,0.330,0.000
1725522097,0.284,0.000
1725522097,0.355,0.000
1725522097,0.269,0.000
1725522097,0.376,0.000
1725522097,0.305,0.000
1725522097,0.459,0.000
1725522097,0.282,0.000
1725522097,0.282,0.000
1725522097,0.428,0.000
1725522097,0.315,0.000
1725522097,0.398,0.000
1725522097,0.284,0.000
1725522097,0.407,0.000
1725522097,0.360,0.000
1725522097,0.314,0.000
1725522097,0.381,0.000
1725522097,0.359,0.000
1725522097,0.338,0.000
1725522097,0.379,0.000
1725522097,0.296,0.000
1725522097,0.363,0.000
1725522097,0.424,0.000
1725522097,0.320,0.000
1725522097,0.273,0.000
1725522097,0.378,0.000
1725522097,0.356,0.000
1725522097,0.299,0.000
1725522097,0.388,0.000
1725522097,0.381,0.000
1725522097,0.360,0.000
1725522097,0.490,0.000
1725522097,0.397,0.000
1725522097,0.416,0.000
1725522097,0.744,0.000
1725522097,0.414,0.000
1725522097,0.470,0.000
1725522097,0.414,0.000
1725522097,0.322,0.000
1725522097,0.415,0.000
1725522097,0.291,0.000
1725522097,0.296,0.000
1725522097,0.290,0.000
1725522097,0.318,0.000
1725522097,0.300,0.000
1725522097,0.273,0.000
1725522097,0.304,0.000
1725522097,0.308,0.000
1725522097,0.367,0.000
1725522097,0.330,0.000
1725522097,0.367,0.000
1725522097,0.308,0.000
1725522097,0.390,0.000
1725522097,0.434,0.000
1725522097,0.319,0.000
1725522097,0.247,0.000
1725522097,0.292,0.000
1725522097,0.293,0.000
1725522097,0.253,0.000
1725522097,0.358,0.000
1725522097,0.289,0.000
1725522097,0.400,0.000
1725522097,0.455,0.000
1725522097,0.362,0.000
1725522097,0.360,0.000
1725522097,0.316,0.000
1725522097,0.249,0.000
1725522097,0.377,0.000
1725522097,0.272,0.000
1725522097,0.319,0.000
1725522097,0.336,0.000
1725522097,0.314,0.000
1725522097,0.341,0.000
1725522097,0.560,0.000
1725522097,0.371,0.000
1725522097,0.332,0.000
1725522097,0.484,0.000
1725522097,0.314,0.000
1725522097,0.940,0.000
1725522097,0.493,0.000
1725522097,0.279,0.000
1725522097,0.278,0.000
1725522097,0.268,0.000
1725522097,0.398,0.000
1725522097,0.333,0.000
1725522097,0.405,0.000
1725522097,0.360,0.000
1725522097,0.475,0.000
1725522097,0.378,0.000
1725522097,0.267,0.000
1725522097,0.326,0.000
1725522097,0.300,0.000
1725522097,0.426,0.000
1725522097,0.350,0.000
1725522097,0.426,0.000
1725522097,0.215,0.000
1725522097,0.352,0.000
1725522097,0.370,0.000
1725522097,0.338,0.000
1725522097,0.297,0.000
1725522097,0.624,0.000
1725522097,0.366,0.000
1725522097,0.402,0.000
1725522097,0.418,0.000
1725522097,0.290,0.000
1725522097,0.238,0.000
1725522097,0.387,0.000
1725522097,0.281,0.000
1725522097,0.280,0.000
1725522097,0.311,0.000
1725522097,0.322,0.000
1725522097,0.429,0.000
1725522097,0.276,0.000
1725522097,0.433,0.000
1725522097,0.329,0.000
1725522097,0.326,0.000
1725522097,0.302,0.000
1725522097,0.362,0.000
1725522097,0.289,0.000
1725522097,0.242,0.000
1725522097,0.455,0.000
1725522097,0.360,0.000
1725522097,0.235,0.000
1725522097,0.322,0.000
1725522097,0.297,0.000
1725522097,0.319,0.000
1725522097,0.283,0.000
1725522097,0.300,0.000
1725522097,0.283,0.000
1725522097,0.340,0.000
1725522097,0.298,0.000
1725522097,0.424,0.000
1725522098,0.286,0.000
1725522098,0.299,0.000
1725522098,0.280,0.000
1725522098,0.292,0.000
1725522098,0.257,0.000
1725522098,0.274,0.000
1725522098,0.273,0.000
1725522098,0.259,0.000
1725522098,0.253,0.000
1725522098,0.321,0.000
1725522098,0.297,0.000
1725522098,0.364,0.000
1725522098,0.290,0.000
1725522098,0.309,0.000
1725522098,0.220,0.000
1725522098,0.283,0.000
1725522098,0.314,0.000
1725522098,0.313,0.000
1725522098,0.306,0.000
1725522098,0.311,0.000
1725522098,0.364,0.000
1725522098,0.317,0.000
1725522098,0.373,0.000
1725522098,0.288,0.000
1725522098,0.400,0.000
1725522098,0.255,0.000
1725522098,0.377,0.000
1725522098,0.364,0.000
1725522098,0.348,0.000
1725522098,0.421,0.000
1725522098,0.243,0.000
1725522098,0.249,0.000
1725522098,0.353,0.000
1725522098,0.326,0.000
1725522098,0.455,0.000
1725522098,0.351,0.000
1725522098,0.349,0.000
1725522098,0.310,0.000
1725522098,0.330,0.000
1725522098,0.424,0.000
1725522098,0.408,0.000
1725522098,0.310,0.000
1725522098,0.342,0.000
1725522098,0.315,0.000
1725522098,0.301,0.000
1725522098,0.358,0.000
1725522098,0.437,0.000
1725522098,0.545,0.000
1725522098,0.391,0.000
1725522098,0.269,0.000
1725522098,0.378,0.000
1725522098,0.274,0.000
1725522098,0.854,0.000
1725522098,0.270,0.000
1725522098,0.230,0.000
1725522098,0.297,0.000
1725522098,0.369,0.000
1725522098,0.256,0.000
1725522098,0.524,0.000
1725522098,0.248,0.000
1725522098,0.268,0.000
1725522098,0.542,0.000
1725522098,0.271,0.000
1725522098,0.356,0.000
1725522098,0.315,0.000
1725522098,0.288,0.000
1725522098,0.355,0.000
1725522098,0.314,0.000
1725522098,0.389,0.000
1725522098,0.357,0.000
1725522098,0.290,0.000
1725522098,0.337,0.000
1725522098,0.318,0.000
1725522098,0.410,0.000
1725522098,0.306,0.000
1725522098,0.227,0.000
1725522098,0.270,0.000
1725522098,0.321,0.000
1725522098,0.389,0.000
1725522098,0.305,0.000
1725522098,0.382,0.000
1725522098,0.346,0.000
1725522098,0.391,0.000
1725522098,0.323,0.000
1725522098,0.316,0.000
1725522098,0.372,0.000
1725522098,0.327,0.000
1725522098,0.353,0.000
1725522098,0.608,0.000
1725522098,0.289,0.000
1725522098,0.243,0.000
1725522098,0.291,0.000
1725522098,0.274,0.000
1725522098,0.296,0.000
1725522098,0.355,0.000
1725522098,0.369,0.000
1725522098,0.357,0.000
1725522098,0.251,0.000
1725522098,0.267,0.000
1725522098,0.461,0.000
1725522098,0.425,0.000
1725522098,0.379,0.000
1725522098,0.284,0.000
1725522098,0.436,0.000
1725522098,0.319,0.000
1725522098,0.408,0.000
1725522098,0.372,0.000
1725522098,0.274,0.000
1725522098,0.421,0.000
1725522098,0.311,0.000
1725522098,0.354,0.000
1725522098,0.377,0.000
1725522098,0.291,0.000
1725522098,0.320,0.000
1725522098,0.243,0.000
1725522098,0.307,0.000
1725522098,0.245,0.000
1725522098,0.391,0.000
1725522098,0.557,0.000
1725522098,0.272,0.000
1725522098,0.500,0.000
1725522098,0.308,0.000
1725522098,0.426,0.000
1725522098,0.291,0.000
1725522098,0.318,0.000
1725522098,0.308,0.000
1725522098,0.477,0.000
1725522098,0.363,0.000
1725522098,0.671,0.000
1725522098,0.491,0.000
1725522098,0.304,0.000
1725522098,0.339,0.000
1725522098,0.341,0.000
1725522098,0.640,0.000
1725522098,0.330,0.000
1725522098,0.470,0.000
1725522098,0.257,0.000
1725522098,0.323,0.000
1725522098,0.309,0.000
1725522098,0.270,0.000
1725522098,0.390,0.000
1725522098,0.302,0.000
1725522098,0.316,0.000
1725522098,0.413,0.000
1725522098,0.378,0.000
1725522098,0.271,0.000
1725522098,0.399,0.000
1725522098,0.327,0.000
1725522098,0.599,0.000
1725522098,0.334,0.000
1725522098,0.351,0.000
1725522098,0.401,0.000
1725522098,0.339,0.000
1725522098,0.260,0.000
1725522098,0.307,0.000
1725522098,0.367,0.000
1725522098,0.279,0.000
1725522098,0.314,0.000
1725522098,0.402,0.000
1725522098,0.461,0.000
1725522098,0.326,0.000
1725522098,0.357,0.000
1725522098,0.305,0.000
1725522098,0.382,0.000
1725522098,0.543,0.000
1725522098,0.295,0.000
1725522098,0.385,0.000
1725522098,0.329,0.000
1725522099,0.301,0.000
1725522099,0.434,0.000
1725522099,0.766,0.000
1725522099,0.347,0.000
1725522099,0.411,0.000
1725522099,0.424,0.000
1725522099,0.503,0.000
1725522099,0.569,0.000
1725522099,0.320,0.000
1725522099,0.378,0.000
1725522099,0.369,0.000
1725522099,0.453,0.000
1725522099,0.268,0.000
1725522099,0.283,0.000
1725522099,0.317,0.000
1725522099,0.317,0.000
1725522099,0.297,0.000
1725522099,0.372,0.000
1725522099,0.377,0.000
1725522099,0.318,0.000
1725522099,0.331,0.000
1725522099,0.352,0.000
1725522099,0.358,0.000
1725522099,0.578,0.000
1725522099,0.481,0.000
1725522099,0.360,0.000
1725522099,0.306,0.000
1725522099,0.221,0.000
1725522099,0.268,0.000
1725522099,0.301,0.000
1725522099,0.446,0.000
1725522099,0.386,0.000
1725522099,0.450,0.000
1725522099,0.359,0.000
1725522099,0.269,0.000
1725522099,0.265,0.000
1725522099,0.403,0.000
1725522099,0.517,0.000
1725522099,0.383,0.000
1725522099,0.260,0.000
1725522099,0.379,0.000
1725522099,0.525,0.000
1725522099,0.310,0.000
1725522099,0.719,0.000
1725522099,0.335,0.000
1725522099,0.303,0.000
1725522099,0.326,0.000
1725522099,0.309,0.000
1725522099,0.265,0.000
1725522099,0.273,0.000
1725522099,0.516,0.000
1725522099,0.281,0.000
1725522099,0.366,0.000
1725522099,0.391,0.000
1725522099,0.330,0.000
1725522099,0.403,0.000
1725522099,0.324,0.000
1725522099,0.407,0.000
1725522099,0.369,0.000
1725522099,0.320,0.000
1725522099,0.365,0.000
1725522099,0.283,0.000
1725522099,0.234,0.000
1725522099,0.365,0.000
1725522099,0.304,0.000
1725522099,0.297,0.000
1725522099,0.266,0.000
1725522099,0.671,0.000
1725522099,0.362,0.000
1725522099,0.273,0.000
1725522099,0.412,0.000
1725522099,0.306,0.000
1725522099,0.330,0.000
1725522099,0.293,0.000
1725522099,0.391,0.000
1725522099,0.480,0.000
1725522099,0.437,0.000
1725522099,0.304,0.000
1725522099,0.253,0.000
1725522099,0.277,0.000
1725522099,0.421,0.000
1725522099,0.362,0.000
1725522099,0.391,0.000
1725522099,0.224,0.000
1725522099,0.294,0.000
1725522099,0.649,0.000
1725522099,0.428,0.000
1725522099,0.351,0.000
1725522099,0.381,0.000
1725522099,0.248,0.000
1725522099,0.401,0.000
1725522099,0.420,0.000
1725522099,0.425,0.000
1725522099,0.285,0.000
1725522099,0.606,0.000
1725522099,0.277,0.000
1725522099,0.875,0.000
1725522099,0.324,0.000
1725522099,0.413,0.000
1725522099,0.532,0.000
1725522099,0.456,0.000
1725522099,0.597,0.000
1725522099,0.288,0.000
1725522099,0.383,0.000
1725522099,0.299,0.000
1725522099,0.311,0.000
1725522099,0.276,0.000
1725522099,0.431,0.000
1725522099,0.212,0.000
1725522099,0.307,0.000
1725522099,0.278,0.000
1725522099,0.804,0.000
1725522099,0.306,0.000
1725522099,0.306,0.000
1725522099,0.221,0.000
1725522099,0.317,0.000
1725522099,0.405,0.000
1725522099,0.280,0.000
1725522099,0.345,0.000
1725522099,0.313,0.000
1725522099,0.436,0.000
1725522099,0.310,0.000
1725522099,0.326,0.000
1725522099,0.289,0.000
1725522099,0.477,0.000
1725522099,0.279,0.000
1725522099,0.387,0.000
1725522099,0.427,0.000
1725522099,0.365,0.000
1725522099,0.451,0.000
1725522099,0.281,0.000
1725522099,0.456,0.000
1725522099,0.451,0.000
1725522099,0.410,0.000
1725522099,0.354,0.000
1725522099,0.370,0.000
1725522099,0.491,0.000
1725522099,0.358,0.000
1725522099,0.282,0.000
1725522099,0.368,0.000
1725522099,0.328,0.000
1725522099,0.295,0.000
1725522099,0.387,0.000
1725522099,0.319,0.000
1725522099,0.283,0.000
1725522099,0.849,0.000
1725522099,0.290,0.000
1725522099,0.251,0.000
1725522099,0.351,0.000
1725522099,0.366,0.000
1725522099,0.362,0.000
1725522099,0.283,0.000
1725522099,0.298,0.000
1725522099,0.314,0.000
1725522099,0.378,0.000
1725522099,0.314,0.000
1725522099,0.318,0.000
1725522099,0.274,0.000
1725522099,0.277,0.000
1725522099,0.302,0.000
1725522099,0.317,0.000
1725522099,0.350,0.000
1725522099,0.278,0.000
1725522099,0.332,0.000
1725522099,0.376,0.000
1725522099,0.256,0.000
1725522099,0.370,0.000
1725522100,0.599,0.000
1725522100,0.309,0.000
1725522100,0.384,0.000
1725522100,0.288,0.000
1725522100,0.324,0.000
1725522100,0.306,0.000
1725522100,0.266,0.000
1725522100,0.297,0.000
1725522100,0.627,0.000
1725522100,0.307,0.000
1725522100,0.314,0.000
1725522100,0.377,0.000
1725522100,0.352,0.000
1725522100,0.436,0.000
1725522100,0.466,0.000
1725522100,0.372,0.000
1725522100,0.285,0.000
1725522100,0.461,0.000
1725522100,0.698,0.000
1725522100,0.299,0.000
1725522100,0.350,0.000
1725522100,0.392,0.000
1725522100,0.408,0.000
1725522100,0.332,0.000
1725522100,0.307,0.000
1725522100,0.355,0.000
1725522100,0.295,0.000
1725522100,0.284,0.000
1725522100,0.293,0.000
1725522100,0.295,0.000
1725522100,0.447,0.000
1725522100,0.332,0.000
1725522100,0.359,0.000
1725522100,0.416,0.000
1725522100,0.243,0.000
1725522100,0.262,0.000
1725522100,0.597,0.000
1725522100,0.546,0.000
1725522100,0.270,0.000
1725522100,0.362,0.000
1725522100,0.301,0.000
1725522100,0.290,0.000
1725522100,0.415,0.000
1725522100,0.376,0.000
1725522100,0.319,0.000
1725522100,0.281,0.000
1725522100,0.254,0.000
1725522100,0.350,0.000
1725522100,0.261,0.000
1725522100,0.302,0.000
1725522100,0.332,0.000
1725522100,0.260,0.000
1725522100,0.331,0.000
1725522100,0.385,0.000
1725522100,0.301,0.000
1725522100,0.287,0.000
1725522100,0.413,0.000
1725522100,0.436,0.000
1725522100,0.395,0.000
1725522100,0.245,0.000
1725522100,0.450,0.000
1725522100,0.387,0.000
1725522100,0.432,0.000
1725522100,0.350,0.000
1725522100,0.381,0.000
1725522100,0.343,0.000
1725522100,0.335,0.000
1725522100,0.370,0.000
1725522100,0.204,0.000
1725522100,0.363,0.000
1725522100,0.412,0.000
1725522100,0.255,0.000
1725522100,0.438,0.000
1725522100,0.325,0.000
1725522100,0.372,0.000
1725522100,0.346,0.000
1725522100,0.443,0.000
1725522100,0.320,0.000
1725522100,0.253,0.000
1725522100,0.409,0.000
1725522100,0.312,0.000
1725522100,0.354,0.000
1725522100,0.351,0.000
1725522100,0.353,0.000
1725522100,0.317,0.000
1725522100,0.353,0.000
1725522100,0.276,0.000
1725522100,0.416,0.000
1725522100,0.454,0.000
1725522100,0.251,0.000
1725522100,0.303,0.000
1725522100,0.376,0.000
1725522100,0.374,0.000
1725522100,0.274,0.000
1725522100,0.272,0.000
1725522100,0.312,0.000
1725522100,0.389,0.000
1725522100,0.305,0.000
1725522100,0.379,0.000
1725522100,0.265,0.000
1725522100,0.502,0.000
1725522100,0.304,0.000
1725522100,0.294,0.000
1725522100,0.425,0.000
1725522100,0.310,0.000
1725522100,0.562,0.000
1725522100,0.373,0.000
1725522100,0.226,0.000
1725522100,0.300,0.000
1725522100,0.327,0.000
1725522100,0.331,0.000
1725522100,0.337,0.000
1725522100,0.345,0.000
1725522100,0.302,0.000
1725522100,0.268,0.000
1725522100,0.421,0.000
1725522100,0.471,0.000
1725522100,0.271,0.000
1725522100,0.362,0.000
1725522100,0.428,0.000
1725522100,0.301,0.000
1725522100,0.421,0.000
1725522100,0.304,0.000
1725522100,0.327,0.000
1725522100,0.412,0.000
1725522100,0.318,0.000
1725522100,0.367,0.000
1725522100,0.651,0.000
1725522100,0.402,0.000
1725522100,0.286,0.000
1725522100,0.239,0.000
1725522100,0.343,0.000
1725522100,0.322,0.000
1725522100,0.335,0.000
1725522100,0.301,0.000
1725522100,0.265,0.000
1725522100,0.465,0.000
1725522100,0.527,0.000
1725522100,0.373,0.000
1725522100,0.274,0.000
1725522100,0.342,0.000
1725522100,0.356,0.000
1725522100,0.438,0.000
1725522100,0.306,0.000
1725522100,0.275,0.000
1725522100,0.357,0.000
1725522100,0.358,0.000
1725522100,0.301,0.000
1725522100,0.324,0.000
1725522100,0.331,0.000
1725522100,0.269,0.000
1725522100,0.273,0.000
1725522100,0.393,0.000
1725522100,0.387,0.000
1725522100,0.298,0.000
1725522100,0.293,0.000
1725522100,0.318,0.000
1725522100,0.332,0.000
1725522100,0.335,0.000
1725522100,0.310,0.000
1725522100,0.433,0.000
1725522100,0.393,0.000
1725522100,0.494,0.000
1725522100,0.430,0.000
1725522100,0.325,0.000
1725522100,0.378,0.000
1725522100,0.345,0.000
1725522100,0.293,0.000
1725522100,0.347,0.000
1725522101,0.281,0.000
1725522101,0.339,0.000
1725522101,0.578,0.000
1725522101,0.801,0.000
1725522101,0.263,0.000
1725522101,0.295,0.000
1725522101,0.270,0.000
1725522101,0.352,0.000
1725522101,0.249,0.000
1725522101,0.299,0.000
1725522101,0.316,0.000
1725522101,0.360,0.000
1725522101,0.363,0.000
1725522101,0.255,0.000
1725522101,0.328,0.000
1725522101,0.496,0.000
1725522101,0.385,0.000
1725522101,0.387,0.000
1725522101,0.294,0.000
1725522101,0.478,0.000
1725522101,0.516,0.000
1725522101,0.290,0.000
1725522101,0.234,0.000
1725522101,0.284,0.000
1725522101,0.434,0.000
1725522101,0.351,0.000
1725522101,0.360,0.000
1725522101,0.444,0.000
1725522101,0.299,0.000
1725522101,0.284,0.000
1725522101,0.330,0.000
1725522101,0.344,0.000
1725522101,0.255,0.000
1725522101,0.366,0.000
1725522101,0.444,0.000
1725522101,0.273,0.000
1725522101,0.303,0.000
1725522101,0.462,0.000
1725522101,0.366,0.000
1725522101,0.304,0.000
1725522101,0.308,0.000
1725522101,0.281,0.000
1725522101,0.296,0.000
1725522101,0.446,0.000
1725522101,0.310,0.000
1725522101,0.269,0.000
1725522101,0.284,0.000
1725522101,0.459,0.000
1725522101,0.337,0.000
1725522101,0.213,0.000
1725522101,0.348,0.000
1725522101,0.291,0.000
1725522101,0.314,0.000
1725522101,0.255,0.000
1725522101,0.266,0.000
1725522101,0.342,0.000
1725522101,0.347,0.000
1725522101,0.476,0.000
1725522101,0.298,0.000
1725522101,0.359,0.000
1725522101,0.375,0.000
1725522101,0.423,0.000
1725522101,0.322,0.000
1725522101,0.305,0.000
1725522101,0.397,0.000
1725522101,0.309,0.000
1725522101,0.369,0.000
1725522101,0.281,0.000
1725522101,0.323,0.000
1725522101,0.284,0.000
1725522101,0.368,0.000
1725522101,0.439,0.000
1725522101,0.316,0.000
1725522101,0.377,0.000
1725522101,0.376,0.000
1725522101,0.310,0.000
1725522101,0.374,0.000
1725522101,0.280,0.000
1725522101,0.711,0.000
1725522101,0.315,0.000
1725522101,0.331,0.000
1725522101,0.313,0.000
1725522101,0.288,0.000
1725522101,0.461,0.000
1725522101,0.292,0.000
1725522101,0.284,0.000
1725522101,0.483,0.000
1725522101,0.379,0.000
1725522101,0.281,0.000
1725522101,0.351,0.000
1725522101,0.454,0.000
1725522101,0.344,0.000
1725522101,0.463,0.000
1725522101,0.372,0.000
1725522101,0.319,0.000
1725522101,0.238,0.000
1725522101,0.299,0.000
1725522101,0.363,0.000
1725522101,0.302,0.000
1725522101,0.472,0.000
1725522101,0.457,0.000
1725522101,0.324,0.000
1725522101,0.351,0.000
1725522101,0.272,0.000
1725522101,0.296,0.000
1725522101,0.347,0.000
1725522101,0.250,0.000
1725522101,0.350,0.000
1725522101,0.309,0.000
1725522101,0.367,0.000
1725522101,0.220,0.000
1725522101,0.464,0.000
1725522101,0.432,0.000
1725522101,0.526,0.000
1725522101,0.325,0.000
1725522101,0.515,0.000
1725522101,0.373,0.000
1725522101,0.243,0.000
1725522101,0.411,0.000
1725522101,0.261,0.000
1725522101,0.376,0.000
1725522101,0.302,0.000
1725522101,0.398,0.000
1725522101,0.330,0.000
1725522101,0.304,0.000
1725522101,0.370,0.000
1725522101,0.394,0.000
1725522101,0.268,0.000
1725522101,0.310,0.000
1725522101,0.303,0.000
1725522101,0.387,0.000
1725522101,0.310,0.000
1725522101,0.379,0.000
1725522101,0.275,0.000
1725522101,0.404,0.000
1725522101,0.369,0.000
1725522101,0.324,0.000
1725522101,0.335,0.000
1725522101,0.326,0.000
1725522101,0.381,0.000
1725522101,0.480,0.000
1725522101,0.320,0.000
1725522101,0.319,0.000
1725522101,0.374,0.000
1725522101,0.266,0.000
1725522101,0.428,0.000
1725522101,0.363,0.000
1725522101,0.401,0.000
1725522101,0.352,0.000
1725522101,0.321,0.000
1725522101,0.319,0.000
1725522101,0.559,0.000
1725522101,0.342,0.000
1725522101,0.382,0.000
1725522101,0.285,0.000
1725522101,0.327,0.000
1725522101,0.307,0.000
1725522101,0.273,0.000
1725522101,0.349,0.000
1725522101,0.316,0.000
1725522101,0.312,0.000
1725522101,0.393,0.000
1725522101,0.280,0.000
1725522101,0.448,0.000
1725522101,0.336,0.000
1725522101,0.365,0.000
1725522101,0.401,0.000
1725522101,0.421,0.000
1725522102,0.308,0.000
1725522102,0.390,0.000
1725522102,0.308,0.000
1725522102,0.355,0.000
1725522102,0.318,0.000
1725522102,0.319,0.000
1725522102,0.430,0.000
1725522102,0.349,0.000
1725522102,0.307,0.000
1725522102,0.327,0.000
1725522102,0.414,0.000
1725522102,0.476,0.000
1725522102,0.276,0.000
1725522102,0.641,0.000
1725522102,0.407,0.000
1725522102,0.395,0.000
1725522102,0.411,0.000
1725522102,0.348,0.000
1725522102,0.319,0.000
1725522102,0.303,0.000
1725522102,0.534,0.000
1725522102,0.274,0.000
1725522102,0.281,0.000
1725522102,0.426,0.000
1725522102,0.550,0.000
1725522102,0.302,0.000
1725522102,0.234,0.000
1725522102,0.425,0.000
1725522102,0.334,0.000
1725522102,0.264,0.000
1725522102,0.510,0.000
1725522102,0.444,0.000
1725522102,0.393,0.000
1725522102,0.274,0.000
1725522102,0.309,0.000
1725522102,0.339,0.000
1725522102,0.409,0.000
1725522102,0.435,0.000
1725522102,0.321,0.000
1725522102,0.331,0.000
1725522102,0.377,0.000
1725522102,0.348,0.000
1725522102,0.296,0.000
1725522102,0.278,0.000
1725522102,0.302,0.000
1725522102,0.310,0.000
1725522102,0.417,0.000
1725522102,0.388,0.000
1725522102,0.572,0.000
1725522102,0.398,0.000
1725522102,0.312,0.000
1725522102,0.301,0.000
1725522102,0.776,0.000
1725522102,0.426,0.000
1725522102,0.279,0.000
1725522102,0.363,0.000
1725522102,0.331,0.000
1725522102,0.471,0.000
1725522102,0.292,0.000
1725522102,0.337,0.000
1725522102,0.253,0.000
1725522102,0.239,0.000
1725522102,0.281,0.000
1725522102,0.330,0.000
1725522102,0.460,0.000
1725522102,0.309,0.000
1725522102,0.312,0.000
1725522102,0.371,0.000
1725522102,0.318,0.000
1725522102,0.423,0.000
1725522102,0.326,0.000
1725522102,0.346,0.000
1725522102,0.386,0.000
1725522102,0.470,0.000
1725522102,0.372,0.000
1725522102,0.343,0.000
1725522102,0.439,0.000
1725522102,0.828,0.000
1725522102,0.320,0.000
1725522102,0.321,0.000
1725522102,0.394,0.000
1725522102,0.367,0.000
1725522102,0.376,0.000
1725522102,0.279,0.000
1725522102,0.312,0.000
1725522102,0.345,0.000
1725522102,0.290,0.000
1725522102,0.454,0.000
1725522102,0.316,0.000
1725522102,0.319,0.000
1725522102,0.312,0.000
1725522102,0.328,0.000
1725522102,0.522,0.000
1725522102,0.401,0.000
1725522102,0.267,0.000
1725522102,0.553,0.000
1725522102,0.290,0.000
1725522102,0.366,0.000
1725522102,0.272,0.000
1725522102,0.497,0.000
1725522102,0.349,0.000
1725522102,0.428,0.000
1725522102,0.258,0.000
1725522102,0.395,0.000
1725522102,0.442,0.000
1725522102,0.299,0.000
1725522102,0.411,0.000
1725522102,0.426,0.000
1725522102,0.246,0.000
1725522102,0.256,0.000
1725522102,0.362,0.000
1725522102,0.289,0.000
1725522102,0.526,0.000
1725522102,0.392,0.000
1725522102,0.391,0.000
1725522102,0.306,0.000
1725522102,0.622,0.000
1725522102,0.239,0.000
1725522102,0.350,0.000
1725522102,0.359,0.000
1725522102,0.256,0.000
1725522102,0.310,0.000
1725522102,0.271,0.000
1725522102,0.424,0.000
1725522102,0.329,0.000
1725522102,0.290,0.000
1725522102,0.335,0.000
1725522102,0.339,0.000
1725522102,0.446,0.000
1725522102,0.269,0.000
1725522102,0.280,0.000
1725522102,0.308,0.000
1725522102,0.319,0.000
1725522102,0.299,0.000
1725522102,0.378,0.000
1725522102,0.258,0.000
1725522102,0.278,0.000
1725522102,0.383,0.000
1725522102,0.332,0.000
1725522102,0.725,0.000
1725522102,0.252,0.000
1725522102,0.318,0.000
1725522102,0.373,0.000
1725522102,0.354,0.000
1725522102,0.346,0.000
1725522102,0.303,0.000
1725522102,0.391,0.000
1725522102,0.361,0.000
1725522102,0.254,0.000
1725522102,0.411,0.000
1725522102,0.336,0.000
1725522102,0.306,0.000
1725522102,0.320,0.000
1725522102,0.304,0.000
1725522102,0.424,0.000
1725522102,0.278,0.000
1725522102,0.264,0.000
1725522102,0.327,0.000
1725522102,0.278,0.000
1725522102,0.442,0.000
1725522102,0.367,0.000
1725522102,0.296,0.000
1725522102,0.403,0.000
1725522102,0.411,0.000
1725522102,0.331,0.000
1725522102,0.297,0.000
1725522102,0.272,0.000
1725522102,0.322,0.000
1725522102,0.287,0.000
1725522102,0.419,0.000
1725522103,0.405,0.000
1725522103,0.464,0.000
1725522103,0.275,0.000
1725522103,0.291,0.000
1725522103,0.306,0.000
1725522103,0.293,0.000
1725522103,0.306,0.000
1725522103,0.356,0.000
1725522103,0.414,0.000
1725522103,0.259,0.000
1725522103,0.381,0.000
1725522103,0.299,0.000
1725522103,0.340,0.000
1725522103,0.338,0.000
1725522103,0.322,0.000
1725522103,0.306,0.000
1725522103,0.350,0.000
1725522103,0.531,0.000
1725522103,0.396,0.000
1725522103,0.327,0.000
1725522103,0.263,0.000
1725522103,0.294,0.000
1725522103,0.311,0.000
1725522103,0.373,0.000
1725522103,0.487,0.000
1725522103,0.394,0.000
1725522103,0.492,0.000
1725522103,0.356,0.000
1725522103,0.327,0.000
1725522103,0.272,0.000
1725522103,0.373,0.000
1725522103,0.346,0.000
1725522103,0.351,0.000
1725522103,0.380,0.000
1725522103,0.322,0.000
1725522103,0.325,0.000
1725522103,0.315,0.000
1725522103,0.351,0.000
1725522103,0.358,0.000
1725522103,0.353,0.000
1725522103,0.432,0.000
1725522103,0.298,0.000
1725522103,0.384,0.000
1725522103,0.293,0.000
1725522103,0.351,0.000
1725522103,0.344,0.000
1725522103,0.358,0.000
1725522103,0.322,0.000
1725522103,0.310,0.000
1725522103,0.244,0.000
1725522103,0.355,0.000
1725522103,0.379,0.000
1725522103,0.289,0.000
1725522103,0.299,0.000
1725522103,0.313,0.000
1725522103,0.777,0.000
1725522103,0.379,0.000
1725522103,0.389,0.000
1725522103,0.340,0.000
1725522103,0.321,0.000
1725522103,0.399,0.000
1725522103,0.278,0.000
1725522103,0.267,0.000
1725522103,0.347,0.000
1725522103,0.369,0.000
1725522103,0.328,0.000
1725522103,0.307,0.000
1725522103,0.332,0.000
1725522103,0.274,0.000
1725522103,0.294,0.000
1725522103,0.330,0.000
1725522103,0.310,0.000
1725522103,0.327,0.000
1725522103,0.603,0.000
1725522103,0.395,0.000
1725522103,0.262,0.000
1725522103,0.328,0.000
1725522103,0.656,0.000
1725522103,0.279,0.000
1725522103,0.403,0.000
1725522103,0.478,0.000
1725522103,0.308,0.000
1725522103,0.619,0.000
1725522103,0.305,0.000
1725522103,0.319,0.000
1725522103,0.313,0.000
1725522103,0.441,0.000
1725522103,0.326,0.000
1725522103,0.277,0.000
1725522103,0.346,0.000
1725522103,0.247,0.000
1725522103,0.305,0.000
1725522103,0.272,0.000
1725522103,0.445,0.000
1725522103,0.765,0.000
1725522103,0.360,0.000
1725522103,0.299,0.000
1725522103,0.331,0.000
1725522103,0.337,0.000
1725522103,0.358,0.000
1725522103,0.293,0.000
1725522103,0.289,0.000
1725522103,0.265,0.000
1725522103,0.308,0.000
1725522103,0.352,0.000
1725522103,0.312,0.000
1725522103,0.374,0.000
1725522103,0.335,0.000
1725522103,0.287,0.000
1725522103,0.437,0.000
1725522103,0.323,0.000
1725522103,0.413,0.000
1725522103,0.528,0.000
1725522103,0.297,0.000
1725522103,0.291,0.000
1725522103,0.362,0.000
1725522103,0.308,0.000
1725522103,0.357,0.000
1725522103,0.429,0.000
1725522103,0.341,0.000
1725522103,0.286,0.000
1725522103,0.414,0.000
1725522103,0.328,0.000
1725522103,0.278,0.000
1725522103,0.358,0.000
1725522103,0.347,0.000
1725522103,0.303,0.000
1725522103,0.381,0.000
1725522103,0.304,0.000
1725522103,0.328,0.000
1725522103,0.319,0.000
1725522103,0.284,0.000
1725522103,0.378,0.000
1725522103,0.356,0.000
1725522103,0.295,0.000
1725522103,0.350,0.000
1725522103,0.401,0.000
1725522103,0.352,0.000
1725522103,0.279,0.000
1725522103,0.329,0.000
1725522103,0.284,0.000
1725522103,0.288,0.000
1725522103,0.368,0.000
1725522103,0.413,0.000
1725522103,0.876,0.000
1725522103,0.583,0.000
1725522103,0.359,0.000
1725522103,0.286,0.000
1725522103,0.355,0.000
1725522103,0.350,0.000
1725522103,0.363,0.000
1725522103,0.266,0.000
1725522103,0.290,0.000
1725522103,0.433,0.000
1725522103,0.501,0.000
1725522103,0.770,0.000
1725522103,0.328,0.000
1725522103,0.341,0.000
1725522103,0.239,0.000
1725522103,0.280,0.000
1725522103,0.448,0.000
1725522103,0.320,0.000
1725522103,0.455,0.000
1725522103,0.510,0.000
1725522103,0.250,0.000
1725522103,0.354,0.000
1725522103,0.295,0.000
1725522103,0.546,0.000
1725522104,0.681,0.000
1725522104,0.372,0.000
1725522104,0.257,0.000
1725522104,0.317,0.000
1725522104,0.297,0.000
1725522104,0.297,0.000
1725522104,0.295,0.000
1725522104,0.344,0.000
1725522104,0.395,0.000
1725522104,0.273,0.000
1725522104,0.362,0.000
1725522104,0.224,0.000
1725522104,0.409,0.000
1725522104,0.331,0.000
1725522104,0.541,0.000
1725522104,0.428,0.000
1725522104,0.314,0.000
1725522104,0.434,0.000
1725522104,0.301,0.000
1725522104,0.303,0.000
1725522104,0.326,0.000
1725522104,0.385,0.000
1725522104,0.333,0.000
1725522104,0.333,0.000
1725522104,0.279,0.000
1725522104,0.999,0.000
1725522104,0.320,0.000
1725522104,0.252,0.000
1725522104,0.390,0.000
1725522104,0.304,0.000
1725522104,0.309,0.000
1725522104,0.427,0.000
1725522104,0.360,0.000
1725522104,0.232,0.000
1725522104,0.360,0.000
1725522104,0.326,0.000
1725522104,0.295,0.000
1725522104,0.313,0.000
1725522104,0.283,0.000
1725522104,0.314,0.000
1725522104,0.346,0.000
1725522104,0.411,0.000
1725522104,0.329,0.000
1725522104,0.334,0.000
1725522104,0.365,0.000
1725522104,0.336,0.000
1725522104,0.358,0.000
1725522104,0.452,0.000
1725522104,0.394,0.000
1725522104,0.253,0.000
1725522104,0.315,0.000
1725522104,0.309,0.000
1725522104,0.328,0.000
1725522104,0.239,0.000
1725522104,0.323,0.000
1725522104,0.268,0.000
1725522104,0.428,0.000
1725522104,0.411,0.000
1725522104,0.291,0.000
1725522104,0.422,0.000
1725522104,0.306,0.000
1725522104,0.370,0.000
1725522104,0.348,0.000
1725522104,0.304,0.000
1725522104,0.449,0.000
1725522104,0.349,0.000
1725522104,0.274,0.000
1725522104,0.265,0.000
1725522104,0.344,0.000
1725522104,0.317,0.000
1725522104,0.299,0.000
1725522104,0.355,0.000
1725522104,0.299,0.000
1725522104,0.289,0.000
1725522104,0.355,0.000
1725522104,0.439,0.000
1725522104,0.296,0.000
1725522104,0.336,0.000
1725522104,0.361,0.000
1725522104,0.391,0.000
1725522104,0.385,0.000
1725522104,0.478,0.000
1725522104,0.569,0.000
1725522104,0.313,0.000
1725522104,0.333,0.000
1725522104,0.369,0.000
1725522104,0.447,0.000
1725522104,0.432,0.000
1725522104,0.260,0.000
1725522104,0.334,0.000
1725522104,0.326,0.000
1725522104,0.303,0.000
1725522104,0.404,0.000
1725522104,0.351,0.000
1725522104,0.403,0.000
1725522104,0.313,0.000
1725522104,0.362,0.000
1725522104,0.253,0.000
1725522104,0.319,0.000
1725522104,0.334,0.000
1725522104,0.292,0.000
1725522104,0.330,0.000
1725522104,0.361,0.000
1725522104,0.467,0.000
1725522104,0.308,0.000
1725522104,0.330,0.000
1725522104,0.348,0.000
1725522104,0.339,0.000
1725522104,0.307,0.000
1725522104,0.337,0.000
1725522104,0.316,0.000
1725522104,0.426,0.000
1725522104,0.344,0.000
1725522104,0.276,0.000
1725522104,0.429,0.000
1725522104,0.280,0.000
1725522104,0.517,0.000
1725522104,0.432,0.000
1725522104,0.560,0.000
1725522104,0.369,0.000
1725522104,0.435,0.000
1725522104,0.360,0.000
1725522104,0.314,0.000
1725522104,0.306,0.000
1725522104,0.310,0.000
1725522104,0.312,0.000
1725522104,0.396,0.000
1725522104,0.282,0.000
1725522104,0.397,0.000
1725522104,0.233,0.000
1725522104,0.318,0.000
1725522104,0.399,0.000
1725522104,0.343,0.000
1725522104,0.449,0.000
1725522104,0.439,0.000
1725522104,0.299,0.000
1725522104,0.398,0.000
1725522104,0.289,0.000
1725522104,0.400,0.000
1725522104,0.319,0.000
1725522104,0.279,0.000
1725522104,0.307,0.000
1725522104,0.292,0.000
1725522104,0.351,0.000
1725522104,0.322,0.000
1725522104,0.383,0.000
1725522104,0.437,0.000
1725522104,0.273,0.000
1725522104,0.339,0.000
1725522104,0.389,0.000
1725522104,0.377,0.000
1725522104,0.239,0.000
1725522104,0.284,0.000
1725522104,0.347,0.000
1725522104,0.336,0.000
1725522104,0.511,0.000
1725522104,0.455,0.000
1725522104,0.321,0.000
1725522104,0.355,0.000
1725522104,0.245,0.000
1725522104,0.306,0.000
1725522104,0.338,0.000
1725522104,0.317,0.000
1725522104,0.464,0.000
1725522104,0.375,0.000
1725522104,0.241,0.000
1725522104,0.262,0.000
1725522104,0.254,0.000
1725522104,0.353,0.000
1725522105,0.573,0.000
1725522105,0.278,0.000
1725522105,0.314,0.000
1725522105,0.289,0.000
1725522105,0.284,0.000
1725522105,0.367,0.000
1725522105,0.416,0.000
1725522105,0.300,0.000
1725522105,0.449,0.000
1725522105,0.296,0.000
1725522105,0.345,0.000
1725522105,0.578,0.000
1725522105,0.372,0.000
1725522105,0.314,0.000
1725522105,0.423,0.000
1725522105,0.235,0.000
1725522105,0.539,0.000
1725522105,0.342,0.000
1725522105,0.383,0.000
1725522105,0.573,0.000
1725522105,0.403,0.000
1725522105,0.383,0.000
1725522105,0.347,0.000
1725522105,0.291,0.000
1725522105,0.317,0.000
1725522105,0.361,0.000
1725522105,0.284,0.000
1725522105,0.306,0.000
1725522105,0.279,0.000
1725522105,0.325,0.000
1725522105,0.330,0.000
1725522105,0.318,0.000
1725522105,0.276,0.000
1725522105,0.288,0.000
1725522105,0.349,0.000
1725522105,0.226,0.000
1725522105,0.328,0.000
1725522105,0.459,0.000
1725522105,0.303,0.000
1725522105,0.298,0.000
1725522105,0.276,0.000
1725522105,0.397,0.000
1725522105,0.318,0.000
1725522105,0.259,0.000
1725522105,0.275,0.000
1725522105,0.293,0.000
1725522105,0.300,0.000
1725522105,0.352,0.000
1725522105,0.325,0.000
1725522105,0.391,0.000
1725522105,0.279,0.000
1725522105,0.368,0.000
1725522105,0.584,0.000
1725522105,0.444,0.000
1725522105,0.317,0.000
1725522105,0.460,0.000
1725522105,0.335,0.000
1725522105,0.275,0.000
1725522105,0.280,0.000
1725522105,0.270,0.000
1725522105,0.276,0.000
1725522105,0.333,0.000
1725522105,0.362,0.000
1725522105,0.300,0.000
1725522105,0.271,0.000
1725522105,0.522,0.000
1725522105,0.330,0.000
1725522105,0.534,0.000
1725522105,0.555,0.000
1725522105,0.308,0.000
1725522105,0.383,0.000
1725522105,0.296,0.000
1725522105,0.287,0.000
1725522105,0.344,0.000
1725522105,0.335,0.000
1725522105,0.280,0.000
1725522105,0.317,0.000
1725522105,0.458,0.000
1725522105,0.293,0.000
1725522105,0.374,0.000
1725522105,0.280,0.000
1725522105,0.393,0.000
1725522105,0.263,0.000
1725522105,0.357,0.000
1725522105,0.482,0.000
1725522105,0.478,0.000
1725522105,0.255,0.000
1725522105,0.269,0.000
1725522105,0.411,0.000
1725522105,0.305,0.000
1725522105,0.331,0.000
1725522105,0.366,0.000
1725522105,0.312,0.000
1725522105,0.452,0.000
1725522105,0.319,0.000
1725522105,0.300,0.000
1725522105,0.487,0.000
1725522105,0.304,0.000
1725522105,0.488,0.000
1725522105,0.231,0.000
1725522105,0.332,0.000
1725522105,0.309,0.000
1725522105,0.468,0.000
1725522105,0.409,0.000
1725522105,0.648,0.000
1725522105,0.527,0.000
1725522105,0.394,0.000
1725522105,0.416,0.000
1725522105,0.307,0.000
1725522105,0.318,0.000
1725522105,0.294,0.000
1725522105,0.390,0.000
1725522105,0.346,0.000
1725522105,0.253,0.000
1725522105,0.360,0.000
1725522105,0.304,0.000
1725522105,0.392,0.000
1725522105,0.394,0.000
1725522105,0.368,0.000
1725522105,0.240,0.000
1725522105,0.280,0.000
1725522105,0.306,0.000
1725522105,0.270,0.000
1725522105,0.282,0.000
1725522105,0.271,0.000
1725522105,0.372,0.000
1725522105,0.324,0.000
1725522105,0.335,0.000
1725522105,0.266,0.000
1725522105,0.262,0.000
1725522105,0.425,0.000
1725522105,0.384,0.000
1725522105,0.309,0.000
1725522105,0.323,0.000
1725522105,0.259,0.000
1725522105,0.684,0.000
1725522105,0.452,0.000
1725522105,0.320,0.000
1725522105,0.454,0.000
1725522105,0.308,0.000
1725522105,0.291,0.000
1725522105,0.296,0.000
1725522105,0.307,0.000
1725522105,0.272,0.000
1725522105,0.320,0.000
1725522105,0.443,0.000
1725522105,0.415,0.000
1725522105,0.341,0.000
1725522105,0.379,0.000
1725522105,0.327,0.000
1725522105,0.421,0.000
1725522105,0.296,0.000
1725522105,0.402,0.000
1725522105,0.301,0.000
1725522105,0.322,0.000
1725522105,0.292,0.000
1725522105,0.334,0.000
1725522105,0.510,0.000
1725522105,0.389,0.000
1725522105,0.443,0.000
1725522105,0.496,0.000
1725522105,0.371,0.000
1725522105,0.351,0.000
1725522105,0.325,0.000
1725522105,0.301,0.000
1725522105,0.281,0.000
1725522105,0.518,0.000
1725522105,0.312,0.000
1725522106,0.428,0.000
1725522106,0.331,0.000
1725522106,0.312,0.000
1725522106,0.345,0.000
1725522106,0.282,0.000
1725522106,0.272,0.000
1725522106,0.312,0.000
1725522106,0.323,0.000
1725522106,0.380,0.000
1725522106,0.309,0.000
1725522106,0.417,0.000
1725522106,0.290,0.000
1725522106,0.261,0.000
1725522106,0.328,0.000
1725522106,0.519,0.000
1725522106,0.354,0.000
1725522106,0.266,0.000
1725522106,0.330,0.000
1725522106,0.368,0.000
1725522106,0.351,0.000
1725522106,0.332,0.000
1725522106,0.330,0.000
1725522106,0.440,0.000
1725522106,0.379,0.000
1725522106,0.295,0.000
1725522106,0.453,0.000
1725522106,0.356,0.000
1725522106,0.708,0.000
1725522106,0.352,0.000
1725522106,0.271,0.000
1725522106,0.349,0.000
1725522106,0.276,0.000
1725522106,0.398,0.000
1725522106,0.279,0.000
1725522106,0.651,0.000
1725522106,0.325,0.000
1725522106,0.336,0.000
1725522106,0.334,0.000
1725522106,0.536,0.000
1725522106,0.346,0.000
1725522106,0.358,0.000
1725522106,0.306,0.000
1725522106,0.446,0.000
1725522106,0.271,0.000
1725522106,0.295,0.000
1725522106,0.261,0.000
1725522106,0.257,0.000
1725522106,0.411,0.000
1725522106,0.354,0.000
1725522106,0.364,0.000
1725522106,0.327,0.000
1725522106,0.459,0.000
1725522106,0.319,0.000
1725522106,0.364,0.000
1725522106,0.293,0.000
1725522106,0.271,0.000
1725522106,0.290,0.000
1725522106,0.435,0.000
1725522106,0.295,0.000
1725522106,0.314,0.000
1725522106,0.363,0.000
1725522106,0.334,0.000
1725522106,0.334,0.000
1725522106,0.278,0.000
1725522106,0.321,0.000
1725522106,0.270,0.000
1725522106,0.326,0.000
1725522106,0.426,0.000
1725522106,0.322,0.000
1725522106,0.314,0.000
1725522106,0.434,0.000
1725522106,0.377,0.000
1725522106,0.290,0.000
1725522106,0.300,0.000
1725522106,0.325,0.000
1725522106,0.300,0.000
1725522106,0.386,0.000
1725522106,0.320,0.000
1725522106,0.319,0.000
1725522106,0.268,0.000
1725522106,0.479,0.000
1725522106,0.446,0.000
1725522106,0.352,0.000
1725522106,0.415,0.000
1725522106,0.321,0.000
1725522106,0.331,0.000
1725522106,0.585,0.000
1725522106,0.317,0.000
1725522106,0.348,0.000
1725522106,0.328,0.000
1725522106,0.238,0.000
1725522106,0.376,0.000
1725522106,0.394,0.000
1725522106,0.367,0.000
1725522106,0.470,0.000
1725522106,0.285,0.000
1725522106,0.390,0.000
1725522106,0.244,0.000
1725522106,0.300,0.000
1725522106,0.256,0.000
1725522106,0.295,0.000
1725522106,0.327,0.000
1725522106,0.305,0.000
1725522106,0.266,0.000
1725522106,0.475,0.000
1725522106,0.367,0.000
1725522106,0.283,0.000
1725522106,0.271,0.000
1725522106,0.300,0.000
1725522106,0.305,0.000
1725522106,0.384,0.000
1725522106,0.305,0.000
1725522106,0.330,0.000
1725522106,0.302,0.000
1725522106,0.484,0.000
1725522106,0.269,0.000
1725522106,0.318,0.000
1725522106,0.333,0.000
1725522106,0.310,0.000
1725522106,0.316,0.000
1725522106,0.292,0.000
1725522106,0.284,0.000
1725522106,0.296,0.000
1725522106,0.416,0.000
1725522106,0.381,0.000
1725522106,0.385,0.000
1725522106,0.292,0.000
1725522106,0.427,0.000
1725522106,0.356,0.000
1725522106,0.284,0.000
1725522106,0.612,0.000
1725522106,0.405,0.000
1725522106,0.328,0.000
1725522106,0.350,0.000
1725522106,0.356,0.000
1725522106,0.295,0.000
1725522106,0.309,0.000
1725522106,0.330,0.000
1725522106,0.349,0.000
1725522106,0.367,0.000
1725522106,0.371,0.000
1725522106,0.321,0.000
1725522106,0.443,0.000
1725522106,0.264,0.000
1725522106,0.338,0.000
1725522106,0.372,0.000
1725522106,0.275,0.000
1725522106,0.286,0.000
1725522106,0.286,0.000
1725522106,0.357,0.000
1725522106,0.244,0.000
1725522106,0.272,0.000
1725522106,0.338,0.000
1725522106,0.257,0.000
1725522106,0.309,0.000
1725522106,0.296,0.000
1725522106,0.433,0.000
1725522106,0.339,0.000
1725522106,0.293,0.000
1725522106,0.447,0.000
1725522106,0.407,0.000
1725522106,0.289,0.000
1725522106,0.358,0.000
1725522106,0.292,0.000
1725522106,0.323,0.000
1725522106,0.267,0.000
1725522106,0.717,0.000
1725522106,0.304,0.000
1725522106,0.511,0.000
1725522106,0.274,0.000
1725522106,0.262,0.000
1725522106,0.509,0.000
1725522106,0.282,0.000
1725522106,0.330,0.000
1725522106,0.441,0.000
1725522106,0.545,0.000
1725522106,0.541,0.000
1725522106,0.277,0.000
1725522107,0.345,0.000
1725522107,0.314,0.000
1725522107,0.393,0.000
1725522107,0.382,0.000
1725522107,0.261,0.000
1725522107,0.449,0.000
1725522107,0.365,0.000
1725522107,0.375,0.000
1725522107,0.395,0.000
1725522107,0.255,0.000
1725522107,0.324,0.000
1725522107,0.301,0.000
1725522107,0.296,0.000
1725522107,0.288,0.000
1725522107,0.301,0.000
1725522107,0.313,0.000
1725522107,0.258,0.000
1725522107,0.255,0.000
1725522107,0.319,0.000
1725522107,0.250,0.000
1725522107,0.436,0.000
1725522107,0.310,0.000
1725522107,0.275,0.000
1725522107,0.462,0.000
1725522107,0.329,0.000
1725522107,0.356,0.000
1725522107,0.274,0.000
1725522107,0.294,0.000
1725522107,0.358,0.000
1725522107,0.410,0.000
1725522107,0.481,0.000
1725522107,0.262,0.000
1725522107,0.363,0.000
1725522107,0.320,0.000
1725522107,0.447,0.000
1725522107,0.259,0.000
1725522107,0.337,0.000
1725522107,0.315,0.000
1725522107,0.361,0.000
1725522107,0.280,0.000
1725522107,0.367,0.000
1725522107,0.360,0.000
1725522107,0.379,0.000
1725522107,0.438,0.000
1725522107,0.415,0.000
1725522107,0.325,0.000
1725522107,0.259,0.000
1725522107,0.644,0.000
1725522107,0.332,0.000
1725522107,0.370,0.000
1725522107,0.384,0.000
1725522107,0.362,0.000
1725522107,0.395,0.000
1725522107,0.315,0.000
1725522107,0.319,0.000
1725522107,0.302,0.000
1725522107,0.261,0.000
1725522107,0.285,0.000
1725522107,0.298,0.000
1725522107,0.365,0.000
1725522107,0.282,0.000
1725522107,0.435,0.000
1725522107,0.424,0.000
1725522107,0.479,0.000
1725522107,0.445,0.000
1725522107,0.309,0.000
1725522107,0.302,0.000
1725522107,0.281,0.000
1725522107,0.319,0.000
1725522107,0.367,0.000
1725522107,0.314,0.000
1725522107,0.409,0.000
1725522107,0.374,0.000
1725522107,0.227,0.000
1725522107,0.494,0.000
1725522107,0.487,0.000
1725522107,0.323,0.000
1725522107,0.528,0.000
1725522107,0.380,0.000
1725522107,0.260,0.000
1725522107,0.745,0.000
1725522107,0.305,0.000
1725522107,0.405,0.000
1725522107,0.295,0.000
1725522107,0.427,0.000
1725522107,0.290,0.000
1725522107,0.355,0.000
1725522107,0.313,0.000
1725522107,0.370,0.000
1725522107,0.328,0.000
1725522107,0.300,0.000
1725522107,0.399,0.000
1725522107,0.364,0.000
1725522107,0.301,0.000
1725522107,0.403,0.000
1725522107,0.447,0.000
1725522107,0.527,0.000
1725522107,0.335,0.000
1725522107,0.444,0.000
1725522107,0.272,0.000
1725522107,0.361,0.000
1725522107,0.461,0.000
1725522107,0.371,0.000
1725522107,0.282,0.000
1725522107,0.482,0.000
1725522107,0.306,0.000
1725522107,0.329,0.000
1725522107,0.500,0.000
1725522107,0.367,0.000
1725522107,0.310,0.000
1725522107,0.381,0.000
1725522107,0.406,0.000
1725522107,0.258,0.000
1725522107,0.258,0.000
1725522107,0.372,0.000
1725522107,0.372,0.000
1725522107,0.308,0.000
1725522107,0.456,0.000
1725522107,0.349,0.000
1725522107,0.307,0.000
1725522107,0.269,0.000
1725522107,0.270,0.000
1725522107,0.357,0.000
1725522107,0.263,0.000
1725522107,0.265,0.000
1725522107,0.258,0.000
1725522107,0.269,0.000
1725522107,0.315,0.000
1725522107,0.358,0.000
1725522107,0.476,0.000
1725522107,0.319,0.000
1725522107,0.274,0.000
1725522107,0.365,0.000
1725522107,0.336,0.000
1725522107,0.411,0.000
1725522107,0.502,0.000
1725522107,0.327,0.000
1725522107,0.247,0.000
1725522107,0.264,0.000
1725522107,0.283,0.000
1725522107,0.282,0.000
1725522107,0.309,0.000
1725522107,0.515,0.000
1725522107,0.336,0.000
1725522107,0.322,0.000
1725522107,0.431,0.000
1725522107,0.413,0.000
1725522107,0.419,0.000
1725522107,0.428,0.000
1725522107,0.333,0.000
1725522107,0.338,0.000
1725522107,0.333,0.000
1725522107,0.257,0.000
1725522107,0.296,0.000
1725522107,0.299,0.000
1725522107,0.334,0.000
1725522107,0.347,0.000
1725522107,0.315,0.000
1725522107,0.396,0.000
1725522107,0.278,0.000
1725522107,0.340,0.000
1725522107,0.452,0.000
1725522107,0.317,0.000
1725522107,0.278,0.000
1725522107,0.312,0.000
1725522107,0.275,0.000
1725522107,0.290,0.000
1725522107,0.430,0.000
1725522108,0.266,0.000
1725522108,0.244,0.000
1725522108,0.278,0.000
1725522108,0.280,0.000
1725522108,0.270,0.000
1725522108,0.373,0.000
1725522108,0.270,0.000
1725522108,0.362,0.000
1725522108,0.267,0.000
1725522108,0.321,0.000
1725522108,0.547,0.000
1725522108,0.302,0.000
1725522108,0.311,0.000
1725522108,0.284,0.000
1725522108,0.377,0.000
1725522108,0.255,0.000
1725522108,0.306,0.000
1725522108,0.358,0.000
1725522108,0.293,0.000
1725522108,0.237,0.000
1725522108,0.327,0.000
1725522108,0.347,0.000
1725522108,0.303,0.000
1725522108,0.496,0.000
1725522108,0.325,0.000
1725522108,0.273,0.000
1725522108,0.445,0.000
1725522108,0.302,0.000
1725522108,0.376,0.000
1725522108,0.320,0.000
1725522108,0.370,0.000
1725522108,0.389,0.000
1725522108,0.444,0.000
1725522108,0.250,0.000
1725522108,0.399,0.000
1725522108,0.268,0.000
1725522108,0.230,0.000
1725522108,0.307,0.000
1725522108,0.304,0.000
1725522108,0.384,0.000
1725522108,0.284,0.000
1725522108,0.285,0.000
1725522108,0.353,0.000
1725522108,0.418,0.000
1725522108,0.269,0.000
1725522108,0.452,0.000
1725522108,0.290,0.000
1725522108,0.272,0.000
1725522108,0.340,0.000
1725522108,0.309,0.000
1725522108,0.360,0.000
1725522108,0.334,0.000
1725522108,0.256,0.000
1725522108,0.276,0.000
1725522108,0.385,0.000
1725522108,0.409,0.000
1725522108,0.304,0.000
1725522108,0.356,0.000
1725522108,0.273,0.000
1725522108,0.378,0.000
1725522108,0.280,0.000
1725522108,0.303,0.000
1725522108,0.315,0.000
1725522108,0.292,0.000
1725522108,0.549,0.000
1725522108,0.289,0.000
1725522108,0.313,0.000
1725522108,0.375,0.000
1725522108,0.328,0.000
1725522108,0.306,0.000
1725522108,0.430,0.000
1725522108,0.318,0.000
1725522108,0.439,0.000
1725522108,0.351,0.000
1725522108,0.374,0.000
1725522108,0.338,0.000
1725522108,0.359,0.000
1725522108,0.366,0.000
1725522108,0.433,0.000
1725522108,0.319,0.000
1725522108,0.426,0.000
1725522108,0.330,0.000
1725522108,0.259,0.000
1725522108,0.476,0.000
1725522108,0.284,0.000
1725522108,0.254,0.000
1725522108,0.278,0.000
1725522108,0.474,0.000
1725522108,0.351,0.000
1725522108,0.344,0.000
1725522108,0.243,0.000
1725522108,0.293,0.000
1725522108,0.317,0.000
1725522108,0.312,0.000
1725522108,0.281,0.000
1725522108,0.310,0.000
1725522108,0.420,0.000
1725522108,0.469,0.000
1725522108,0.279,0.000
1725522108,0.308,0.000
1725522108,0.310,0.000
1725522108,0.670,0.000
1725522108,0.296,0.000
1725522108,0.291,0.000
1725522108,0.269,0.000
1725522108,0.540,0.000
1725522108,0.561,0.000
1725522108,0.258,0.000
1725522108,0.323,0.000
1725522108,0.279,0.000
1725522108,0.243,0.000
1725522108,0.351,0.000
1725522108,0.318,0.000
1725522108,0.563,0.000
1725522108,0.308,0.000
1725522108,0.338,0.000
1725522108,0.352,0.000
1725522108,0.286,0.000
1725522108,0.353,0.000
1725522108,0.302,0.000
1725522108,0.294,0.000
1725522108,0.367,0.000
1725522108,0.345,0.000
1725522108,0.303,0.000
1725522108,0.384,0.000
1725522108,0.334,0.000
1725522108,0.248,0.000
1725522108,0.271,0.000
1725522108,0.244,0.000
1725522108,0.315,0.000
1725522108,0.303,0.000
1725522108,0.386,0.000
1725522108,0.437,0.000
1725522108,0.241,0.000
1725522108,0.375,0.000
1725522108,0.310,0.000
1725522108,0.285,0.000
1725522108,0.318,0.000
1725522108,0.317,0.000
1725522108,0.422,0.000
1725522108,0.305,0.000
1725522108,0.481,0.000
1725522108,0.289,0.000
1725522108,0.280,0.000
1725522108,0.367,0.000
1725522108,0.413,0.000
1725522108,0.325,0.000
1725522108,0.222,0.000
1725522108,0.377,0.000
1725522108,0.340,0.000
1725522108,0.339,0.000
1725522108,0.297,0.000
1725522108,0.320,0.000
1725522108,0.367,0.000
1725522108,0.342,0.000
1725522108,0.249,0.000
1725522108,0.296,0.000
1725522108,0.321,0.000
1725522108,0.397,0.000
1725522108,0.326,0.000
1725522108,0.294,0.000
1725522108,0.314,0.000
1725522108,0.296,0.000
1725522108,0.346,0.000
1725522108,0.324,0.000
1725522108,0.369,0.000
1725522108,0.313,0.000
1725522108,0.394,0.000
1725522108,0.369,0.000
1725522108,0.271,0.000
1725522108,0.361,0.000
1725522109,0.537,0.000
1725522109,0.372,0.000
1725522109,0.321,0.000
1725522109,0.364,0.000
1725522109,0.472,0.000
1725522109,0.267,0.000
1725522109,0.389,0.000
1725522109,0.361,0.000
1725522109,0.341,0.000
1725522109,0.267,0.000
1725522109,0.273,0.000
1725522109,0.483,0.000
1725522109,0.244,0.000
1725522109,0.314,0.000
1725522109,0.257,0.000
1725522109,0.311,0.000
1725522109,0.444,0.000
1725522109,0.290,0.000
1725522109,0.316,0.000
1725522109,0.348,0.000
1725522109,0.289,0.000
1725522109,0.405,0.000
1725522109,0.522,0.000
1725522109,0.276,0.000
1725522109,0.316,0.000
1725522109,0.456,0.000
1725522109,0.268,0.000
1725522109,0.417,0.000
1725522109,0.320,0.000
1725522109,0.495,0.000
1725522109,0.551,0.000
1725522109,0.365,0.000
1725522109,0.263,0.000
1725522109,0.502,0.000
1725522109,0.607,0.000
1725522109,0.293,0.000
1725522109,0.363,0.000
1725522109,0.332,0.000
1725522109,0.298,0.000
1725522109,0.307,0.000
1725522109,0.231,0.000
1725522109,0.347,0.000
1725522109,0.270,0.000
1725522109,0.287,0.000
1725522109,0.497,0.000
1725522109,0.291,0.000
1725522109,0.302,0.000
1725522109,0.287,0.000
1725522109,0.446,0.000
1725522109,0.318,0.000
1725522109,0.314,0.000
1725522109,0.322,0.000
1725522109,0.302,0.000
1725522109,0.348,0.000
1725522109,0.361,0.000
1725522109,0.272,0.000
1725522109,0.293,0.000
1725522109,0.378,0.000
1725522109,0.352,0.000
1725522109,0.325,0.000
1725522109,0.256,0.000
1725522109,0.430,0.000
1725522109,0.327,0.000
1725522109,0.270,0.000
1725522109,0.946,0.000
1725522109,0.350,0.000
1725522109,0.274,0.000
1725522109,0.329,0.000
1725522109,0.299,0.000
1725522109,0.307,0.000
1725522109,0.385,0.000
1725522109,0.269,0.000
1725522109,0.289,0.000
1725522109,0.832,0.000
1725522109,0.329,0.000
1725522109,0.259,0.000
1725522109,0.358,0.000
1725522109,0.299,0.000
1725522109,0.320,0.000
1725522109,0.313,0.000
1725522109,0.359,0.000
1725522109,0.378,0.000
1725522109,0.303,0.000
1725522109,0.271,0.000
1725522109,0.343,0.000
1725522109,0.268,0.000
1725522109,0.351,0.000
1725522109,0.398,0.000
1725522109,0.307,0.000
1725522109,0.293,0.000
1725522109,0.324,0.000
1725522109,0.475,0.000
1725522109,0.361,0.000
1725522109,0.320,0.000
1725522109,0.269,0.000
1725522109,0.323,0.000
1725522109,0.492,0.000
1725522109,0.238,0.000
1725522109,0.478,0.000
1725522109,0.344,0.000
1725522109,0.323,0.000
1725522109,0.288,0.000
1725522109,0.319,0.000
1725522109,0.304,0.000
1725522109,0.280,0.000
1725522109,0.344,0.000
1725522109,0.530,0.000
1725522109,0.384,0.000
1725522109,0.276,0.000
1725522109,0.313,0.000
1725522109,0.276,0.000
1725522109,0.289,0.000
1725522109,0.499,0.000
1725522109,0.329,0.000
1725522109,0.305,0.000
1725522109,0.366,0.000
1725522109,0.277,0.000
1725522109,0.239,0.000
1725522109,0.294,0.000
1725522109,0.277,0.000
1725522109,0.425,0.000
1725522109,0.497,0.000
1725522109,0.305,0.000
1725522109,0.304,0.000
1725522109,0.317,0.000
1725522109,0.275,0.000
1725522109,0.310,0.000
1725522109,0.249,0.000
1725522109,0.246,0.000
1725522109,0.344,0.000
1725522109,0.268,0.000
1725522109,0.600,0.000
1725522109,0.354,0.000
1725522109,0.364,0.000
1725522109,0.419,0.000
1725522109,0.357,0.000
1725522109,0.431,0.000
1725522109,0.308,0.000
1725522109,0.312,0.000
1725522109,0.317,0.000
1725522109,0.322,0.000
1725522109,0.305,0.000
1725522109,0.286,0.000
1725522109,0.309,0.000
1725522109,0.319,0.000
1725522109,0.365,0.000
1725522109,0.248,0.000
1725522109,0.331,0.000
1725522109,0.234,0.000
1725522109,0.343,0.000
1725522109,0.351,0.000
1725522109,0.312,0.000
1725522109,0.402,0.000
1725522109,0.501,0.000
1725522109,0.542,0.000
1725522109,0.361,0.000
1725522109,0.341,0.000
1725522109,0.274,0.000
1725522109,0.353,0.000
1725522109,0.474,0.000
1725522109,0.333,0.000
1725522109,0.367,0.000
1725522109,0.253,0.000
1725522109,0.396,0.000
1725522109,0.283,0.000
1725522109,0.243,0.000
1725522109,0.407,0.000
1725522109,0.340,0.000
1725522109,0.246,0.000
1725522109,0.283,0.000
1725522109,0.276,0.000
1725522109,0.317,0.000
1725522109,0.332,0.000
1725522109,0.255,0.000
1725522109,0.327,0.000
1725522109,0.463,0.000
1725522109,0.322,0.000
1725522110,0.389,0.000
1725522110,0.390,0.000
1725522110,0.276,0.000
1725522110,0.518,0.000
1725522110,0.405,0.000
1725522110,0.298,0.000
1725522110,0.327,0.000
1725522110,0.323,0.000
1725522110,0.533,0.000
1725522110,0.281,0.000
1725522110,0.290,0.000
1725522110,0.390,0.000
1725522110,0.412,0.000
1725522110,0.262,0.000
1725522110,0.479,0.000
1725522110,0.483,0.000
1725522110,0.435,0.000
1725522110,0.282,0.000
1725522110,0.346,0.000
1725522110,0.339,0.000
1725522110,0.358,0.000
1725522110,0.361,0.000
1725522110,0.333,0.000
1725522110,0.288,0.000
1725522110,0.390,0.000
1725522110,0.339,0.000
1725522110,0.257,0.000
1725522110,0.368,0.000
1725522110,0.300,0.000
1725522110,0.293,0.000
1725522110,0.299,0.000
1725522110,0.367,0.000
1725522110,0.303,0.000
1725522110,0.386,0.000
1725522110,0.371,0.000
1725522110,0.440,0.000
1725522110,0.326,0.000
1725522110,0.307,0.000
1725522110,0.484,0.000
1725522110,0.298,0.000
1725522110,0.481,0.000
1725522110,0.270,0.000
1725522110,0.237,0.000
1725522110,0.341,0.000
1725522110,0.276,0.000
1725522110,0.388,0.000
1725522110,0.309,0.000
1725522110,0.412,0.000
1725522110,0.366,0.000
1725522110,0.479,0.000
1725522110,0.286,0.000
1725522110,0.533,0.000
1725522110,0.438,0.000
1725522110,0.369,0.000
1725522110,0.356,0.000
1725522110,0.264,0.000
1725522110,0.378,0.000
1725522110,0.288,0.000
1725522110,0.529,0.000
1725522110,0.326,0.000
1725522110,0.321,0.000
1725522110,0.314,0.000
1725522110,0.318,0.000
1725522110,0.313,0.000
1725522110,0.396,0.000
1725522110,0.353,0.000
1725522110,0.328,0.000
1725522110,0.323,0.000
1725522110,0.369,0.000
1725522110,0.337,0.000
1725522110,0.502,0.000
1725522110,0.368,0.000
1725522110,0.437,0.000
1725522110,0.335,0.000
1725522110,0.308,0.000
1725522110,0.228,0.000
1725522110,0.447,0.000
1725522110,0.320,0.000
1725522110,0.305,0.000
1725522110,0.308,0.000
1725522110,0.342,0.000
1725522110,0.583,0.000
1725522110,0.519,0.000
1725522110,0.317,0.000
1725522110,0.310,0.000
1725522110,0.402,0.000
1725522110,0.357,0.000
1725522110,0.265,0.000
1725522110,0.291,0.000
1725522110,0.366,0.000
1725522110,0.277,0.000
1725522110,0.196,0.000
1725522110,0.314,0.000
1725522110,0.387,0.000
1725522110,0.419,0.000
1725522110,0.351,0.000
1725522110,0.329,0.000
1725522110,0.326,0.000
1725522110,0.387,0.000
1725522110,0.499,0.000
1725522110,0.412,0.000
1725522110,0.302,0.000
1725522110,0.338,0.000
1725522110,0.362,0.000
1725522110,0.374,0.000
1725522110,0.301,0.000
1725522110,0.281,0.000
1725522110,0.306,0.000
1725522110,0.392,0.000
1725522110,0.325,0.000
1725522110,0.413,0.000
1725522110,0.382,0.000
1725522110,0.270,0.000
1725522110,0.364,0.000
1725522110,0.375,0.000
1725522110,0.369,0.000
1725522110,0.357,0.000
1725522110,0.348,0.000
1725522110,0.330,0.000
1725522110,0.343,0.000
1725522110,0.341,0.000
1725522110,0.393,0.000
1725522110,0.276,0.000
1725522110,0.296,0.000
1725522110,0.297,0.000
1725522110,0.304,0.000
1725522110,0.321,0.000
1725522110,0.304,0.000
1725522110,0.472,0.000
1725522110,0.315,0.000
1725522110,0.302,0.000
1725522110,0.406,0.000
1725522110,0.272,0.000
1725522110,0.433,0.000
1725522110,0.287,0.000
1725522110,0.360,0.000
1725522110,0.389,0.000
1725522110,0.298,0.000
1725522110,0.321,0.000
1725522110,0.695,0.000
1725522110,0.401,0.000
1725522110,0.259,0.000
1725522110,0.291,0.000
1725522110,0.395,0.000
1725522110,0.316,0.000
1725522110,0.347,0.000
1725522110,0.420,0.000
1725522110,0.372,0.000
1725522110,0.312,0.000
1725522110,0.256,0.000
1725522110,0.309,0.000
1725522110,0.367,0.000
1725522110,0.394,0.000
1725522110,0.425,0.000
1725522110,0.372,0.000
1725522110,1.027,0.000
1725522110,0.352,0.000
1725522110,0.330,0.000
1725522110,0.462,0.000
1725522110,0.347,0.000
1725522110,0.283,0.000
1725522110,0.482,0.000
1725522110,0.474,0.000
1725522110,0.371,0.000
1725522110,0.335,0.000
1725522110,0.284,0.000
1725522110,0.392,0.000
1725522110,0.343,0.000
1725522110,0.332,0.000
1725522111,0.384,0.000
1725522111,0.353,0.000
1725522111,0.265,0.000
1725522111,0.299,0.000
1725522111,0.311,0.000
1725522111,0.310,0.000
1725522111,0.258,0.000
1725522111,0.363,0.000
1725522111,0.234,0.000
1725522111,0.394,0.000
1725522111,0.330,0.000
1725522111,0.277,0.000
1725522111,0.290,0.000
1725522111,0.458,0.000
1725522111,0.364,0.000
1725522111,0.442,0.000
1725522111,0.434,0.000
1725522111,0.292,0.000
1725522111,0.529,0.000
1725522111,0.413,0.000
1725522111,0.295,0.000
1725522111,0.438,0.000
1725522111,0.340,0.000
1725522111,0.327,0.000
1725522111,0.264,0.000
1725522111,0.335,0.000
1725522111,0.303,0.000
1725522111,0.447,0.000
1725522111,0.297,0.000
1725522111,0.354,0.000
1725522111,0.399,0.000
1725522111,0.368,0.000
1725522111,0.311,0.000
1725522111,0.293,0.000
1725522111,0.313,0.000
1725522111,0.359,0.000
1725522111,0.343,0.000
1725522111,0.407,0.000
1725522111,0.349,0.000
1725522111,0.359,0.000
1725522111,0.390,0.000
1725522111,0.406,0.000
1725522111,0.383,0.000
1725522111,0.268,0.000
1725522111,0.279,0.000
1725522111,0.339,0.000
1725522111,0.295,0.000
1725522111,0.378,0.000
1725522111,0.486,0.000
1725522111,0.567,0.000
1725522111,0.252,0.000
1725522111,0.219,0.000
1725522111,0.274,0.000
1725522111,0.330,0.000
1725522111,0.334,0.000
1725522111,0.306,0.000
1725522111,0.326,0.000
1725522111,0.509,0.000
1725522111,0.413,0.000
1725522111,0.325,0.000
1725522111,0.448,0.000
1725522111,0.378,0.000
1725522111,0.282,0.000
1725522111,0.431,0.000
1725522111,0.322,0.000
1725522111,0.365,0.000
1725522111,0.262,0.000
1725522111,0.367,0.000
1725522111,0.356,0.000
1725522111,0.348,0.000
1725522111,0.332,0.000
1725522111,0.381,0.000
1725522111,0.283,0.000
1725522111,0.394,0.000
1725522111,0.328,0.000
1725522111,0.372,0.000
1725522111,0.353,0.000
1725522111,0.354,0.000
1725522111,0.318,0.000
1725522111,0.367,0.000
1725522111,0.321,0.000
1725522111,0.525,0.000
1725522111,0.421,0.000
1725522111,0.420,0.000
1725522111,0.274,0.000
1725522111,0.282,0.000
1725522111,0.223,0.000
1725522111,0.319,0.000
1725522111,0.440,0.000
1725522111,0.361,0.000
1725522111,0.335,0.000
1725522111,0.325,0.000
1725522111,0.328,0.000
1725522111,0.248,0.000
1725522111,0.329,0.000
1725522111,0.405,0.000
1725522111,0.282,0.000
1725522111,0.357,0.000
1725522111,0.553,0.000
1725522111,0.510,0.000
1725522111,0.382,0.000
1725522111,0.332,0.000
1725522111,0.384,0.000
1725522111,0.448,0.000
1725522111,0.361,0.000
1725522111,0.333,0.000
1725522111,0.430,0.000
1725522111,0.245,0.000
1725522111,0.396,0.000
1725522111,0.347,0.000
1725522111,0.300,0.000
1725522111,0.333,0.000
1725522111,0.378,0.000
1725522111,0.253,0.000
1725522111,0.403,0.000
1725522111,0.328,0.000
1725522111,0.507,0.000
1725522111,0.370,0.000
1725522111,0.473,0.000
1725522111,0.291,0.000
1725522111,0.337,0.000
1725522111,0.315,0.000
1725522111,0.413,0.000
1725522111,0.450,0.000
1725522111,0.480,0.000
1725522111,0.275,0.000
1725522111,0.306,0.000
1725522111,0.408,0.000
1725522111,0.304,0.000
1725522111,0.327,0.000
1725522111,0.459,0.000
1725522111,0.356,0.000
1725522111,0.240,0.000
1725522111,0.285,0.000
1725522111,0.335,0.000
1725522111,0.299,0.000
1725522111,0.267,0.000
1725522111,0.354,0.000
1725522111,0.277,0.000
1725522111,0.304,0.000
1725522111,0.374,0.000
1725522111,0.373,0.000
1725522111,0.285,0.000
1725522111,0.372,0.000
1725522111,0.396,0.000
1725522111,0.337,0.000
1725522111,0.260,0.000
1725522111,0.363,0.000
1725522111,0.303,0.000
1725522111,0.363,0.000
1725522111,0.238,0.000
1725522111,0.365,0.000
1725522111,0.314,0.000
1725522111,0.420,0.000
1725522111,0.613,0.000
1725522111,0.290,0.000
1725522111,0.498,0.000
1725522111,0.333,0.000
1725522111,0.224,0.000
1725522111,0.333,0.000
1725522111,0.249,0.000
1725522111,0.329,0.000
1725522111,0.254,0.000
1725522111,0.329,0.000
1725522111,0.347,0.000
1725522111,0.468,0.000
1725522111,0.344,0.000
1725522111,0.327,0.000
1725522112,0.421,0.000
1725522112,0.349,0.000
1725522112,0.377,0.000
1725522112,0.523,0.000
1725522112,0.294,0.000
1725522112,0.372,0.000
1725522112,0.383,0.000
1725522112,0.352,0.000
1725522112,0.388,0.000
1725522112,0.355,0.000
1725522112,0.321,0.000
1725522112,0.303,0.000
1725522112,0.341,0.000
1725522112,0.272,0.000
1725522112,0.572,0.000
1725522112,0.464,0.000
1725522112,0.311,0.000
1725522112,0.411,0.000
1725522112,0.294,0.000
1725522112,0.273,0.000
1725522112,0.310,0.000
1725522112,0.391,0.000
1725522112,0.251,0.000
1725522112,0.279,0.000
1725522112,0.308,0.000
1725522112,0.332,0.000
1725522112,0.423,0.000
1725522112,0.265,0.000
1725522112,0.295,0.000
1725522112,0.288,0.000
1725522112,0.326,0.000
1725522112,0.375,0.000
1725522112,0.435,0.000
1725522112,0.384,0.000
1725522112,0.249,0.000
1725522112,0.372,0.000
1725522112,0.391,0.000
1725522112,0.315,0.000
1725522112,0.274,0.000
1725522112,0.286,0.000
1725522112,0.261,0.000
1725522112,0.326,0.000
1725522112,0.342,0.000
1725522112,0.382,0.000
1725522112,0.308,0.000
1725522112,0.301,0.000
1725522112,0.444,0.000
1725522112,0.364,0.000
1725522112,0.321,0.000
1725522112,0.474,0.000
1725522112,0.310,0.000
1725522112,0.340,0.000
1725522112,0.299,0.000
1725522112,0.421,0.000
1725522112,0.475,0.000
1725522112,0.291,0.000
1725522112,0.296,0.000
1725522112,0.689,0.000
1725522112,0.417,0.000
1725522112,0.410,0.000
1725522112,0.323,0.000
1725522112,0.313,0.000
1725522112,0.311,0.000
1725522112,0.371,0.000
1725522112,0.336,0.000
1725522112,0.410,0.000
1725522112,0.410,0.000
1725522112,0.315,0.000
1725522112,0.418,0.000
1725522112,0.389,0.000
1725522112,0.306,0.000
1725522112,0.422,0.000
1725522112,0.365,0.000
1725522112,0.392,0.000
1725522112,0.354,0.000
1725522112,0.513,0.000
1725522112,0.321,0.000
1725522112,0.521,0.000
1725522112,0.387,0.000
1725522112,0.283,0.000
1725522112,0.362,0.000
1725522112,0.340,0.000
1725522112,0.259,0.000
1725522112,0.352,0.000
1725522112,0.276,0.000
1725522112,0.264,0.000
1725522112,0.387,0.000
1725522112,0.387,0.000
1725522112,0.518,0.000
1725522112,0.370,0.000
1725522112,0.304,0.000
1725522112,0.521,0.000
1725522112,0.281,0.000
1725522112,0.390,0.000
1725522112,0.482,0.000
1725522112,1.657,0.000
1725522112,0.293,0.000
1725522112,0.527,0.000
1725522112,0.256,0.000
1725522112,0.358,0.000
1725522112,0.412,0.000
1725522112,0.418,0.000
1725522112,0.347,0.000
1725522112,0.334,0.000
1725522112,0.296,0.000
1725522112,0.319,0.000
1725522112,0.300,0.000
1725522112,0.372,0.000
1725522112,0.346,0.000
1725522112,0.348,0.000
1725522112,0.263,0.000
1725522112,0.310,0.000
1725522112,0.323,0.000
1725522112,0.316,0.000
1725522112,0.326,0.000
1725522112,0.353,0.000
1725522112,0.262,0.000
1725522112,0.331,0.000
1725522112,0.430,0.000
1725522112,0.449,0.000
1725522112,0.398,0.000
1725522112,0.288,0.000
1725522112,0.452,0.000
1725522112,0.345,0.000
1725522112,0.330,0.000
1725522112,0.235,0.000
1725522112,0.353,0.000
1725522112,0.345,0.000
1725522112,0.318,0.000
1725522112,0.324,0.000
1725522112,0.346,0.000
1725522112,0.298,0.000
1725522112,0.337,0.000
1725522112,0.348,0.000
1725522112,0.369,0.000
1725522112,0.358,0.000
1725522112,0.299,0.000
1725522112,0.433,0.000
1725522112,0.324,0.000
1725522112,0.683,0.000
1725522112,0.421,0.000
1725522112,0.355,0.000
1725522112,0.557,0.000
1725522112,0.349,0.000
1725522112,0.431,0.000
1725522112,0.293,0.000
1725522112,0.401,0.000
1725522112,0.333,0.000
1725522112,0.290,0.000
1725522112,0.297,0.000
1725522112,0.438,0.000
1725522112,0.385,0.000
1725522112,0.274,0.000
1725522112,0.311,0.000
1725522112,0.499,0.000
1725522112,0.424,0.000
1725522112,0.263,0.000
1725522112,0.332,0.000
1725522112,0.463,0.000
1725522112,0.284,0.000
1725522112,0.263,0.000
1725522112,0.482,0.000
1725522113,0.288,0.000
1725522113,0.295,0.000
1725522113,0.267,0.000
1725522113,0.563,0.000
1725522113,0.298,0.000
1725522113,0.266,0.000
1725522113,0.319,0.000
1725522113,0.281,0.000
1725522113,0.414,0.000
1725522113,0.387,0.000
1725522113,0.591,0.000
1725522113,0.311,0.000
1725522113,0.326,0.000
1725522113,0.279,0.000
1725522113,0.261,0.000
1725522113,0.385,0.000
1725522113,0.273,0.000
1725522113,0.364,0.000
1725522113,0.459,0.000
1725522113,0.505,0.000
1725522113,0.409,0.000
1725522113,0.288,0.000
1725522113,0.366,0.000
1725522113,0.354,0.000
1725522113,0.371,0.000
1725522113,0.489,0.000
1725522113,0.330,0.000
1725522113,0.301,0.000
1725522113,0.346,0.000
1725522113,0.456,0.000
1725522113,0.335,0.000
1725522113,0.360,0.000
1725522113,0.317,0.000
1725522113,0.313,0.000
1725522113,0.278,0.000
1725522113,0.350,0.000
1725522113,0.285,0.000
1725522113,0.293,0.000
1725522113,0.371,0.000
1725522113,0.274,0.000
1725522113,0.372,0.000
1725522113,0.369,0.000
1725522113,0.390,0.000
1725522113,0.254,0.000
1725522113,0.389,0.000
1725522113,0.283,0.000
1725522113,0.307,0.000
1725522113,0.351,0.000
1725522113,0.418,0.000
1725522113,0.304,0.000
1725522113,0.267,0.000
1725522113,0.337,0.000
1725522113,0.325,0.000
1725522113,0.264,0.000
1725522113,0.275,0.000
1725522113,0.304,0.000
1725522113,0.328,0.000
1725522113,0.395,0.000
1725522113,0.303,0.000
1725522113,0.267,0.000
1725522113,0.278,0.000
1725522113,0.248,0.000
1725522113,0.342,0.000
1725522113,0.291,0.000
1725522113,0.322,0.000
1725522113,0.328,0.000
1725522113,0.341,0.000
1725522113,0.328,0.000
1725522113,0.247,0.000
1725522113,0.298,0.000
1725522113,0.287,0.000
1725522113,0.290,0.000
1725522113,0.358,0.000
1725522113,0.531,0.000
1725522113,0.378,0.000
1725522113,0.362,0.000
1725522113,0.355,0.000
1725522113,0.438,0.000
1725522113,0.502,0.000
1725522113,0.406,0.000
1725522113,0.307,0.000
1725522113,0.270,0.000
1725522113,0.426,0.000
1725522113,0.338,0.000
1725522113,0.291,0.000
1725522113,0.361,0.000
1725522113,0.520,0.000
1725522113,0.497,0.000
1725522113,0.277,0.000
1725522113,0.338,0.000
1725522113,0.345,0.000
1725522113,0.346,0.000
1725522113,0.252,0.000
1725522113,0.382,0.000
1725522113,0.261,0.000
1725522113,0.480,0.000
1725522113,0.337,0.000
1725522113,0.471,0.000
1725522113,0.273,0.000
1725522113,0.350,0.000
1725522113,0.244,0.000
1725522113,0.294,0.000
1725522113,0.351,0.000
1725522113,0.336,0.000
1725522113,0.408,0.000
1725522113,0.306,0.000
1725522113,0.278,0.000
1725522113,0.346,0.000
1725522113,0.393,0.000
1725522113,0.304,0.000
1725522113,0.593,0.000
1725522113,0.286,0.000
1725522113,0.286,0.000
1725522113,0.442,0.000
1725522113,0.377,0.000
1725522113,0.399,0.000
1725522113,0.373,0.000
1725522113,0.283,0.000
1725522113,0.323,0.000
1725522113,0.415,0.000
1725522113,0.342,0.000
1725522113,0.351,0.000
1725522113,0.312,0.000
1725522113,0.485,0.000
1725522113,0.462,0.000
1725522113,0.381,0.000
1725522113,0.383,0.000
1725522113,0.273,0.000
1725522113,0.265,0.000
1725522113,0.379,0.000
1725522113,0.397,0.000
1725522113,0.294,0.000
1725522113,0.347,0.000
1725522113,0.298,0.000
1725522113,0.238,0.000
1725522113,0.410,0.000
1725522113,0.328,0.000
1725522113,0.307,0.000
1725522113,0.294,0.000
1725522113,0.402,0.000
1725522113,0.406,0.000
1725522113,0.443,0.000
1725522113,0.316,0.000
1725522113,0.417,0.000
1725522113,0.340,0.000
1725522113,0.282,0.000
1725522113,0.307,0.000
1725522113,0.387,0.000
1725522113,0.284,0.000
1725522113,0.313,0.000
1725522113,0.371,0.000
1725522113,0.461,0.000
1725522113,0.444,0.000
1725522113,0.315,0.000
1725522113,0.344,0.000
1725522113,0.360,0.000
1725522113,0.315,0.000
1725522113,0.455,0.000
1725522113,0.451,0.000
1725522113,0.336,0.000
1725522113,0.334,0.000
1725522113,0.329,0.000
1725522113,0.358,0.000
1725522113,0.483,0.000
1725522113,0.237,0.000
1725522113,0.328,0.000
1725522113,0.444,0.000
1725522113,0.317,0.000
1725522113,0.337,0.000
1725522113,0.385,0.000
1725522114,0.232,0.000
1725522114,0.248,0.000
1725522114,0.425,0.000
1725522114,0.346,0.000
1725522114,0.404,0.000
1725522114,0.300,0.000
1725522114,0.332,0.000
1725522114,0.292,0.000
1725522114,0.317,0.000
1725522114,0.438,0.000
1725522114,0.318,0.000
1725522114,0.413,0.000
1725522114,0.464,0.000
1725522114,0.365,0.000
1725522114,0.284,0.000
1725522114,0.505,0.000
1725522114,0.281,0.000
1725522114,0.353,0.000
1725522114,0.350,0.000
1725522114,0.578,0.000
1725522114,0.270,0.000
1725522114,0.360,0.000
1725522114,0.416,0.000
1725522114,0.307,0.000
1725522114,0.380,0.000
1725522114,0.255,0.000
1725522114,0.355,0.000
1725522114,0.263,0.000
1725522114,0.291,0.000
1725522114,0.299,0.000
1725522114,0.381,0.000
1725522114,0.417,0.000
1725522114,0.357,0.000
1725522114,0.389,0.000
1725522114,0.349,0.000
1725522114,0.252,0.000
1725522114,0.316,0.000
1725522114,0.268,0.000
1725522114,0.339,0.000
1725522114,0.417,0.000
1725522114,0.332,0.000
1725522114,0.319,0.000
1725522114,0.312,0.000
1725522114,0.377,0.000
1725522114,0.339,0.000
1725522114,0.720,0.000
1725522114,0.277,0.000
1725522114,0.294,0.000
1725522114,0.307,0.000
1725522114,0.396,0.000
1725522114,0.279,0.000
1725522114,0.418,0.000
1725522114,0.486,0.000
1725522114,0.324,0.000
1725522114,0.358,0.000
1725522114,0.414,0.000
1725522114,0.268,0.000
1725522114,0.357,0.000
1725522114,0.276,0.000
1725522114,0.502,0.000
1725522114,0.366,0.000
1725522114,0.329,0.000
1725522114,0.235,0.000
1725522114,0.379,0.000
1725522114,0.481,0.000
1725522114,0.424,0.000
1725522114,0.340,0.000
1725522114,0.369,0.000
1725522114,0.356,0.000
1725522114,0.523,0.000
1725522114,0.391,0.000
1725522114,0.309,0.000
1725522114,0.941,0.000
1725522114,0.317,0.000
1725522114,0.364,0.000
1725522114,0.453,0.000
1725522114,0.340,0.000
1725522114,0.419,0.000
1725522114,0.323,0.000
1725522114,0.267,0.000
1725522114,0.329,0.000
1725522114,0.380,0.000
1725522114,0.284,0.000
1725522114,1.961,0.000
1725522114,0.350,0.000
1725522114,0.230,0.000
1725522114,0.329,0.000
1725522114,0.306,0.000
1725522114,0.399,0.000
1725522114,0.296,0.000
1725522114,0.371,0.000
1725522114,0.379,0.000
1725522114,0.277,0.000
1725522114,0.435,0.000
1725522114,0.286,0.000
1725522114,0.353,0.000
1725522114,0.291,0.000
1725522114,0.257,0.000
1725522114,0.399,0.000
1725522114,0.361,0.000
1725522114,0.523,0.000
1725522114,0.339,0.000
1725522114,0.397,0.000
1725522114,0.340,0.000
1725522114,0.455,0.000
1725522114,0.836,0.000
1725522114,0.530,0.000
1725522114,0.333,0.000
1725522114,0.272,0.000
1725522114,0.283,0.000
1725522114,0.276,0.000
1725522114,0.421,0.000
1725522114,0.488,0.000
1725522114,0.302,0.000
1725522114,0.431,0.000
1725522114,0.240,0.000
1725522114,0.384,0.000
1725522114,0.546,0.000
1725522114,0.347,0.000
1725522114,0.339,0.000
1725522114,0.480,0.000
1725522114,0.380,0.000
1725522114,0.378,0.000
1725522114,0.346,0.000
1725522114,0.335,0.000
1725522114,0.383,0.000
1725522114,0.377,0.000
1725522114,0.415,0.000
1725522114,0.362,0.000
1725522114,0.450,0.000
1725522114,0.319,0.000
1725522114,0.338,0.000
1725522114,0.332,0.000
1725522114,0.337,0.000
1725522114,0.260,0.000
1725522114,0.401,0.000
1725522114,0.359,0.000
1725522114,0.286,0.000
1725522114,0.352,0.000
1725522114,0.360,0.000
1725522114,0.380,0.000
1725522114,0.308,0.000
1725522114,0.286,0.000
1725522114,0.449,0.000
1725522114,0.474,0.000
1725522114,0.278,0.000
1725522114,0.369,0.000
1725522114,0.367,0.000
1725522114,0.232,0.000
1725522114,0.349,0.000
1725522114,0.311,0.000
1725522114,0.323,0.000
1725522114,0.369,0.000
1725522114,0.322,0.000
1725522114,0.282,0.000
1725522114,0.376,0.000
1725522114,0.426,0.000
1725522114,0.284,0.000
1725522114,0.458,0.000
1725522114,0.331,0.000
1725522114,0.306,0.000
1725522115,0.352,0.000
1725522115,0.344,0.000
1725522115,0.379,0.000
1725522115,0.402,0.000
1725522115,0.521,0.000
1725522115,0.273,0.000
1725522115,0.298,0.000
1725522115,0.270,0.000
1725522115,0.322,0.000
1725522115,0.335,0.000
1725522115,0.329,0.000
1725522115,0.409,0.000
1725522115,0.305,0.000
1725522115,0.365,0.000
1725522115,0.346,0.000
1725522115,0.392,0.000
1725522115,0.387,0.000
1725522115,0.290,0.000
1725522115,0.478,0.000
1725522115,0.451,0.000
1725522115,0.319,0.000
1725522115,0.344,0.000
1725522115,0.361,0.000
1725522115,0.371,0.000
1725522115,0.370,0.000
1725522115,0.447,0.000
1725522115,0.469,0.000
1725522115,0.249,0.000
1725522115,0.438,0.000
1725522115,0.330,0.000
1725522115,0.309,0.000
1725522115,0.466,0.000
1725522115,0.440,0.000
1725522115,0.388,0.000
1725522115,0.343,0.000
1725522115,0.303,0.000
1725522115,1.151,0.000
1725522115,0.392,0.000
1725522115,0.470,0.000
1725522115,0.424,0.000
1725522115,0.366,0.000
1725522115,0.326,0.000
1725522115,0.284,0.000
1725522115,0.459,0.000
1725522115,0.319,0.000
1725522115,0.342,0.000
1725522115,0.321,0.000
1725522115,0.398,0.000
1725522115,0.306,0.000
1725522115,0.323,0.000
1725522115,0.421,0.000
1725522115,0.212,0.000
1725522115,0.559,0.000
1725522115,0.369,0.000
1725522115,0.425,0.000
1725522115,0.424,0.000
1725522115,0.304,0.000
1725522115,0.313,0.000
1725522115,0.494,0.000
1725522115,0.333,0.000
1725522115,0.416,0.000
1725522115,0.381,0.000
1725522115,0.303,0.000
1725522115,0.272,0.000
1725522115,0.336,0.000
1725522115,0.277,0.000
1725522115,0.299,0.000
1725522115,0.428,0.000
1725522115,0.393,0.000
1725522115,0.269,0.000
1725522115,0.399,0.000
1725522115,0.369,0.000
1725522115,0.292,0.000
1725522115,0.402,0.000
1725522115,0.256,0.000
1725522115,0.380,0.000
1725522115,0.314,0.000
1725522115,0.332,0.000
1725522115,0.330,0.000
1725522115,0.281,0.000
1725522115,0.339,0.000
1725522115,0.457,0.000
1725522115,0.291,0.000
1725522115,0.379,0.000
1725522115,0.302,0.000
1725522115,0.473,0.000
1725522115,0.287,0.000
1725522115,0.277,0.000
1725522115,0.315,0.000
1725522115,0.374,0.000
1725522115,0.419,0.000
1725522115,0.319,0.000
1725522115,0.431,0.000
1725522115,0.287,0.000
1725522115,0.296,0.000
1725522115,0.308,0.000
1725522115,0.402,0.000
1725522115,0.357,0.000
1725522115,0.360,0.000
1725522115,0.295,0.000
1725522115,0.338,0.000
1725522115,0.370,0.000
1725522115,0.507,0.000
1725522115,0.415,0.000
1725522115,0.647,0.000
1725522115,0.301,0.000
1725522115,0.343,0.000
1725522115,0.281,0.000
1725522115,0.510,0.000
1725522115,0.310,0.000
1725522115,0.264,0.000
1725522115,0.372,0.000
1725522115,0.279,0.000
1725522115,0.300,0.000
1725522115,0.282,0.000
1725522115,0.363,0.000
1725522115,0.269,0.000
1725522115,0.389,0.000
1725522115,0.332,0.000
1725522115,0.258,0.000
1725522115,0.304,0.000
1725522115,0.325,0.000
1725522115,0.303,0.000
1725522115,0.327,0.000
1725522115,0.389,0.000
1725522115,0.349,0.000
1725522115,0.307,0.000
1725522115,0.321,0.000
1725522115,0.452,0.000
1725522115,0.311,0.000
1725522115,0.333,0.000
1725522115,0.450,0.000
1725522115,0.376,0.000
1725522115,0.345,0.000
1725522115,0.413,0.000
1725522115,0.279,0.000
1725522115,0.293,0.000
1725522115,0.321,0.000
1725522115,0.421,0.000
1725522115,0.305,0.000
1725522115,0.485,0.000
1725522115,0.384,0.000
1725522115,0.421,0.000
1725522115,0.384,0.000
1725522115,0.490,0.000
1725522115,0.325,0.000
1725522115,0.373,0.000
1725522115,0.355,0.000
1725522115,0.265,0.000
1725522115,0.296,0.000
1725522115,0.333,0.000
1725522115,0.465,0.000
1725522115,0.391,0.000
1725522115,0.319,0.000
1725522115,0.703,0.000
1725522115,0.398,0.000
1725522115,0.252,0.000
1725522115,0.277,0.000
1725522115,0.322,0.000
1725522115,0.243,0.000
1725522115,0.365,0.000
1725522115,0.364,0.000
1725522115,0.301,0.000
1725522115,0.310,0.000
1725522115,0.364,0.000
1725522115,0.321,0.000
1725522115,0.318,0.000
1725522115,0.366,0.000
1725522115,0.291,0.000
1725522115,0.371,0.000
1725522116,0.322,0.000
1725522116,0.342,0.000
1725522116,0.306,0.000
1725522116,0.424,0.000
1725522116,0.488,0.000
1725522116,0.369,0.000
1725522116,0.315,0.000
1725522116,0.286,0.000
1725522116,0.265,0.000
1725522116,0.297,0.000
1725522116,0.278,0.000
1725522116,0.341,0.000
1725522116,0.325,0.000
1725522116,0.446,0.000
1725522116,0.260,0.000
1725522116,0.354,0.000
1725522116,0.320,0.000
1725522116,0.253,0.000
1725522116,0.350,0.000
1725522116,0.229,0.000
1725522116,0.347,0.000
1725522116,0.283,0.000
1725522116,0.360,0.000
1725522116,0.309,0.000
1725522116,0.216,0.000
1725522116,0.405,0.000
1725522116,0.348,0.000
1725522116,0.372,0.000
1725522116,0.275,0.000
1725522116,0.289,0.000
1725522116,0.235,0.000
1725522116,0.372,0.000
1725522116,0.270,0.000
1725522116,0.311,0.000
1725522116,0.408,0.000
1725522116,0.431,0.000
1725522116,0.316,0.000
1725522116,0.278,0.000
1725522116,0.314,0.000
1725522116,0.376,0.000
1725522116,0.380,0.000
1725522116,0.346,0.000
1725522116,0.308,0.000
1725522116,0.291,0.000
1725522116,0.259,0.000
1725522116,0.328,0.000
1725522116,0.485,0.000
1725522116,0.319,0.000
1725522116,0.339,0.000
1725522116,0.301,0.000
1725522116,0.276,0.000
1725522116,0.398,0.000
1725522116,0.389,0.000
1725522116,0.374,0.000
1725522116,0.375,0.000
1725522116,0.377,0.000
1725522116,0.475,0.000
1725522116,0.286,0.000
1725522116,0.288,0.000
1725522116,0.337,0.000
1725522116,0.292,0.000
1725522116,0.305,0.000
1725522116,0.459,0.000
1725522116,0.251,0.000
1725522116,0.318,0.000
1725522116,0.490,0.000
1725522116,0.296,0.000
1725522116,0.345,0.000
1725522116,0.482,0.000
1725522116,0.336,0.000
1725522116,0.295,0.000
1725522116,0.256,0.000
1725522116,1.925,0.000
1725522116,0.421,0.000
1725522116,0.301,0.000
1725522116,0.352,0.000
1725522116,0.314,0.000
1725522116,0.369,0.000
1725522116,0.288,0.000
1725522116,0.346,0.000
1725522116,0.286,0.000
1725522116,0.406,0.000
1725522116,0.272,0.000
1725522116,0.582,0.000
1725522116,0.477,0.000
1725522116,0.356,0.000
1725522116,0.288,0.000
1725522116,0.381,0.000
1725522116,0.287,0.000
1725522116,0.357,0.000
1725522116,0.286,0.000
1725522116,0.296,0.000
1725522116,0.441,0.000
1725522116,0.342,0.000
1725522116,0.404,0.000
1725522116,0.273,0.000
1725522116,0.451,0.000
1725522116,0.452,0.000
1725522116,0.329,0.000
1725522116,0.334,0.000
1725522116,0.325,0.000
1725522116,0.240,0.000
1725522116,0.287,0.000
1725522116,0.298,0.000
1725522116,0.249,0.000
1725522116,0.462,0.000
1725522116,0.260,0.000
1725522116,0.318,0.000
1725522116,0.593,0.000
1725522116,0.356,0.000
1725522116,0.353,0.000
1725522116,0.297,0.000
1725522116,0.277,0.000
1725522116,0.502,0.000
1725522116,0.408,0.000
1725522116,0.401,0.000
1725522116,0.531,0.000
1725522116,0.434,0.000
1725522116,0.327,0.000
1725522116,0.360,0.000
1725522116,0.338,0.000
1725522116,0.362,0.000
1725522116,0.551,0.000
1725522116,0.318,0.000
1725522116,0.362,0.000
1725522116,0.272,0.000
1725522116,0.311,0.000
1725522116,0.361,0.000
1725522116,0.435,0.000
1725522116,0.358,0.000
1725522116,0.406,0.000
1725522116,0.303,0.000
1725522116,0.458,0.000
1725522116,0.266,0.000
1725522116,0.301,0.000
1725522116,0.261,0.000
1725522116,0.377,0.000
1725522116,0.286,0.000
1725522116,0.376,0.000
1725522116,0.285,0.000
1725522116,0.387,0.000
1725522116,0.356,0.000
1725522116,0.338,0.000
1725522116,0.382,0.000
1725522116,0.253,0.000
1725522116,0.315,0.000
1725522116,0.381,0.000
1725522116,0.306,0.000
1725522116,0.323,0.000
1725522116,0.317,0.000
1725522116,0.473,0.000
1725522116,0.441,0.000
1725522116,0.419,0.000
1725522116,0.334,0.000
1725522116,0.298,0.000
1725522116,0.462,0.000
1725522116,0.303,0.000
1725522116,0.319,0.000
1725522116,0.336,0.000
1725522116,0.345,0.000
1725522116,0.350,0.000
1725522116,0.296,0.000
1725522116,0.318,0.000
1725522116,0.414,0.000
1725522116,0.317,0.000
1725522116,0.455,0.000
1725522116,0.296,0.000
1725522116,0.308,0.000
1725522116,0.259,0.000
1725522116,0.360,0.000
1725522116,0.372,0.000
1725522116,0.306,0.000
1725522116,0.323,0.000
1725522117,0.379,0.000
1725522117,0.331,0.000
1725522117,0.345,0.000
1725522117,0.290,0.000
1725522117,0.397,0.000
1725522117,0.336,0.000
1725522117,0.313,0.000
1725522117,0.449,0.000
1725522117,0.290,0.000
1725522117,0.238,0.000
1725522117,0.242,0.000
1725522117,0.273,0.000
1725522117,0.393,0.000
1725522117,0.262,0.000
1725522117,0.491,0.000
1725522117,0.308,0.000
1725522117,0.453,0.000
1725522117,0.292,0.000
1725522117,0.355,0.000
1725522117,0.445,0.000
1725522117,0.264,0.000
1725522117,0.299,0.000
1725522117,0.295,0.000
1725522117,0.672,0.000
1725522117,0.311,0.000
1725522117,0.344,0.000
1725522117,0.475,0.000
1725522117,0.425,0.000
1725522117,0.253,0.000
1725522117,0.311,0.000
1725522117,0.312,0.000
1725522117,0.379,0.000
1725522117,0.401,0.000
1725522117,0.311,0.000
1725522117,0.363,0.000
1725522117,0.348,0.000
1725522117,0.258,0.000
1725522117,0.391,0.000
1725522117,0.335,0.000
1725522117,0.276,0.000
1725522117,0.435,0.000
1725522117,0.319,0.000
1725522117,0.308,0.000
1725522117,0.368,0.000
1725522117,0.310,0.000
1725522117,0.274,0.000
1725522117,0.296,0.000
1725522117,0.420,0.000
1725522117,0.324,0.000
1725522117,0.370,0.000
1725522117,0.289,0.000
1725522117,0.375,0.000
1725522117,0.540,0.000
1725522117,0.381,0.000
1725522117,0.574,0.000
1725522117,0.271,0.000
1725522117,0.311,0.000
1725522117,0.257,0.000
1725522117,0.356,0.000
1725522117,0.376,0.000
1725522117,0.347,0.000
1725522117,0.375,0.000
1725522117,0.282,0.000
1725522117,0.322,0.000
1725522117,0.553,0.000
1725522117,0.334,0.000
1725522117,0.504,0.000
1725522117,0.308,0.000
1725522117,0.288,0.000
1725522117,0.248,0.000
1725522117,0.287,0.000
1725522117,0.455,0.000
1725522117,0.411,0.000
1725522117,0.325,0.000
1725522117,0.378,0.000
1725522117,0.594,0.000
1725522117,0.389,0.000
1725522117,0.386,0.000
1725522117,0.443,0.000
1725522117,0.417,0.000
1725522117,0.295,0.000
1725522117,0.311,0.000
1725522117,0.347,0.000
1725522117,0.260,0.000
1725522117,0.262,0.000
1725522117,0.398,0.000
1725522117,0.361,0.000
1725522117,0.298,0.000
1725522117,0.326,0.000
1725522117,0.271,0.000
1725522117,0.302,0.000
1725522117,0.634,0.000
1725522117,0.385,0.000
1725522117,0.401,0.000
1725522117,0.368,0.000
1725522117,0.311,0.000
1725522117,0.366,0.000
1725522117,0.294,0.000
1725522117,0.267,0.000
1725522117,0.300,0.000
1725522117,0.290,0.000
1725522117,0.341,0.000
1725522117,0.363,0.000
1725522117,0.388,0.000
1725522117,0.286,0.000
1725522117,0.442,0.000
1725522117,0.302,0.000
1725522117,0.309,0.000
1725522117,0.385,0.000
1725522117,0.510,0.000
1725522117,0.303,0.000
1725522117,0.362,0.000
1725522117,0.356,0.000
1725522117,0.728,0.000
1725522117,0.338,0.000
1725522117,0.443,0.000
1725522117,0.255,0.000
1725522117,0.339,0.000
1725522117,0.507,0.000
1725522117,0.352,0.000
1725522117,0.315,0.000
1725522117,0.293,0.000
1725522117,0.340,0.000
1725522117,0.272,0.000
1725522117,0.306,0.000
1725522117,0.327,0.000
1725522117,0.364,0.000
1725522117,0.375,0.000
1725522117,0.336,0.000
1725522117,0.265,0.000
1725522117,0.434,0.000
1725522117,0.519,0.000
1725522117,0.281,0.000
1725522117,0.402,0.000
1725522117,0.245,0.000
1725522117,0.370,0.000
1725522117,0.273,0.000
1725522117,0.338,0.000
1725522117,0.334,0.000
1725522117,0.250,0.000
1725522117,0.350,0.000
1725522117,0.275,0.000
1725522117,0.348,0.000
1725522117,0.576,0.000
1725522117,0.446,0.000
1725522117,0.349,0.000
1725522117,0.307,0.000
1725522117,0.303,0.000
1725522117,0.365,0.000
1725522117,0.365,0.000
1725522117,0.238,0.000
1725522117,0.382,0.000
1725522117,0.396,0.000
1725522117,0.466,0.000
1725522117,0.309,0.000
1725522117,0.369,0.000
1725522117,0.371,0.000
1725522117,0.327,0.000
1725522117,0.268,0.000
1725522118,0.472,0.000
1725522118,0.299,0.000
1725522118,0.420,0.000
1725522118,0.299,0.000
1725522118,0.404,0.000
1725522118,0.302,0.000
1725522118,0.346,0.000
1725522118,0.315,0.000
1725522118,0.333,0.000
1725522118,0.325,0.000
1725522118,0.457,0.000
1725522118,0.381,0.000
1725522118,0.336,0.000
1725522118,0.338,0.000
1725522118,0.371,0.000
1725522118,0.286,0.000
1725522118,0.475,0.000
1725522118,0.273,0.000
1725522118,0.345,0.000
1725522118,0.378,0.000
1725522118,0.472,0.000
1725522118,0.323,0.000
1725522118,0.415,0.000
1725522118,0.423,0.000
1725522118,0.243,0.000
1725522118,0.505,0.000
1725522118,0.558,0.000
1725522118,0.277,0.000
1725522118,0.252,0.000
1725522118,0.241,0.000
1725522118,0.300,0.000
1725522118,0.338,0.000
1725522118,0.300,0.000
1725522118,0.231,0.000
1725522118,0.628,0.000
1725522118,0.301,0.000
1725522118,0.271,0.000
1725522118,0.362,0.000
1725522118,0.310,0.000
1725522118,0.267,0.000
1725522118,1.358,0.000
1725522118,0.302,0.000
1725522118,0.370,0.000
1725522118,0.280,0.000
1725522118,0.377,0.000
1725522118,0.464,0.000
1725522118,0.449,0.000
1725522118,0.391,0.000
1725522118,0.339,0.000
1725522118,0.425,0.000
1725522118,0.354,0.000
1725522118,0.354,0.000
1725522118,0.292,0.000
1725522118,0.318,0.000
1725522118,0.358,0.000
1725522118,0.253,0.000
1725522118,0.421,0.000
1725522118,0.649,0.000
1725522118,0.321,0.000
1725522118,0.309,0.000
1725522118,0.289,0.000
1725522118,0.434,0.000
1725522118,0.364,0.000
1725522118,0.351,0.000
1725522118,0.298,0.000
1725522118,0.343,0.000
1725522118,0.389,0.000
1725522118,0.278,0.000
1725522118,0.889,0.000
1725522118,0.379,0.000
1725522118,0.555,0.000
1725522118,0.322,0.000
1725522118,0.356,0.000
1725522118,0.384,0.000
1725522118,0.339,0.000
1725522118,0.355,0.000
1725522118,0.338,0.000
1725522118,0.334,0.000
1725522118,0.402,0.000
1725522118,0.544,0.000
1725522118,0.246,0.000
1725522118,0.303,0.000
1725522118,0.417,0.000
1725522118,0.250,0.000
1725522118,0.256,0.000
1725522118,0.323,0.000
1725522118,0.333,0.000
1725522118,0.626,0.000
1725522118,0.281,0.000
1725522118,0.446,0.000
1725522118,0.312,0.000
1725522118,0.335,0.000
1725522118,0.205,0.000
1725522118,0.312,0.000
1725522118,0.302,0.000
1725522118,0.303,0.000
1725522118,0.353,0.000
1725522118,0.327,0.000
1725522118,0.290,0.000
1725522118,0.252,0.000
1725522118,0.254,0.000
1725522118,0.355,0.000
1725522118,0.306,0.000
1725522118,0.287,0.000
1725522118,0.288,0.000
1725522118,0.333,0.000
1725522118,0.272,0.000
1725522118,0.339,0.000
1725522118,0.367,0.000
1725522118,0.330,0.000
1725522118,0.310,0.000
1725522118,0.317,0.000
1725522118,0.386,0.000
1725522118,0.292,0.000
1725522118,0.316,0.000
1725522118,0.601,0.000
1725522118,0.345,0.000
1725522118,0.414,0.000
1725522118,0.301,0.000
1725522118,0.323,0.000
1725522118,0.328,0.000
1725522118,0.357,0.000
1725522118,0.345,0.000
1725522118,0.285,0.000
1725522118,0.267,0.000
1725522118,0.331,0.000
1725522118,0.322,0.000
1725522118,0.348,0.000
1725522118,0.331,0.000
1725522118,0.435,0.000
1725522118,0.305,0.000
1725522118,0.284,0.000
1725522118,0.313,0.000
1725522118,0.294,0.000
1725522118,0.355,0.000
1725522118,0.308,0.000
1725522118,0.312,0.000
1725522118,0.327,0.000
1725522118,0.291,0.000
1725522118,0.360,0.000
1725522118,0.291,0.000
1725522118,0.384,0.000
1725522118,0.291,0.000
1725522118,0.420,0.000
1725522118,0.379,0.000
1725522118,0.347,0.000
1725522118,0.393,0.000
1725522118,0.516,0.000
1725522118,0.245,0.000
1725522118,0.318,0.000
1725522118,0.411,0.000
1725522118,0.337,0.000
1725522118,0.281,0.000
1725522118,0.261,0.000
1725522118,0.305,0.000
1725522118,0.329,0.000
1725522118,0.322,0.000
1725522118,0.355,0.000
1725522118,0.531,0.000
1725522118,1.233,0.000
1725522118,0.234,0.000
1725522118,0.276,0.000
1725522118,0.271,0.000
1725522118,0.373,0.000
1725522118,0.276,0.000
1725522118,0.329,0.000
1725522118,0.642,0.000
1725522118,0.396,0.000
1725522118,0.409,0.000
1725522119,0.356,0.000
1725522119,0.425,0.000
1725522119,0.285,0.000
1725522119,0.301,0.000
1725522119,0.368,0.000
1725522119,0.486,0.000
1725522119,0.309,0.000
1725522119,0.291,0.000
1725522119,0.347,0.000
1725522119,0.332,0.000
1725522119,0.291,0.000
1725522119,0.344,0.000
1725522119,0.326,0.000
1725522119,0.275,0.000
1725522119,0.318,0.000
1725522119,0.349,0.000
1725522119,0.297,0.000
1725522119,0.328,0.000
1725522119,0.401,0.000
1725522119,0.285,0.000
1725522119,0.283,0.000
1725522119,0.341,0.000
1725522119,0.302,0.000
1725522119,0.363,0.000
1725522119,0.280,0.000
1725522119,0.360,0.000
1725522119,0.348,0.000
1725522119,0.307,0.000
1725522119,0.341,0.000
1725522119,0.263,0.000
1725522119,0.469,0.000
1725522119,0.279,0.000
1725522119,0.305,0.000
1725522119,0.358,0.000
1725522119,0.358,0.000
1725522119,0.314,0.000
1725522119,0.481,0.000
1725522119,0.362,0.000
1725522119,0.583,0.000
1725522119,0.243,0.000
1725522119,0.375,0.000
1725522119,0.267,0.000
1725522119,0.420,0.000
1725522119,0.340,0.000
1725522119,0.443,0.000
1725522119,0.286,0.000
1725522119,0.548,0.000
1725522119,0.297,0.000
1725522119,0.455,0.000
1725522119,0.319,0.000
1725522119,0.562,0.000
1725522119,0.306,0.000
1725522119,0.309,0.000
1725522119,0.478,0.000
1725522119,0.250,0.000
1725522119,0.339,0.000
1725522119,0.322,0.000
1725522119,1.069,0.000
1725522119,0.274,0.000
1725522119,0.305,0.000
1725522119,0.299,0.000
1725522119,0.311,0.000
1725522119,0.418,0.000
1725522119,0.270,0.000
1725522119,0.286,0.000
1725522119,0.324,0.000
1725522119,0.273,0.000
1725522119,0.414,0.000
1725522119,0.416,0.000
1725522119,0.335,0.000
1725522119,0.317,0.000
1725522119,0.281,0.000
1725522119,0.270,0.000
1725522119,0.353,0.000
1725522119,0.384,0.000
1725522119,0.363,0.000
1725522119,0.320,0.000
1725522119,0.285,0.000
1725522119,0.310,0.000
1725522119,0.297,0.000
1725522119,0.384,0.000
1725522119,0.319,0.000
1725522119,0.332,0.000
1725522119,0.260,0.000
1725522119,0.313,0.000
1725522119,0.334,0.000
1725522119,0.299,0.000
1725522119,0.348,0.000
1725522119,0.352,0.000
1725522119,0.306,0.000
1725522119,0.369,0.000
1725522119,0.302,0.000
1725522119,0.533,0.000
1725522119,0.335,0.000
1725522119,0.262,0.000
1725522119,0.360,0.000
1725522119,0.293,0.000
1725522119,0.499,0.000
1725522119,0.313,0.000
1725522119,0.356,0.000
1725522119,0.349,0.000
1725522119,0.305,0.000
1725522119,0.398,0.000
1725522119,0.427,0.000
1725522119,0.351,0.000
1725522119,0.408,0.000
1725522119,0.298,0.000
1725522119,0.252,0.000
1725522119,0.292,0.000
1725522119,0.271,0.000
1725522119,0.276,0.000
1725522119,0.322,0.000
1725522119,0.280,0.000
1725522119,0.348,0.000
1725522119,0.316,0.000
1725522119,0.304,0.000
1725522119,0.309,0.000
1725522119,0.352,0.000
1725522119,0.418,0.000
1725522119,0.258,0.000
1725522119,0.271,0.000
1725522119,0.473,0.000
1725522119,0.324,0.000
1725522119,0.312,0.000
1725522119,0.313,0.000
1725522119,0.450,0.000
1725522119,0.308,0.000
1725522119,0.257,0.000
1725522119,0.313,0.000
1725522119,0.343,0.000
1725522119,0.393,0.000
1725522119,0.292,0.000
1725522119,0.264,0.000
1725522119,0.331,0.000
1725522119,0.302,0.000
1725522119,0.353,0.000
1725522119,0.351,0.000
1725522119,0.313,0.000
1725522119,0.480,0.000
1725522119,0.440,0.000
1725522119,0.471,0.000
1725522119,0.255,0.000
1725522119,0.322,0.000
1725522119,0.365,0.000
1725522119,0.345,0.000
1725522119,0.370,0.000
1725522119,0.427,0.000
1725522119,0.292,0.000
1725522119,0.291,0.000
1725522119,0.364,0.000
1725522119,0.498,0.000
1725522119,0.313,0.000
1725522119,0.252,0.000
1725522119,0.427,0.000
1725522119,0.266,0.000
1725522119,0.311,0.000
1725522119,0.339,0.000
1725522119,0.276,0.000
1725522119,0.297,0.000
1725522119,0.297,0.000
1725522119,0.373,0.000
1725522119,0.311,0.000
1725522119,0.349,0.000
1725522119,0.252,0.000
1725522119,0.682,0.000
1725522119,0.352,0.000
1725522119,0.291,0.000
1725522119,0.329,0.000
1725522119,0.407,0.000
1725522119,0.300,0.000
1725522119,0.360,0.000
1725522119,0.333,0.000
1725522119,0.404,0.000
1725522119,0.262,0.000
1725522119,0.378,0.000
1725522119,0.343,0.000
1725522120,0.323,0.000
1725522120,0.287,0.000
1725522120,0.341,0.000
1725522120,0.274,0.000
1725522120,0.297,0.000
1725522120,0.304,0.000
1725522120,0.244,0.000
1725522120,0.288,0.000
1725522120,0.330,0.000
1725522120,0.320,0.000
1725522120,0.321,0.000
1725522120,0.300,0.000
1725522120,0.300,0.000
1725522120,0.307,0.000
1725522120,0.270,0.000
1725522120,0.320,0.000
1725522120,0.313,0.000
1725522120,0.568,0.000
1725522120,0.234,0.000
1725522120,0.244,0.000
1725522120,0.282,0.000
1725522120,0.320,0.000
1725522120,0.296,0.000
1725522120,0.327,0.000
1725522120,0.386,0.000
1725522120,0.373,0.000
1725522120,0.701,0.000
1725522120,0.345,0.000
1725522120,0.368,0.000
1725522120,0.303,0.000
1725522120,0.446,0.000
1725522120,0.270,0.000
1725522120,0.848,0.000
1725522120,0.277,0.000
1725522120,0.293,0.000
1725522120,0.621,0.000
1725522120,0.375,0.000
1725522120,0.408,0.000
1725522120,0.308,0.000
1725522120,0.416,0.000
1725522120,0.393,0.000
1725522120,0.430,0.000
1725522120,0.303,0.000
1725522120,0.258,0.000
1725522120,0.233,0.000
1725522120,0.300,0.000
1725522120,0.280,0.000
1725522120,0.378,0.000
1725522120,0.365,0.000
1725522120,0.267,0.000
1725522120,0.312,0.000
1725522120,0.377,0.000
1725522120,0.319,0.000
1725522120,0.433,0.000
1725522120,0.301,0.000
1725522120,0.286,0.000
1725522120,0.259,0.000
1725522120,0.300,0.000
1725522120,0.352,0.000
1725522120,0.475,0.000
1725522120,0.306,0.000
1725522120,0.309,0.000
1725522120,0.321,0.000
1725522120,0.292,0.000
1725522120,0.365,0.000
1725522120,0.306,0.000
1725522120,0.364,0.000
1725522120,0.419,0.000
1725522120,0.300,0.000
1725522120,0.470,0.000
1725522120,0.464,0.000
1725522120,0.383,0.000
1725522120,0.280,0.000
1725522120,0.391,0.000
1725522120,0.274,0.000
1725522120,0.318,0.000
1725522120,0.319,0.000
1725522120,0.334,0.000
1725522120,0.381,0.000
1725522120,0.304,0.000
1725522120,0.281,0.000
1725522120,0.318,0.000
1725522120,0.376,0.000
1725522120,0.292,0.000
1725522120,0.294,0.000
1725522120,0.439,0.000
1725522120,0.368,0.000
1725522120,0.601,0.000
1725522120,0.345,0.000
1725522120,0.372,0.000
1725522120,0.369,0.000
1725522120,0.250,0.000
1725522120,0.372,0.000
1725522120,0.295,0.000
1725522120,0.341,0.000
1725522120,0.342,0.000
1725522120,0.386,0.000
1725522120,0.481,0.000
1725522120,0.588,0.000
1725522120,0.423,0.000
1725522120,0.273,0.000
1725522120,0.326,0.000
1725522120,0.366,0.000
1725522120,0.288,0.000
1725522120,0.367,0.000
1725522120,0.262,0.000
1725522120,0.347,0.000
1725522120,0.271,0.000
1725522120,0.317,0.000
1725522120,0.365,0.000
1725522120,0.314,0.000
1725522120,0.320,0.000
1725522120,0.274,0.000
1725522120,0.316,0.000
1725522120,0.429,0.000
1725522120,0.392,0.000
1725522120,0.347,0.000
1725522120,0.328,0.000
1725522120,0.310,0.000
1725522120,0.287,0.000
1725522120,0.309,0.000
1725522120,0.422,0.000
1725522120,0.369,0.000
1725522120,0.305,0.000
1725522120,0.276,0.000
1725522120,0.371,0.000
1725522120,0.249,0.000
1725522120,0.442,0.000
1725522120,0.220,0.000
1725522120,0.319,0.000
1725522120,0.314,0.000
1725522120,0.436,0.000
1725522120,0.290,0.000
1725522120,0.324,0.000
1725522120,0.330,0.000
1725522120,0.293,0.000
1725522120,0.358,0.000
1725522120,0.426,0.000
1725522120,0.372,0.000
1725522120,0.319,0.000
1725522120,0.297,0.000
1725522120,0.328,0.000
1725522120,0.398,0.000
1725522120,0.340,0.000
1725522120,0.298,0.000
1725522120,0.333,0.000
1725522120,0.283,0.000
1725522120,0.268,0.000
1725522120,0.346,0.000
1725522120,0.475,0.000
1725522120,0.250,0.000
1725522120,0.382,0.000
1725522120,0.346,0.000
1725522120,0.406,0.000
1725522120,0.330,0.000
1725522120,0.308,0.000
1725522120,0.356,0.000
1725522120,0.469,0.000
1725522120,0.393,0.000
1725522120,0.296,0.000
1725522120,0.320,0.000
1725522120,0.397,0.000
1725522120,0.323,0.000
1725522120,0.379,0.000
1725522120,0.282,0.000
1725522120,0.370,0.000
1725522120,0.380,0.000
1725522120,0.350,0.000
1725522120,0.248,0.000
1725522121,0.333,0.000
1725522121,0.745,0.000
1725522121,0.385,0.000
1725522121,0.344,0.000
1725522121,0.379,0.000
1725522121,0.337,0.000
1725522121,0.399,0.000
1725522121,0.641,0.000
1725522121,0.464,0.000
1725522121,0.282,0.000
1725522121,0.495,0.000
1725522121,0.387,0.000
1725522121,0.306,0.000
1725522121,0.279,0.000
1725522121,0.272,0.000
1725522121,0.461,0.000
1725522121,0.425,0.000
1725522121,0.419,0.000
1725522121,0.360,0.000
1725522121,0.432,0.000
1725522121,0.315,0.000
1725522121,0.326,0.000
1725522121,0.338,0.000
1725522121,0.375,0.000
1725522121,0.294,0.000
1725522121,0.282,0.000
1725522121,0.784,0.000
1725522121,0.291,0.000
1725522121,0.376,0.000
1725522121,0.426,0.000
1725522121,0.302,0.000
1725522121,0.306,0.000
1725522121,0.289,0.000
1725522121,0.277,0.000
1725522121,0.688,0.000
1725522121,0.336,0.000
1725522121,0.334,0.000
1725522121,0.299,0.000
1725522121,0.355,0.000
1725522121,0.417,0.000
1725522121,0.264,0.000
1725522121,0.314,0.000
1725522121,0.343,0.000
1725522121,0.428,0.000
1725522121,0.340,0.000
1725522121,0.353,0.000
1725522121,0.357,0.000
1725522121,0.270,0.000
1725522121,0.312,0.000
1725522121,0.506,0.000
1725522121,0.304,0.000
1725522121,0.287,0.000
1725522121,0.368,0.000
1725522121,0.358,0.000
1725522121,0.440,0.000
1725522121,0.363,0.000
1725522121,0.236,0.000
1725522121,0.300,0.000
1725522121,0.333,0.000
1725522121,0.347,0.000
1725522121,0.368,0.000
1725522121,0.351,0.000
1725522121,0.288,0.000
1725522121,0.280,0.000
1725522121,0.366,0.000
1725522121,0.471,0.000
1725522121,0.457,0.000
1725522121,0.333,0.000
1725522121,0.393,0.000
1725522121,0.407,0.000
1725522121,0.316,0.000
1725522121,0.261,0.000
1725522121,0.324,0.000
1725522121,0.385,0.000
1725522121,0.486,0.000
1725522121,0.348,0.000
1725522121,0.327,0.000
1725522121,0.295,0.000
1725522121,0.284,0.000
1725522121,0.344,0.000
1725522121,0.504,0.000
1725522121,0.357,0.000
1725522121,0.333,0.000
1725522121,0.220,0.000
1725522121,0.385,0.000
1725522121,0.355,0.000
1725522121,0.417,0.000
1725522121,0.300,0.000
1725522121,0.297,0.000
1725522121,0.495,0.000
1725522121,0.266,0.000
1725522121,0.347,0.000
1725522121,1.391,0.000
1725522121,0.539,0.000
1725522121,0.292,0.000
1725522121,0.344,0.000
1725522121,0.388,0.000
1725522121,0.333,0.000
1725522121,0.360,0.000
1725522121,0.373,0.000
1725522121,0.289,0.000
1725522121,0.441,0.000
1725522121,0.337,0.000
1725522121,0.437,0.000
1725522121,0.325,0.000
1725522121,0.304,0.000
1725522121,0.402,0.000
1725522121,0.261,0.000
1725522121,0.310,0.000
1725522121,0.273,0.000
1725522121,0.367,0.000
1725522121,0.293,0.000
1725522121,0.275,0.000
1725522121,0.558,0.000
1725522121,0.455,0.000
1725522121,0.356,0.000
1725522121,0.452,0.000
1725522121,0.374,0.000
1725522121,0.339,0.000
1725522121,0.267,0.000
1725522121,0.402,0.000
1725522121,0.434,0.000
1725522121,0.322,0.000
1725522121,0.267,0.000
1725522121,0.323,0.000
1725522121,0.464,0.000
1725522121,0.331,0.000
1725522121,0.339,0.000
1725522121,0.340,0.000
1725522121,0.286,0.000
1725522121,0.273,0.000
1725522121,0.272,0.000
1725522121,0.196,0.000
1725522121,0.343,0.000
1725522121,0.294,0.000
1725522121,0.409,0.000
1725522121,0.259,0.000
1725522121,0.439,0.000
1725522121,0.335,0.000
1725522121,0.379,0.000
1725522121,0.322,0.000
1725522121,0.360,0.000
1725522121,0.332,0.000
1725522121,0.289,0.000
1725522121,0.340,0.000
1725522121,0.293,0.000
1725522121,0.309,0.000
1725522121,0.527,0.000
1725522121,0.482,0.000
1725522121,0.291,0.000
1725522121,0.402,0.000
1725522121,0.289,0.000
1725522121,0.318,0.000
1725522121,0.411,0.000
1725522121,0.286,0.000
1725522121,0.351,0.000
1725522121,0.268,0.000
1725522121,0.334,0.000
1725522121,0.323,0.000
1725522121,0.353,0.000
1725522121,0.362,0.000
1725522121,0.484,0.000
1725522121,0.294,0.000
1725522121,0.385,0.000
1725522121,0.244,0.000
1725522121,0.253,0.000
1725522121,0.415,0.000
1725522121,0.393,0.000
1725522121,0.438,0.000
1725522122,0.281,0.000
1725522122,0.353,0.000
1725522122,0.528,0.000
1725522122,0.357,0.000
1725522122,0.341,0.000
1725522122,0.420,0.000
1725522122,0.317,0.000
1725522122,0.359,0.000
1725522122,0.296,0.000
1725522122,0.482,0.000
1725522122,0.480,0.000
1725522122,0.302,0.000
1725522122,0.372,0.000
1725522122,0.353,0.000
1725522122,0.448,0.000
1725522122,0.357,0.000
1725522122,0.218,0.000
1725522122,0.342,0.000
1725522122,0.522,0.000
1725522122,0.269,0.000
1725522122,0.306,0.000
1725522122,0.320,0.000
1725522122,0.312,0.000
1725522122,0.299,0.000
1725522122,0.386,0.000
1725522122,0.395,0.000
1725522122,0.300,0.000
1725522122,0.379,0.000
1725522122,0.323,0.000
1725522122,0.358,0.000
1725522122,0.524,0.000
1725522122,0.381,0.000
1725522122,0.461,0.000
1725522122,0.354,0.000
1725522122,0.480,0.000
1725522122,0.282,0.000
1725522122,0.318,0.000
1725522122,0.351,0.000
1725522122,0.410,0.000
1725522122,0.293,0.000
1725522122,0.315,0.000
1725522122,0.346,0.000
1725522122,0.395,0.000
1725522122,0.302,0.000
1725522122,0.288,0.000
1725522122,0.252,0.000
1725522122,0.319,0.000
1725522122,0.322,0.000
1725522122,0.412,0.000
1725522122,0.340,0.000
1725522122,0.736,0.000
1725522122,0.349,0.000
1725522122,0.370,0.000
1725522122,0.262,0.000
1725522122,0.350,0.000
1725522122,0.367,0.000
1725522122,0.273,0.000
1725522122,0.369,0.000
1725522122,0.397,0.000
1725522122,0.360,0.000
1725522122,0.339,0.000
1725522122,0.341,0.000
1725522122,0.355,0.000
1725522122,0.360,0.000
1725522122,0.395,0.000
1725522122,0.383,0.000
1725522122,0.286,0.000
1725522122,0.312,0.000
1725522122,0.405,0.000
1725522122,0.297,0.000
1725522122,0.540,0.000
1725522122,0.288,0.000
1725522122,0.313,0.000
1725522122,0.309,0.000
1725522122,0.299,0.000
1725522122,0.294,0.000
1725522122,0.482,0.000
1725522122,0.527,0.000
1725522122,0.405,0.000
1725522122,0.296,0.000
1725522122,0.418,0.000
1725522122,0.243,0.000
1725522122,0.301,0.000
1725522122,0.385,0.000
1725522122,0.432,0.000
1725522122,0.309,0.000
1725522122,0.308,0.000
1725522122,0.373,0.000
1725522122,0.251,0.000
1725522122,0.295,0.000
1725522122,0.309,0.000
1725522122,0.349,0.000
1725522122,0.289,0.000
1725522122,0.306,0.000
1725522122,0.360,0.000
1725522122,0.318,0.000
1725522122,0.281,0.000
1725522122,0.464,0.000
1725522122,0.283,0.000
1725522122,0.264,0.000
1725522122,0.442,0.000
1725522122,0.432,0.000
1725522122,0.458,0.000
1725522122,0.402,0.000
1725522122,0.352,0.000
1725522122,0.289,0.000
1725522122,0.403,0.000
1725522122,0.414,0.000
1725522122,0.512,0.000
1725522122,0.342,0.000
1725522122,0.258,0.000
1725522122,0.248,0.000
1725522122,0.298,0.000
1725522122,0.276,0.000
1725522122,0.344,0.000
1725522122,0.498,0.000
1725522122,0.336,0.000
1725522122,0.351,0.000
1725522122,0.298,0.000
1725522122,0.358,0.000
1725522122,0.331,0.000
1725522122,0.250,0.000
1725522122,0.406,0.000
1725522122,0.288,0.000
1725522122,0.360,0.000
1725522122,0.331,0.000
1725522122,0.561,0.000
1725522122,0.368,0.000
1725522122,0.438,0.000
1725522122,0.311,0.000
1725522122,0.295,0.000
1725522122,0.389,0.000
1725522122,0.351,0.000
1725522122,0.296,0.000
1725522122,0.307,0.000
1725522122,0.314,0.000
1725522122,0.276,0.000
1725522122,0.330,0.000
1725522122,0.333,0.000
1725522122,0.403,0.000
1725522122,0.364,0.000
1725522122,0.446,0.000
1725522122,0.328,0.000
1725522122,0.362,0.000
1725522122,0.327,0.000
1725522122,0.286,0.000
1725522122,0.283,0.000
1725522122,0.303,0.000
1725522122,0.399,0.000
1725522122,0.393,0.000
1725522122,0.311,0.000
1725522122,0.375,0.000
1725522122,0.422,0.000
1725522122,0.335,0.000
1725522122,0.279,0.000
1725522122,0.465,0.000
1725522122,0.441,0.000
1725522122,0.283,0.000
1725522122,0.323,0.000
1725522122,0.436,0.000
1725522122,0.298,0.000
1725522122,0.346,0.000
1725522122,0.387,0.000
1725522122,0.392,0.000
1725522122,0.337,0.000
1725522122,0.348,0.000
1725522122,0.355,0.000
1725522122,0.673,0.000
1725522122,0.474,0.000
1725522122,0.429,0.000
1725522123,0.379,0.000
1725522123,0.356,0.000
1725522123,0.305,0.000
1725522123,0.260,0.000
1725522123,0.327,0.000
1725522123,0.332,0.000
1725522123,0.305,0.000
1725522123,0.678,0.000
1725522123,0.320,0.000
1725522123,0.221,0.000
1725522123,0.338,0.000
1725522123,0.321,0.000
1725522123,0.344,0.000
1725522123,0.284,0.000
1725522123,0.346,0.000
1725522123,0.358,0.000
1725522123,0.416,0.000
1725522123,0.486,0.000
1725522123,0.277,0.000
1725522123,0.260,0.000
1725522123,0.410,0.000
1725522123,0.285,0.000
1725522123,0.333,0.000
1725522123,0.333,0.000
1725522123,0.284,0.000
1725522123,0.252,0.000
1725522123,0.344,0.000
1725522123,0.305,0.000
1725522123,0.385,0.000
1725522123,0.327,0.000
1725522123,0.371,0.000
1725522123,0.272,0.000
1725522123,0.442,0.000
1725522123,0.350,0.000
1725522123,0.290,0.000
1725522123,0.367,0.000
1725522123,0.326,0.000
1725522123,0.359,0.000
1725522123,0.327,0.000
1725522123,0.304,0.000
1725522123,0.392,0.000
1725522123,0.397,0.000
1725522123,0.384,0.000
1725522123,0.407,0.000
1725522123,0.434,0.000
1725522123,0.270,0.000
1725522123,0.355,0.000
1725522123,0.430,0.000
1725522123,0.414,0.000
1725522123,0.330,0.000
1725522123,0.353,0.000
1725522123,0.392,0.000
1725522123,0.391,0.000
1725522123,0.371,0.000
1725522123,0.324,0.000
1725522123,0.382,0.000
1725522123,0.400,0.000
1725522123,0.353,0.000
1725522123,0.265,0.000
1725522123,0.316,0.000
1725522123,0.347,0.000
1725522123,0.314,0.000
1725522123,0.352,0.000
1725522123,0.375,0.000
1725522123,0.327,0.000
1725522123,0.324,0.000
1725522123,0.633,0.000
1725522123,0.274,0.000
1725522123,0.333,0.000
1725522123,0.292,0.000
1725522123,0.318,0.000
1725522123,0.457,0.000
1725522123,0.267,0.000
1725522123,0.344,0.000
1725522123,0.436,0.000
1725522123,0.370,0.000
1725522123,0.280,0.000
1725522123,0.448,0.000
1725522123,0.374,0.000
1725522123,0.379,0.000
1725522123,0.428,0.000
1725522123,0.266,0.000
1725522123,0.283,0.000
1725522123,0.303,0.000
1725522123,0.628,0.000
1725522123,0.318,0.000
1725522123,0.497,0.000
1725522123,0.354,0.000
1725522123,0.381,0.000
1725522123,0.313,0.000
1725522123,0.252,0.000
1725522123,0.317,0.000
1725522123,0.433,0.000
1725522123,0.367,0.000
1725522123,0.477,0.000
1725522123,0.400,0.000
1725522123,0.381,0.000
1725522123,0.377,0.000
1725522123,0.352,0.000
1725522123,0.529,0.000
1725522123,0.272,0.000
1725522123,0.424,0.000
1725522123,0.265,0.000
1725522123,0.307,0.000
1725522123,0.335,0.000
1725522123,0.356,0.000
1725522123,0.257,0.000
1725522123,0.292,0.000
1725522123,0.429,0.000
1725522123,0.218,0.000
1725522123,0.353,0.000
1725522123,0.707,0.000
1725522123,0.379,0.000
1725522123,0.338,0.000
1725522123,0.349,0.000
1725522123,0.336,0.000
1725522123,0.298,0.000
1725522123,0.440,0.000
1725522123,0.349,0.000
1725522123,0.423,0.000
1725522123,0.372,0.000
1725522123,0.346,0.000
1725522123,0.286,0.000
1725522123,0.360,0.000
1725522123,0.435,0.000
1725522123,0.441,0.000
1725522123,0.407,0.000
1725522123,0.413,0.000
1725522123,0.468,0.000
1725522123,0.388,0.000
1725522123,0.326,0.000
1725522123,0.355,0.000
1725522123,0.333,0.000
1725522123,0.274,0.000
1725522123,0.310,0.000
1725522123,0.266,0.000
1725522123,0.275,0.000
1725522123,0.350,0.000
1725522123,0.482,0.000
1725522123,0.363,0.000
1725522123,0.435,0.000
1725522123,0.393,0.000
1725522123,0.377,0.000
1725522123,0.374,0.000
1725522123,0.302,0.000
1725522123,0.287,0.000
1725522123,0.350,0.000
1725522123,0.257,0.000
1725522123,0.331,0.000
1725522123,0.331,0.000
1725522123,0.352,0.000
1725522123,0.297,0.000
1725522123,0.419,0.000
1725522123,0.378,0.000
1725522123,0.322,0.000
1725522123,0.271,0.000
1725522123,0.256,0.000
1725522123,0.308,0.000
1725522123,0.424,0.000
1725522123,0.308,0.000
1725522123,0.334,0.000
1725522123,0.400,0.000
1725522123,0.313,0.000
1725522124,0.607,0.000
1725522124,0.304,0.000
1725522124,0.313,0.000
1725522124,0.575,0.000
1725522124,0.348,0.000
1725522124,0.344,0.000
1725522124,0.496,0.000
1725522124,0.299,0.000
1725522124,0.246,0.000
1725522124,0.363,0.000
1725522124,0.342,0.000
1725522124,0.403,0.000
1725522124,0.317,0.000
1725522124,0.343,0.000
1725522124,0.357,0.000
1725522124,0.360,0.000
1725522124,0.272,0.000
1725522124,0.317,0.000
1725522124,0.270,0.000
1725522124,0.481,0.000
1725522124,0.355,0.000
1725522124,0.387,0.000
1725522124,0.432,0.000
1725522124,0.565,0.000
1725522124,0.323,0.000
1725522124,0.344,0.000
1725522124,0.314,0.000
1725522124,0.337,0.000
1725522124,0.288,0.000
1725522124,0.562,0.000
1725522124,0.243,0.000
1725522124,0.265,0.000
1725522124,0.278,0.000
1725522124,0.252,0.000
1725522124,0.284,0.000
1725522124,0.412,0.000
1725522124,0.251,0.000
1725522124,0.836,0.000
1725522124,0.358,0.000
1725522124,0.506,0.000
1725522124,0.270,0.000
1725522124,0.317,0.000
1725522124,0.305,0.000
1725522124,0.308,0.000
1725522124,0.366,0.000
1725522124,0.247,0.000
1725522124,0.339,0.000
1725522124,0.293,0.000
1725522124,0.363,0.000
1725522124,0.353,0.000
1725522124,0.397,0.000
1725522124,0.544,0.000
1725522124,0.299,0.000
1725522124,0.635,0.000
1725522124,0.319,0.000
1725522124,0.394,0.000
1725522124,0.472,0.000
1725522124,0.324,0.000
1725522124,0.403,0.000
1725522124,0.364,0.000
1725522124,0.277,0.000
1725522124,0.310,0.000
1725522124,0.330,0.000
1725522124,0.419,0.000
1725522124,0.297,0.000
1725522124,0.435,0.000
1725522124,0.281,0.000
1725522124,0.496,0.000
1725522124,0.341,0.000
1725522124,0.342,0.000
1725522124,0.385,0.000
1725522124,0.417,0.000
1725522124,0.329,0.000
1725522124,0.255,0.000
1725522124,0.553,0.000
1725522124,0.344,0.000
1725522124,0.285,0.000
1725522124,0.398,0.000
1725522124,0.324,0.000
1725522124,0.278,0.000
1725522124,0.354,0.000
1725522124,0.292,0.000
1725522124,0.411,0.000
1725522124,0.228,0.000
1725522124,0.253,0.000
1725522124,0.298,0.000
1725522124,0.294,0.000
1725522124,0.230,0.000
1725522124,0.358,0.000
1725522124,0.356,0.000
1725522124,0.333,0.000
1725522124,0.357,0.000
1725522124,0.283,0.000
1725522124,0.401,0.000
1725522124,0.300,0.000
1725522124,0.324,0.000
1725522124,0.265,0.000
1725522124,0.381,0.000
1725522124,0.408,0.000
1725522124,0.452,0.000
1725522124,0.326,0.000
1725522124,0.367,0.000
1725522124,0.467,0.000
1725522124,0.619,0.000
1725522124,0.376,0.000
1725522124,0.655,0.000
1725522124,0.424,0.000
1725522124,0.229,0.000
1725522124,0.324,0.000
1725522124,0.338,0.000
1725522124,0.627,0.000
1725522124,0.680,0.000
1725522124,0.418,0.000
1725522124,0.355,0.000
1725522124,0.396,0.000
1725522124,0.314,0.000
1725522124,0.343,0.000
1725522124,0.315,0.000
1725522124,0.337,0.000
1725522124,0.355,0.000
1725522124,0.280,0.000
1725522124,0.344,0.000
1725522124,0.430,0.000
1725522124,0.339,0.000
1725522124,0.439,0.000
1725522124,0.350,0.000
1725522124,0.264,0.000
1725522124,0.258,0.000
1725522124,0.266,0.000
1725522124,0.341,0.000
1725522124,0.319,0.000
1725522124,0.400,0.000
1725522124,0.287,0.000
1725522124,0.262,0.000
1725522124,0.414,0.000
1725522124,0.556,0.000
1725522124,0.317,0.000
1725522124,0.392,0.000
1725522124,0.261,0.000
1725522124,0.270,0.000
1725522124,0.362,0.000
1725522124,0.335,0.000
1725522124,0.461,0.000
1725522124,0.246,0.000
1725522124,0.292,0.000
1725522124,0.346,0.000
1725522124,0.292,0.000
1725522124,0.418,0.000
1725522124,0.351,0.000
1725522124,0.586,0.000
1725522124,0.244,0.000
1725522124,0.285,0.000
1725522124,0.340,0.000
1725522124,0.353,0.000
1725522124,0.345,0.000
1725522124,0.269,0.000
1725522124,0.501,0.000
1725522124,0.367,0.000
1725522124,0.384,0.000
1725522124,0.343,0.000
1725522124,0.371,0.000
1725522124,0.448,0.000
1725522125,0.614,0.000
1725522125,0.535,0.000
1725522125,0.259,0.000
1725522125,0.350,0.000
1725522125,0.334,0.000
1725522125,0.273,0.000
1725522125,0.255,0.000
1725522125,0.722,0.000
1725522125,0.325,0.000
1725522125,0.294,0.000
1725522125,0.257,0.000
1725522125,0.263,0.000
1725522125,0.356,0.000
1725522125,0.350,0.000
1725522125,0.274,0.000
1725522125,0.297,0.000
1725522125,0.461,0.000
1725522125,0.379,0.000
1725522125,0.312,0.000
1725522125,0.245,0.000
1725522125,0.389,0.000
1725522125,0.387,0.000
1725522125,0.392,0.000
1725522125,0.317,0.000
1725522125,0.343,0.000
1725522125,0.324,0.000
1725522125,0.345,0.000
1725522125,0.369,0.000
1725522125,0.289,0.000
1725522125,0.326,0.000
1725522125,0.301,0.000
1725522125,0.462,0.000
1725522125,0.250,0.000
1725522125,0.335,0.000
1725522125,0.383,0.000
1725522125,0.292,0.000
1725522125,0.400,0.000
1725522125,0.324,0.000
1725522125,0.339,0.000
1725522125,0.348,0.000
1725522125,0.286,0.000
1725522125,0.557,0.000
1725522125,0.510,0.000
1725522125,0.553,0.000
1725522125,0.327,0.000
1725522125,0.252,0.000
1725522125,0.417,0.000
1725522125,0.334,0.000
1725522125,0.508,0.000
1725522125,0.432,0.000
1725522125,0.442,0.000
1725522125,0.482,0.000
1725522125,0.371,0.000
1725522125,0.307,0.000
1725522125,0.352,0.000
1725522125,0.294,0.000
1725522125,0.294,0.000
1725522125,0.285,0.000
1725522125,0.291,0.000
1725522125,0.296,0.000
1725522125,0.272,0.000
1725522125,0.350,0.000
1725522125,0.299,0.000
1725522125,0.305,0.000
1725522125,0.318,0.000
1725522125,0.343,0.000
1725522125,0.324,0.000
1725522125,0.306,0.000
1725522125,0.384,0.000
1725522125,0.332,0.000
1725522125,0.380,0.000
1725522125,0.322,0.000
1725522125,0.426,0.000
1725522125,0.334,0.000
1725522125,0.417,0.000
1725522125,0.429,0.000
1725522125,0.435,0.000
1725522125,0.431,0.000
1725522125,0.468,0.000
1725522125,0.459,0.000
1725522125,0.360,0.000
1725522125,0.321,0.000
1725522125,0.376,0.000
1725522125,0.320,0.000
1725522125,0.272,0.000
1725522125,0.270,0.000
1725522125,0.279,0.000
1725522125,0.363,0.000
1725522125,0.282,0.000
1725522125,0.393,0.000
1725522125,0.339,0.000
1725522125,0.303,0.000
1725522125,0.398,0.000
1725522125,0.328,0.000
1725522125,0.499,0.000
1725522125,0.289,0.000
1725522125,0.354,0.000
1725522125,0.310,0.000
1725522125,0.232,0.000
1725522125,0.544,0.000
1725522125,0.271,0.000
1725522125,0.593,0.000
1725522125,0.340,0.000
1725522125,0.314,0.000
1725522125,0.304,0.000
1725522125,0.441,0.000
1725522125,0.280,0.000
1725522125,0.504,0.000
1725522125,0.440,0.000
1725522125,0.288,0.000
1725522125,0.289,0.000
1725522125,0.343,0.000
1725522125,0.371,0.000
1725522125,0.484,0.000
1725522125,0.282,0.000
1725522125,0.327,0.000
1725522125,0.266,0.000
1725522125,0.477,0.000
1725522125,0.294,0.000
1725522125,0.422,0.000
1725522125,0.352,0.000
1725522125,0.283,0.000
1725522125,0.310,0.000
1725522125,0.406,0.000
1725522125,0.324,0.000
1725522125,0.326,0.000
1725522125,0.282,0.000
1725522125,0.297,0.000
1725522125,0.472,0.000
1725522125,0.297,0.000
1725522125,0.349,0.000
1725522125,0.361,0.000
1725522125,0.342,0.000
1725522125,0.349,0.000
1725522125,0.347,0.000
1725522125,0.304,0.000
1725522125,0.372,0.000
1725522125,0.335,0.000
1725522125,0.309,0.000
1725522125,0.234,0.000
1725522125,0.362,0.000
1725522125,0.291,0.000
1725522125,0.299,0.000
1725522125,0.264,0.000
1725522125,0.320,0.000
1725522125,0.403,0.000
1725522125,0.428,0.000
1725522125,0.378,0.000
1725522125,0.436,0.000
1725522125,0.650,0.000
1725522125,0.356,0.000
1725522125,0.312,0.000
1725522125,0.394,0.000
1725522125,0.663,0.000
1725522125,0.413,0.000
1725522125,0.270,0.000
1725522125,0.322,0.000
1725522125,0.308,0.000
1725522125,0.262,0.000
1725522125,0.310,0.000
1725522125,0.411,0.000
1725522125,0.336,0.000
1725522125,0.239,0.000
1725522125,0.380,0.000
1725522125,0.341,0.000
1725522125,0.259,0.000
1725522125,0.317,0.000
1725522125,0.428,0.000
1725522125,0.570,0.000
1725522125,0.390,0.000
1725522125,0.291,0.000
1725522125,0.505,0.000
1725522125,0.323,0.000
1725522125,0.314,0.000
1725522126,0.278,0.000
1725522126,0.459,0.000
1725522126,0.371,0.000
1725522126,0.330,0.000
1725522126,0.397,0.000
1725522126,0.358,0.000
1725522126,0.234,0.000
1725522126,0.319,0.000
1725522126,0.291,0.000
1725522126,0.307,0.000
1725522126,0.363,0.000
1725522126,0.238,0.000
1725522126,0.339,0.000
1725522126,0.487,0.000
1725522126,0.245,0.000
1725522126,0.421,0.000
1725522126,0.364,0.000
1725522126,0.313,0.000
1725522126,0.309,0.000
1725522126,0.316,0.000
1725522126,0.368,0.000
1725522126,0.314,0.000
1725522126,0.554,0.000
1725522126,0.237,0.000
1725522126,0.350,0.000
1725522126,0.338,0.000
1725522126,0.297,0.000
1725522126,0.294,0.000
1725522126,0.326,0.000
1725522126,0.333,0.000
1725522126,0.312,0.000
1725522126,0.348,0.000
1725522126,0.271,0.000
1725522126,0.397,0.000
1725522126,0.408,0.000
1725522126,0.524,0.000
1725522126,0.300,0.000
1725522126,0.409,0.000
1725522126,0.363,0.000
1725522126,0.303,0.000
1725522126,0.300,0.000
1725522126,0.484,0.000
1725522126,0.381,0.000
1725522126,0.282,0.000
1725522126,0.303,0.000
1725522126,0.423,0.000
1725522126,0.396,0.000
1725522126,0.330,0.000
1725522126,0.306,0.000
1725522126,0.454,0.000
1725522126,0.327,0.000
1725522126,0.367,0.000
1725522126,0.358,0.000
1725522126,0.447,0.000
1725522126,0.467,0.000
1725522126,0.363,0.000
1725522126,0.420,0.000
1725522126,0.280,0.000
1725522126,0.265,0.000
1725522126,0.304,0.000
1725522126,0.351,0.000
1725522126,0.284,0.000
1725522126,0.299,0.000
1725522126,0.485,0.000
1725522126,0.231,0.000
1725522126,0.348,0.000
1725522126,0.319,0.000
1725522126,0.362,0.000
1725522126,0.379,0.000
1725522126,0.336,0.000
1725522126,0.376,0.000
1725522126,0.280,0.000
1725522126,0.352,0.000
1725522126,0.422,0.000
1725522126,0.389,0.000
1725522126,0.414,0.000
1725522126,0.284,0.000
1725522126,0.491,0.000
1725522126,0.360,0.000
1725522126,0.417,0.000
1725522126,0.289,0.000
1725522126,0.300,0.000
1725522126,0.322,0.000
1725522126,0.366,0.000
1725522126,0.352,0.000
1725522126,0.311,0.000
1725522126,0.256,0.000
1725522126,0.290,0.000
1725522126,0.377,0.000
1725522126,0.317,0.000
1725522126,0.237,0.000
1725522126,0.431,0.000
1725522126,0.330,0.000
1725522126,0.336,0.000
1725522126,0.323,0.000
1725522126,0.310,0.000
1725522126,0.710,0.000
1725522126,0.380,0.000
1725522126,0.438,0.000
1725522126,0.259,0.000
1725522126,0.387,0.000
1725522126,0.277,0.000
1725522126,0.325,0.000
1725522126,0.392,0.000
1725522126,0.433,0.000
1725522126,0.336,0.000
1725522126,0.233,0.000
1725522126,0.267,0.000
1725522126,0.328,0.000
1725522126,0.267,0.000
1725522126,0.285,0.000
1725522126,0.294,0.000
1725522126,0.621,0.000
1725522126,0.418,0.000
1725522126,0.320,0.000
1725522126,0.286,0.000
1725522126,0.348,0.000
1725522126,0.487,0.000
1725522126,0.441,0.000
1725522126,0.341,0.000
1725522126,0.315,0.000
1725522126,0.274,0.000
1725522126,0.401,0.000
1725522126,0.326,0.000
1725522126,0.458,0.000
1725522126,0.283,0.000
1725522126,0.396,0.000
1725522126,0.293,0.000
1725522126,0.457,0.000
1725522126,0.277,0.000
1725522126,0.383,0.000
1725522126,0.323,0.000
1725522126,0.280,0.000
1725522126,0.283,0.000
1725522126,0.382,0.000
1725522126,0.330,0.000
1725522126,0.308,0.000
1725522126,0.250,0.000
1725522126,0.513,0.000
1725522126,0.301,0.000
1725522126,0.352,0.000
1725522126,0.381,0.000
1725522126,0.342,0.000
1725522126,0.365,0.000
1725522126,0.284,0.000
1725522126,0.333,0.000
1725522126,0.249,0.000
1725522126,0.310,0.000
1725522126,0.248,0.000
1725522126,0.299,0.000
1725522126,0.280,0.000
1725522126,0.328,0.000
1725522126,0.338,0.000
1725522126,0.371,0.000
1725522126,0.416,0.000
1725522126,0.332,0.000
1725522126,0.315,0.000
1725522126,0.267,0.000
1725522126,0.291,0.000
1725522126,0.328,0.000
1725522126,0.600,0.000
1725522126,0.411,0.000
1725522126,0.360,0.000
1725522126,0.351,0.000
1725522126,0.482,0.000
1725522126,0.270,0.000
1725522126,0.292,0.000
1725522126,0.428,0.000
1725522126,0.279,0.000
1725522127,0.321,0.000
1725522127,0.272,0.000
1725522127,0.316,0.000
1725522127,0.399,0.000
1725522127,0.578,0.000
1725522127,0.576,0.000
1725522127,0.301,0.000
1725522127,0.281,0.000
1725522127,0.292,0.000
1725522127,0.257,0.000
1725522127,0.478,0.000
1725522127,0.301,0.000
1725522127,0.335,0.000
1725522127,0.307,0.000
1725522127,0.277,0.000
1725522127,0.255,0.000
1725522127,0.282,0.000
1725522127,0.331,0.000
1725522127,0.384,0.000
1725522127,0.270,0.000
1725522127,0.516,0.000
1725522127,0.300,0.000
1725522127,0.234,0.000
1725522127,0.290,0.000
1725522127,0.350,0.000
1725522127,0.404,0.000
1725522127,0.509,0.000
1725522127,0.306,0.000
1725522127,0.326,0.000
1725522127,0.358,0.000
1725522127,0.327,0.000
1725522127,0.312,0.000
1725522127,0.323,0.000
1725522127,0.358,0.000
1725522127,0.396,0.000
1725522127,0.353,0.000
1725522127,0.453,0.000
1725522127,0.291,0.000
1725522127,0.351,0.000
1725522127,0.304,0.000
1725522127,0.361,0.000
1725522127,0.340,0.000
1725522127,0.314,0.000
1725522127,0.325,0.000
1725522127,0.268,0.000
1725522127,0.361,0.000
1725522127,0.503,0.000
1725522127,0.517,0.000
1725522127,0.402,0.000
1725522127,0.399,0.000
1725522127,0.236,0.000
1725522127,0.387,0.000
1725522127,0.595,0.000
1725522127,0.332,0.000
1725522127,0.456,0.000
1725522127,0.309,0.000
1725522127,0.396,0.000
1725522127,0.392,0.000
1725522127,0.345,0.000
1725522127,0.242,0.000
1725522127,0.310,0.000
1725522127,0.419,0.000
1725522127,0.242,0.000
1725522127,0.283,0.000
1725522127,0.300,0.000
1725522127,0.320,0.000
1725522127,0.300,0.000
1725522127,0.264,0.000
1725522127,0.336,0.000
1725522127,0.351,0.000
1725522127,0.302,0.000
1725522127,0.290,0.000
1725522127,0.312,0.000
1725522127,0.866,0.000
1725522127,0.281,0.000
1725522127,0.329,0.000
1725522127,0.782,0.000
1725522127,0.247,0.000
1725522127,0.397,0.000
1725522127,0.762,0.000
1725522127,0.308,0.000
1725522127,0.295,0.000
1725522127,0.302,0.000
1725522127,0.314,0.000
1725522127,0.361,0.000
1725522127,0.293,0.000
1725522127,0.331,0.000
1725522127,0.408,0.000
1725522127,0.359,0.000
1725522127,0.470,0.000
1725522127,0.366,0.000
1725522127,0.362,0.000
1725522127,0.308,0.000
1725522127,0.345,0.000
1725522127,0.350,0.000
1725522127,0.354,0.000
1725522127,0.306,0.000
1725522127,0.285,0.000
1725522127,0.384,0.000
1725522127,0.270,0.000
1725522127,0.326,0.000
1725522127,0.460,0.000
1725522127,0.341,0.000
1725522127,0.341,0.000
1725522127,0.350,0.000
1725522127,0.360,0.000
1725522127,0.267,0.000
1725522127,0.342,0.000
1725522127,0.301,0.000
1725522127,0.370,0.000
1725522127,0.251,0.000
1725522127,0.352,0.000
1725522127,0.410,0.000
1725522127,0.278,0.000
1725522127,0.312,0.000
1725522127,0.294,0.000
1725522127,0.312,0.000
1725522127,0.390,0.000
1725522127,0.289,0.000
1725522127,0.351,0.000
1725522127,0.533,0.000
1725522127,0.323,0.000
1725522127,0.299,0.000
1725522127,0.362,0.000
1725522127,0.298,0.000
1725522127,0.307,0.000
1725522127,0.296,0.000
1725522127,0.263,0.000
1725522127,0.329,0.000
1725522127,0.242,0.000
1725522127,0.383,0.000
1725522127,0.332,0.000
1725522127,0.458,0.000
1725522127,0.334,0.000
1725522127,0.470,0.000
1725522127,0.292,0.000
1725522127,0.328,0.000
1725522127,0.287,0.000
1725522127,0.273,0.000
1725522127,0.401,0.000
1725522127,0.512,0.000
1725522127,0.360,0.000
1725522127,0.319,0.000
1725522127,0.308,0.000
1725522127,0.567,0.000
1725522127,0.293,0.000
1725522127,0.275,0.000
1725522127,0.289,0.000
1725522127,0.355,0.000
1725522127,0.292,0.000
1725522127,0.325,0.000
1725522127,0.528,0.000
1725522127,0.435,0.000
1725522127,0.382,0.000
1725522127,0.404,0.000
1725522127,0.315,0.000
1725522127,0.284,0.000
1725522127,0.337,0.000
1725522127,0.311,0.000
1725522127,0.262,0.000
1725522127,0.346,0.000
1725522127,0.397,0.000
1725522127,0.423,0.000
1725522127,0.286,0.000
1725522127,0.271,0.000
1725522127,0.284,0.000
1725522127,0.238,0.000
1725522127,0.343,0.000
1725522127,0.262,0.000
1725522127,0.336,0.000
1725522128,0.411,0.000
1725522128,0.467,0.000
1725522128,0.353,0.000
1725522128,0.312,0.000
1725522128,0.341,0.000
1725522128,0.298,0.000
1725522128,0.285,0.000
1725522128,0.322,0.000
1725522128,0.318,0.000
1725522128,0.282,0.000
1725522128,0.389,0.000
1725522128,0.426,0.000
1725522128,0.416,0.000
1725522128,0.376,0.000
1725522128,0.338,0.000
1725522128,0.342,0.000
1725522128,0.440,0.000
1725522128,0.347,0.000
1725522128,0.340,0.000
1725522128,0.350,0.000
1725522128,0.266,0.000
1725522128,0.534,0.000
1725522128,0.331,0.000
1725522128,0.309,0.000
1725522128,0.365,0.000
1725522128,0.291,0.000
1725522128,0.407,0.000
1725522128,0.299,0.000
1725522128,0.336,0.000
1725522128,0.482,0.000
1725522128,0.405,0.000
1725522128,0.349,0.000
1725522128,0.288,0.000
1725522128,0.269,0.000
1725522128,0.402,0.000
1725522128,0.343,0.000
1725522128,0.348,0.000
1725522128,0.280,0.000
1725522128,0.425,0.000
1725522128,0.282,0.000
1725522128,0.311,0.000
1725522128,0.325,0.000
1725522128,0.339,0.000
1725522128,0.429,0.000
1725522128,0.305,0.000
1725522128,0.316,0.000
1725522128,0.292,0.000
1725522128,0.488,0.000
1725522128,0.260,0.000
1725522128,0.372,0.000
1725522128,0.318,0.000
1725522128,0.849,0.000
1725522128,0.331,0.000
1725522128,0.370,0.000
1725522128,0.309,0.000
1725522128,0.264,0.000
1725522128,0.889,0.000
1725522128,0.358,0.000
1725522128,0.292,0.000
1725522128,0.306,0.000
1725522128,0.297,0.000
1725522128,0.515,0.000
1725522128,0.330,0.000
1725522128,0.356,0.000
1725522128,0.520,0.000
1725522128,0.358,0.000
1725522128,0.343,0.000
1725522128,0.378,0.000
1725522128,0.311,0.000
1725522128,0.337,0.000
1725522128,0.310,0.000
1725522128,0.281,0.000
1725522128,0.422,0.000
1725522128,0.543,0.000
1725522128,0.327,0.000
1725522128,0.284,0.000
1725522128,0.353,0.000
1725522128,0.272,0.000
1725522128,0.280,0.000
1725522128,0.385,0.000
1725522128,0.466,0.000
1725522128,0.434,0.000
1725522128,0.327,0.000
1725522128,0.272,0.000
1725522128,0.392,0.000
1725522128,0.245,0.000
1725522128,0.307,0.000
1725522128,0.285,0.000
1725522128,0.291,0.000
1725522128,0.273,0.000
1725522128,0.328,0.000
1725522128,0.321,0.000
1725522128,0.410,0.000
1725522128,0.321,0.000
1725522128,0.372,0.000
1725522128,0.299,0.000
1725522128,0.342,0.000
1725522128,0.318,0.000
1725522128,0.312,0.000
1725522128,0.278,0.000
1725522128,0.297,0.000
1725522128,0.403,0.000
1725522128,0.266,0.000
1725522128,0.402,0.000
1725522128,0.313,0.000
1725522128,0.360,0.000
1725522128,0.284,0.000
1725522128,0.383,0.000
1725522128,0.431,0.000
1725522128,0.359,0.000
1725522128,0.418,0.000
1725522128,0.331,0.000
1725522128,0.303,0.000
1725522128,0.327,0.000
1725522128,0.570,0.000
1725522128,0.269,0.000
1725522128,0.280,0.000
1725522128,0.358,0.000
1725522128,0.346,0.000
1725522128,0.366,0.000
1725522128,0.355,0.000
1725522128,0.440,0.000
1725522128,0.367,0.000
1725522128,0.327,0.000
1725522128,0.378,0.000
1725522128,0.260,0.000
1725522128,0.296,0.000
1725522128,0.507,0.000
1725522128,0.321,0.000
1725522128,0.304,0.000
1725522128,0.355,0.000
1725522128,0.341,0.000
1725522128,0.398,0.000
1725522128,0.341,0.000
1725522128,0.253,0.000
1725522128,0.358,0.000
1725522128,0.299,0.000
1725522128,0.293,0.000
1725522128,0.291,0.000
1725522128,0.267,0.000
1725522128,0.412,0.000
1725522128,0.383,0.000
1725522128,0.323,0.000
1725522128,0.308,0.000
1725522128,0.341,0.000
1725522128,0.283,0.000
1725522128,0.374,0.000
1725522128,0.294,0.000
1725522128,0.361,0.000
1725522128,0.339,0.000
1725522128,0.329,0.000
1725522128,0.371,0.000
1725522128,0.312,0.000
1725522128,0.334,0.000
1725522128,0.393,0.000
1725522128,0.346,0.000
1725522128,0.310,0.000
1725522128,0.463,0.000
1725522128,0.304,0.000
1725522128,0.301,0.000
1725522128,0.357,0.000
1725522128,0.270,0.000
1725522128,0.349,0.000
1725522128,0.391,0.000
1725522128,0.399,0.000
1725522128,0.418,0.000
1725522128,0.579,0.000
1725522128,0.229,0.000
1725522128,0.340,0.000
1725522129,0.291,0.000
1725522129,0.344,0.000
1725522129,0.444,0.000
1725522129,0.486,0.000
1725522129,0.276,0.000
1725522129,0.339,0.000
1725522129,0.371,0.000
1725522129,0.619,0.000
1725522129,0.287,0.000
1725522129,0.271,0.000
1725522129,0.365,0.000
1725522129,0.459,0.000
1725522129,0.316,0.000
1725522129,0.303,0.000
1725522129,0.332,0.000
1725522129,0.342,0.000
1725522129,0.356,0.000
1725522129,0.357,0.000
1725522129,0.410,0.000
1725522129,0.298,0.000
1725522129,0.276,0.000
1725522129,0.346,0.000
1725522129,0.288,0.000
1725522129,0.333,0.000
1725522129,0.345,0.000
1725522129,0.248,0.000
1725522129,0.417,0.000
1725522129,0.294,0.000
1725522129,0.299,0.000
1725522129,0.299,0.000
1725522129,0.474,0.000
1725522129,0.295,0.000
1725522129,0.266,0.000
1725522129,0.336,0.000
1725522129,0.290,0.000
1725522129,0.367,0.000
1725522129,0.888,0.000
1725522129,0.285,0.000
1725522129,0.398,0.000
1725522129,0.371,0.000
1725522129,0.325,0.000
1725522129,0.339,0.000
1725522129,0.377,0.000
1725522129,0.272,0.000
1725522129,0.300,0.000
1725522129,0.994,0.000
1725522129,0.522,0.000
1725522129,0.338,0.000
1725522129,0.359,0.000
1725522129,0.361,0.000
1725522129,0.344,0.000
1725522129,0.379,0.000
1725522129,0.363,0.000
1725522129,0.302,0.000
1725522129,0.306,0.000
1725522129,0.482,0.000
1725522129,0.410,0.000
1725522129,0.359,0.000
1725522129,0.264,0.000
1725522129,0.289,0.000
1725522129,0.276,0.000
1725522129,0.324,0.000
1725522129,0.282,0.000
1725522129,0.327,0.000
1725522129,0.286,0.000
1725522129,0.327,0.000
1725522129,0.343,0.000
1725522129,0.303,0.000
1725522129,0.452,0.000
1725522129,0.281,0.000
1725522129,0.277,0.000
1725522129,0.382,0.000
1725522129,0.339,0.000
1725522129,0.261,0.000
1725522129,0.456,0.000
1725522129,0.424,0.000
1725522129,0.396,0.000
1725522129,0.311,0.000
1725522129,0.307,0.000
1725522129,0.293,0.000
1725522129,0.359,0.000
1725522129,0.283,0.000
1725522129,0.308,0.000
1725522129,0.383,0.000
1725522129,0.272,0.000
1725522129,0.369,0.000
1725522129,0.266,0.000
1725522129,0.322,0.000
1725522129,0.342,0.000
1725522129,0.500,0.000
1725522129,0.511,0.000
1725522129,0.420,0.000
1725522129,0.272,0.000
1725522129,0.487,0.000
1725522129,0.526,0.000
1725522129,0.305,0.000
1725522129,0.317,0.000
1725522129,0.300,0.000
1725522129,0.346,0.000
1725522129,0.405,0.000
1725522129,0.308,0.000
1725522129,0.321,0.000
1725522129,0.453,0.000
1725522129,0.510,0.000
1725522129,0.428,0.000
1725522129,0.300,0.000
1725522129,0.419,0.000
1725522129,0.336,0.000
1725522129,0.452,0.000
1725522129,0.341,0.000
1725522129,0.495,0.000
1725522129,0.362,0.000
1725522129,0.312,0.000
1725522129,0.334,0.000
1725522129,0.365,0.000
1725522129,0.405,0.000
1725522129,0.437,0.000
1725522129,0.325,0.000
1725522129,0.453,0.000
1725522129,0.342,0.000
1725522129,0.306,0.000
1725522129,0.506,0.000
1725522129,0.327,0.000
1725522129,0.315,0.000
1725522129,0.409,0.000
1725522129,0.371,0.000
1725522129,0.434,0.000
1725522129,0.469,0.000
1725522129,0.301,0.000
1725522129,0.247,0.000
1725522129,0.344,0.000
1725522129,0.365,0.000
1725522129,0.427,0.000
1725522129,0.361,0.000
1725522129,0.383,0.000
1725522129,0.315,0.000
1725522129,0.302,0.000
1725522129,0.337,0.000
1725522129,0.303,0.000
1725522129,0.405,0.000
1725522129,0.273,0.000
1725522129,0.349,0.000
1725522129,0.269,0.000
1725522129,0.337,0.000
1725522129,0.285,0.000
1725522129,0.327,0.000
1725522129,0.434,0.000
1725522129,0.287,0.000
1725522129,0.228,0.000
1725522129,0.349,0.000
1725522129,0.295,0.000
1725522129,0.319,0.000
1725522129,0.298,0.000
1725522129,0.622,0.000
1725522129,0.367,0.000
1725522129,0.654,0.000
1725522129,0.341,0.000
1725522129,0.332,0.000
1725522129,0.316,0.000
1725522129,0.341,0.000
1725522129,0.356,0.000
1725522129,0.262,0.000
1725522129,0.275,0.000
1725522129,0.403,0.000
1725522130,0.537,0.000
1725522130,0.315,0.000
1725522130,0.453,0.000
1725522130,0.350,0.000
1725522130,0.382,0.000
1725522130,0.317,0.000
1725522130,0.310,0.000
1725522130,0.401,0.000
1725522130,0.294,0.000
1725522130,0.302,0.000
1725522130,0.327,0.000
1725522130,0.453,0.000
1725522130,0.305,0.000
1725522130,0.359,0.000
1725522130,0.318,0.000
1725522130,0.366,0.000
1725522130,0.538,0.000
1725522130,0.355,0.000
1725522130,0.335,0.000
1725522130,0.332,0.000
1725522130,0.405,0.000
1725522130,0.309,0.000
1725522130,0.328,0.000
1725522130,0.323,0.000
1725522130,0.326,0.000
1725522130,0.307,0.000
1725522130,0.287,0.000
1725522130,0.278,0.000
1725522130,0.379,0.000
1725522130,0.253,0.000
1725522130,0.308,0.000
1725522130,0.408,0.000
1725522130,0.366,0.000
1725522130,0.455,0.000
1725522130,0.329,0.000
1725522130,0.532,0.000
1725522130,0.289,0.000
1725522130,0.403,0.000
1725522130,0.308,0.000
1725522130,0.349,0.000
1725522130,0.436,0.000
1725522130,0.306,0.000
1725522130,0.549,0.000
1725522130,0.393,0.000
1725522130,0.497,0.000
1725522130,0.381,0.000
1725522130,0.362,0.000
1725522130,0.323,0.000
1725522130,0.331,0.000
1725522130,0.301,0.000
1725522130,0.331,0.000
1725522130,0.325,0.000
1725522130,0.256,0.000
1725522130,0.372,0.000
1725522130,0.289,0.000
1725522130,0.421,0.000
1725522130,0.359,0.000
1725522130,0.269,0.000
1725522130,0.477,0.000
1725522130,0.326,0.000
1725522130,0.250,0.000
1725522130,0.354,0.000
1725522130,0.286,0.000
1725522130,0.313,0.000
1725522130,0.331,0.000
1725522130,0.251,0.000
1725522130,0.583,0.000
1725522130,0.276,0.000
1725522130,0.351,0.000
1725522130,0.314,0.000
1725522130,0.579,0.000
1725522130,0.403,0.000
1725522130,0.338,0.000
1725522130,0.384,0.000
1725522130,0.246,0.000
1725522130,0.305,0.000
1725522130,0.356,0.000
1725522130,0.446,0.000
1725522130,0.278,0.000
1725522130,0.328,0.000
1725522130,0.386,0.000
1725522130,0.431,0.000
1725522130,0.362,0.000
1725522130,0.563,0.000
1725522130,0.417,0.000
1725522130,0.346,0.000
1725522130,0.332,0.000
1725522130,0.393,0.000
1725522130,0.354,0.000
1725522130,0.432,0.000
1725522130,0.263,0.000
1725522130,0.296,0.000
1725522130,0.249,0.000
1725522130,1.972,0.000
1725522130,0.242,0.000
1725522130,0.369,0.000
1725522130,0.301,0.000
1725522130,0.356,0.000
1725522130,0.272,0.000
1725522130,0.321,0.000
1725522130,0.448,0.000
1725522130,0.414,0.000
1725522130,0.443,0.000
1725522130,0.407,0.000
1725522130,0.526,0.000
1725522130,0.265,0.000
1725522130,0.367,0.000
1725522130,0.269,0.000
1725522130,0.373,0.000
1725522130,0.372,0.000
1725522130,0.382,0.000
1725522130,0.354,0.000
1725522130,0.338,0.000
1725522130,0.385,0.000
1725522130,0.309,0.000
1725522130,0.266,0.000
1725522130,0.439,0.000
1725522130,0.401,0.000
1725522130,0.337,0.000
1725522130,0.308,0.000
1725522130,0.269,0.000
1725522130,0.285,0.000
1725522130,0.273,0.000
1725522130,0.286,0.000
1725522130,0.287,0.000
1725522130,0.288,0.000
1725522130,0.360,0.000
1725522130,0.307,0.000
1725522130,0.328,0.000
1725522130,0.434,0.000
1725522130,0.327,0.000
1725522130,0.273,0.000
1725522130,0.334,0.000
1725522130,0.264,0.000
1725522130,0.480,0.000
1725522130,0.294,0.000
1725522130,0.450,0.000
1725522130,0.386,0.000
1725522130,0.309,0.000
1725522130,0.340,0.000
1725522130,0.305,0.000
1725522130,0.414,0.000
1725522130,0.388,0.000
1725522130,0.573,0.000
1725522130,0.399,0.000
1725522130,0.429,0.000
1725522130,0.308,0.000
1725522130,0.352,0.000
1725522130,0.350,0.000
1725522130,0.361,0.000
1725522130,0.321,0.000
1725522130,0.540,0.000
1725522130,0.678,0.000
1725522130,0.435,0.000
1725522130,0.369,0.000
1725522130,0.346,0.000
1725522130,0.327,0.000
1725522130,0.317,0.000
1725522130,0.330,0.000
1725522130,0.251,0.000
1725522130,0.413,0.000
1725522130,0.290,0.000
1725522130,0.325,0.000
1725522130,0.259,0.000
1725522130,0.342,0.000
1725522130,0.317,0.000
1725522130,0.322,0.000
1725522130,0.433,0.000
1725522131,0.335,0.000
1725522131,0.267,0.000
1725522131,0.337,0.000
1725522131,0.357,0.000
1725522131,0.443,0.000
1725522131,0.299,0.000
1725522131,0.385,0.000
1725522131,0.311,0.000
1725522131,0.279,0.000
1725522131,0.378,0.000
1725522131,0.473,0.000
1725522131,0.309,0.000
1725522131,0.326,0.000
1725522131,0.379,0.000
1725522131,0.334,0.000
1725522131,0.367,0.000
1725522131,0.263,0.000
1725522131,0.335,0.000
1725522131,0.327,0.000
1725522131,0.339,0.000
1725522131,0.290,0.000
1725522131,0.318,0.000
1725522131,0.324,0.000
1725522131,0.292,0.000
1725522131,0.321,0.000
1725522131,0.310,0.000
1725522131,0.314,0.000
1725522131,0.325,0.000
1725522131,0.366,0.000
1725522131,0.298,0.000
1725522131,0.336,0.000
1725522131,0.362,0.000
1725522131,0.317,0.000
1725522131,0.261,0.000
1725522131,0.367,0.000
1725522131,0.314,0.000
1725522131,0.358,0.000
1725522131,0.338,0.000
1725522131,0.600,0.000
1725522131,0.370,0.000
1725522131,0.285,0.000
1725522131,0.382,0.000
1725522131,0.346,0.000
1725522131,0.401,0.000
1725522131,0.373,0.000
1725522131,0.410,0.000
1725522131,0.361,0.000
1725522131,0.330,0.000
1725522131,0.503,0.000
1725522131,0.300,0.000
1725522131,0.357,0.000
1725522131,0.253,0.000
1725522131,0.376,0.000
1725522131,0.316,0.000
1725522131,0.329,0.000
1725522131,0.278,0.000
1725522131,0.306,0.000
1725522131,0.499,0.000
1725522131,0.286,0.000
1725522131,0.257,0.000
1725522131,0.282,0.000
1725522131,0.485,0.000
1725522131,0.685,0.000
1725522131,0.322,0.000
1725522131,0.303,0.000
1725522131,0.357,0.000
1725522131,0.399,0.000
1725522131,0.378,0.000
1725522131,0.350,0.000
1725522131,0.323,0.000
1725522131,0.282,0.000
1725522131,0.356,0.000
1725522131,0.381,0.000
1725522131,0.581,0.000
1725522131,0.371,0.000
1725522131,0.335,0.000
1725522131,0.329,0.000
1725522131,0.315,0.000
1725522131,0.303,0.000
1725522131,0.281,0.000
1725522131,0.379,0.000
1725522131,0.395,0.000
1725522131,0.369,0.000
1725522131,0.396,0.000
1725522131,0.350,0.000
1725522131,0.517,0.000
1725522131,0.350,0.000
1725522131,0.231,0.000
1725522131,0.382,0.000
1725522131,0.346,0.000
1725522131,0.400,0.000
1725522131,0.338,0.000
1725522131,0.285,0.000
1725522131,0.343,0.000
1725522131,0.375,0.000
1725522131,0.337,0.000
1725522131,0.340,0.000
1725522131,0.280,0.000
1725522131,0.346,0.000
1725522131,0.393,0.000
1725522131,0.265,0.000
1725522131,0.376,0.000
1725522131,0.320,0.000
1725522131,0.431,0.000
1725522131,0.310,0.000
1725522131,0.627,0.000
1725522131,0.335,0.000
1725522131,0.275,0.000
1725522131,0.389,0.000
1725522131,0.312,0.000
1725522131,0.251,0.000
1725522131,0.298,0.000
1725522131,0.476,0.000
1725522131,0.496,0.000
1725522131,0.371,0.000
1725522131,0.384,0.000
1725522131,0.327,0.000
1725522131,0.321,0.000
1725522131,0.304,0.000
1725522131,0.455,0.000
1725522131,0.311,0.000
1725522131,0.448,0.000
1725522131,0.309,0.000
1725522131,0.388,0.000
1725522131,0.355,0.000
1725522131,0.346,0.000
1725522131,0.313,0.000
1725522131,0.355,0.000
1725522131,0.475,0.000
1725522131,0.336,0.000
1725522131,0.585,0.000
1725522131,0.287,0.000
1725522131,0.471,0.000
1725522131,0.441,0.000
1725522131,0.373,0.000
1725522131,0.323,0.000
1725522131,0.280,0.000
1725522131,0.284,0.000
1725522131,0.380,0.000
1725522131,0.257,0.000
1725522131,0.314,0.000
1725522131,0.413,0.000
1725522131,0.432,0.000
1725522131,0.254,0.000
1725522131,0.705,0.000
1725522131,0.270,0.000
1725522131,0.260,0.000
1725522131,0.346,0.000
1725522131,0.243,0.000
1725522131,0.320,0.000
1725522131,0.354,0.000
1725522131,0.316,0.000
1725522131,0.277,0.000
1725522131,0.451,0.000
1725522131,0.380,0.000
1725522131,0.325,0.000
1725522131,0.330,0.000
1725522131,0.358,0.000
1725522131,0.387,0.000
1725522131,0.278,0.000
1725522131,0.371,0.000
1725522131,0.342,0.000
1725522131,0.538,0.000
1725522131,0.325,0.000
1725522131,0.740,0.000
1725522131,0.264,0.000
1725522131,0.557,0.000
1725522131,0.358,0.000
1725522131,0.290,0.000
1725522131,0.312,0.000
1725522131,0.285,0.000
1725522131,0.306,0.000
1725522131,0.402,0.000
1725522131,0.253,0.000
1725522131,0.373,0.000
1725522132,0.366,0.000
1725522132,0.671,0.000
1725522132,0.393,0.000
1725522132,0.480,0.000
1725522132,0.335,0.000
1725522132,0.286,0.000
1725522132,0.334,0.000
1725522132,0.388,0.000
1725522132,0.358,0.000
1725522132,0.367,0.000
1725522132,0.304,0.000
1725522132,0.387,0.000
1725522132,0.278,0.000
1725522132,0.270,0.000
1725522132,0.292,0.000
1725522132,0.388,0.000
1725522132,0.287,0.000
1725522132,0.283,0.000
1725522132,0.355,0.000
1725522132,0.361,0.000
1725522132,0.473,0.000
1725522132,0.309,0.000
1725522132,0.300,0.000
1725522132,0.333,0.000
1725522132,0.316,0.000
1725522132,0.432,0.000
1725522132,0.298,0.000
1725522132,0.442,0.000
1725522132,0.304,0.000
1725522132,0.286,0.000
1725522132,0.278,0.000
1725522132,0.321,0.000
1725522132,0.285,0.000
1725522132,0.360,0.000
1725522132,0.395,0.000
1725522132,0.292,0.000
1725522132,0.312,0.000
1725522132,0.261,0.000
1725522132,0.271,0.000
1725522132,0.364,0.000
1725522132,0.327,0.000
1725522132,0.281,0.000
1725522132,0.347,0.000
1725522132,0.265,0.000
1725522132,0.345,0.000
1725522132,0.322,0.000
1725522132,0.318,0.000
1725522132,0.346,0.000
1725522132,0.352,0.000
1725522132,0.373,0.000
1725522132,0.351,0.000
1725522132,0.390,0.000
1725522132,0.389,0.000
1725522132,0.334,0.000
1725522132,0.321,0.000
1725522132,0.263,0.000
1725522132,0.431,0.000
1725522132,0.273,0.000
1725522132,0.280,0.000
1725522132,0.548,0.000
1725522132,0.385,0.000
1725522132,0.209,0.000
1725522132,0.308,0.000
1725522132,0.344,0.000
1725522132,0.287,0.000
1725522132,0.383,0.000
1725522132,0.254,0.000
1725522132,0.327,0.000
1725522132,0.390,0.000
1725522132,0.505,0.000
1725522132,0.296,0.000
1725522132,0.257,0.000
1725522132,0.340,0.000
1725522132,0.279,0.000
1725522132,0.326,0.000
1725522132,0.326,0.000
1725522132,0.320,0.000
1725522132,0.402,0.000
1725522132,0.347,0.000
1725522132,0.287,0.000
1725522132,0.333,0.000
1725522132,0.650,0.000
1725522132,0.411,0.000
1725522132,0.490,0.000
1725522132,0.280,0.000
1725522132,0.291,0.000
1725522132,0.294,0.000
1725522132,0.429,0.000
1725522132,0.304,0.000
1725522132,0.356,0.000
1725522132,0.276,0.000
1725522132,0.341,0.000
1725522132,0.298,0.000
1725522132,0.327,0.000
1725522132,0.255,0.000
1725522132,0.307,0.000
1725522132,0.316,0.000
1725522132,0.610,0.000
1725522132,0.324,0.000
1725522132,0.264,0.000
1725522132,0.293,0.000
1725522132,0.407,0.000
1725522132,0.311,0.000
1725522132,0.340,0.000
1725522132,0.367,0.000
1725522132,0.680,0.000
1725522132,0.301,0.000
1725522132,0.395,0.000
1725522132,0.491,0.000
1725522132,0.225,0.000
1725522132,0.361,0.000
1725522132,0.257,0.000
1725522132,0.348,0.000
1725522132,0.353,0.000
1725522132,0.256,0.000
1725522132,0.233,0.000
1725522132,0.332,0.000
1725522132,0.297,0.000
1725522132,0.753,0.000
1725522132,0.408,0.000
1725522132,0.370,0.000
1725522132,0.302,0.000
1725522132,0.331,0.000
1725522132,0.341,0.000
1725522132,0.317,0.000
1725522132,0.353,0.000
1725522132,0.365,0.000
1725522132,0.284,0.000
1725522132,0.302,0.000
1725522132,0.284,0.000
1725522132,0.348,0.000
1725522132,0.318,0.000
1725522132,0.364,0.000
1725522132,0.327,0.000
1725522132,0.327,0.000
1725522132,0.309,0.000
1725522132,0.327,0.000
1725522132,0.316,0.000
1725522132,0.328,0.000
1725522132,0.364,0.000
1725522132,0.332,0.000
1725522132,0.337,0.000
1725522132,0.353,0.000
1725522132,0.437,0.000
1725522132,0.296,0.000
1725522132,0.330,0.000
1725522132,0.370,0.000
1725522132,0.356,0.000
1725522132,0.315,0.000
1725522132,0.273,0.000
1725522132,0.317,0.000
1725522132,0.390,0.000
1725522132,0.302,0.000
1725522132,0.343,0.000
1725522132,0.257,0.000
1725522132,0.519,0.000
1725522132,0.353,0.000
1725522132,0.254,0.000
1725522132,0.452,0.000
1725522132,0.385,0.000
1725522132,0.336,0.000
1725522132,0.282,0.000
1725522132,0.467,0.000
1725522132,0.315,0.000
1725522132,0.322,0.000
1725522132,0.281,0.000
1725522132,0.368,0.000
1725522133,0.374,0.000
1725522133,0.478,0.000
1725522133,0.390,0.000
1725522133,0.472,0.000
1725522133,0.458,0.000
1725522133,0.327,0.000
1725522133,0.369,0.000
1725522133,0.375,0.000
1725522133,0.289,0.000
1725522133,0.501,0.000
1725522133,0.342,0.000
1725522133,0.361,0.000
1725522133,0.282,0.000
1725522133,0.274,0.000
1725522133,0.297,0.000
1725522133,0.335,0.000
1725522133,0.247,0.000
1725522133,0.287,0.000
1725522133,0.353,0.000
1725522133,0.395,0.000
1725522133,0.282,0.000
1725522133,0.267,0.000
1725522133,0.278,0.000
1725522133,0.346,0.000
1725522133,0.324,0.000
1725522133,0.332,0.000
1725522133,0.376,0.000
1725522133,0.390,0.000
1725522133,0.323,0.000
1725522133,0.322,0.000
1725522133,0.287,0.000
1725522133,0.359,0.000
1725522133,0.254,0.000
1725522133,0.412,0.000
1725522133,0.478,0.000
1725522133,0.588,0.000
1725522133,0.344,0.000
1725522133,0.350,0.000
1725522133,0.322,0.000
1725522133,0.308,0.000
1725522133,0.372,0.000
1725522133,0.318,0.000
1725522133,0.356,0.000
1725522133,0.463,0.000
1725522133,0.357,0.000
1725522133,0.328,0.000
1725522133,0.305,0.000
1725522133,0.359,0.000
1725522133,0.223,0.000
1725522133,0.320,0.000
1725522133,0.315,0.000
1725522133,0.283,0.000
1725522133,0.401,0.000
1725522133,0.241,0.000
1725522133,0.225,0.000
1725522133,0.257,0.000
1725522133,0.352,0.000
1725522133,0.407,0.000
1725522133,0.643,0.000
1725522133,0.370,0.000
1725522133,0.391,0.000
1725522133,0.406,0.000
1725522133,0.462,0.000
1725522133,0.279,0.000
1725522133,0.332,0.000
1725522133,0.264,0.000
1725522133,0.356,0.000
1725522133,0.338,0.000
1725522133,0.369,0.000
1725522133,0.326,0.000
1725522133,0.325,0.000
1725522133,0.360,0.000
1725522133,0.334,0.000
1725522133,0.307,0.000
1725522133,0.434,0.000
1725522133,0.390,0.000
1725522133,0.406,0.000
1725522133,0.302,0.000
1725522133,0.484,0.000
1725522133,0.283,0.000
1725522133,0.314,0.000
1725522133,0.266,0.000
1725522133,0.270,0.000
1725522133,0.434,0.000
1725522133,0.455,0.000
1725522133,0.532,0.000
1725522133,0.283,0.000
1725522133,0.594,0.000
1725522133,0.254,0.000
1725522133,0.328,0.000
1725522133,0.252,0.000
1725522133,0.335,0.000
1725522133,0.346,0.000
1725522133,0.435,0.000
1725522133,0.256,0.000
1725522133,0.398,0.000
1725522133,0.355,0.000
1725522133,0.347,0.000
1725522133,0.370,0.000
1725522133,0.342,0.000
1725522133,0.537,0.000
1725522133,0.252,0.000
1725522133,0.328,0.000
1725522133,0.307,0.000
1725522133,1.138,0.000
1725522133,0.314,0.000
1725522133,0.344,0.000
1725522133,0.317,0.000
1725522133,0.404,0.000
1725522133,0.350,0.000
1725522133,0.431,0.000
1725522133,0.377,0.000
1725522133,0.338,0.000
1725522133,0.277,0.000
1725522133,0.356,0.000
1725522133,0.344,0.000
1725522133,0.417,0.000
1725522133,0.302,0.000
1725522133,0.325,0.000
1725522133,0.351,0.000
1725522133,0.277,0.000
1725522133,0.360,0.000
1725522133,0.262,0.000
1725522133,0.316,0.000
1725522133,0.346,0.000
1725522133,0.303,0.000
1725522133,0.339,0.000
1725522133,0.418,0.000
1725522133,0.313,0.000
1725522133,0.308,0.000
1725522133,0.361,0.000
1725522133,0.354,0.000
1725522133,0.376,0.000
1725522133,0.387,0.000
1725522133,0.406,0.000
1725522133,0.508,0.000
1725522133,0.223,0.000
1725522133,0.341,0.000
1725522133,0.382,0.000
1725522133,0.340,0.000
1725522133,0.402,0.000
1725522133,0.372,0.000
1725522133,0.391,0.000
1725522133,0.312,0.000
1725522133,0.394,0.000
1725522133,0.324,0.000
1725522133,0.268,0.000
1725522133,0.285,0.000
1725522133,0.353,0.000
1725522133,0.411,0.000
1725522133,0.303,0.000
1725522133,0.324,0.000
1725522133,0.355,0.000
1725522133,0.295,0.000
1725522133,0.337,0.000
1725522133,0.422,0.000
1725522133,0.276,0.000
1725522133,0.483,0.000
1725522133,0.484,0.000
1725522133,0.324,0.000
1725522133,0.321,0.000
1725522133,0.333,0.000
1725522133,0.272,0.000
1725522133,0.597,0.000
1725522133,0.494,0.000
1725522133,0.275,0.000
1725522133,0.261,0.000
1725522133,0.412,0.000
1725522133,0.455,0.000
1725522133,0.297,0.000
1725522134,0.337,0.000
1725522134,0.237,0.000
1725522134,0.371,0.000
1725522134,0.266,0.000
1725522134,0.636,0.000
1725522134,0.263,0.000
1725522134,0.350,0.000
1725522134,0.187,0.000
1725522134,0.329,0.000
1725522134,0.377,0.000
1725522134,0.510,0.000
1725522134,0.312,0.000
1725522134,0.356,0.000
1725522134,0.309,0.000
1725522134,0.348,0.000
1725522134,0.363,0.000
1725522134,0.269,0.000
1725522134,0.278,0.000
1725522134,0.298,0.000
1725522134,0.315,0.000
1725522134,0.408,0.000
1725522134,0.309,0.000
1725522134,0.346,0.000
1725522134,0.346,0.000
1725522134,0.384,0.000
1725522134,0.296,0.000
1725522134,0.286,0.000
1725522134,0.284,0.000
1725522134,0.478,0.000
1725522134,0.266,0.000
1725522134,0.266,0.000
1725522134,0.591,0.000
1725522134,0.379,0.000
1725522134,0.301,0.000
1725522134,0.297,0.000
1725522134,0.404,0.000
1725522134,0.440,0.000
1725522134,0.289,0.000
1725522134,0.396,0.000
1725522134,0.313,0.000
1725522134,0.335,0.000
1725522134,0.352,0.000
1725522134,0.405,0.000
1725522134,0.300,0.000
1725522134,0.249,0.000
1725522134,0.341,0.000
1725522134,0.332,0.000
1725522134,0.364,0.000
1725522134,0.256,0.000
1725522134,0.309,0.000
1725522134,0.303,0.000
1725522134,0.338,0.000
1725522134,0.308,0.000
1725522134,0.318,0.000
1725522134,0.310,0.000
1725522134,0.469,0.000
1725522134,0.263,0.000
1725522134,0.408,0.000
1725522134,0.413,0.000
1725522134,0.302,0.000
1725522134,0.322,0.000
1725522134,0.311,0.000
1725522134,0.401,0.000
1725522134,0.378,0.000
1725522134,0.271,0.000
1725522134,0.347,0.000
1725522134,0.297,0.000
1725522134,0.469,0.000
1725522134,0.533,0.000
1725522134,0.345,0.000
1725522134,0.238,0.000
1725522134,0.271,0.000
1725522134,0.324,0.000
1725522134,0.590,0.000
1725522134,0.360,0.000
1725522134,0.330,0.000
1725522134,0.353,0.000
1725522134,0.626,0.000
1725522134,0.329,0.000
1725522134,0.313,0.000
1725522134,0.242,0.000
1725522134,0.333,0.000
1725522134,0.341,0.000
1725522134,0.277,0.000
1725522134,0.560,0.000
1725522134,0.372,0.000
1725522134,0.342,0.000
1725522134,0.318,0.000
1725522134,0.376,0.000
1725522134,0.418,0.000
1725522134,0.255,0.000
1725522134,0.295,0.000
1725522134,0.328,0.000
1725522134,0.302,0.000
1725522134,0.295,0.000
1725522134,0.508,0.000
1725522134,0.364,0.000
1725522134,0.429,0.000
1725522134,0.362,0.000
1725522134,0.297,0.000
1725522134,0.265,0.000
1725522134,1.102,0.000
1725522134,0.358,0.000
1725522134,0.456,0.000
1725522134,0.334,0.000
1725522134,0.388,0.000
1725522134,0.251,0.000
1725522134,0.446,0.000
1725522134,0.500,0.000
1725522134,0.403,0.000
1725522134,0.410,0.000
1725522134,0.295,0.000
1725522134,0.285,0.000
1725522134,0.253,0.000
1725522134,0.403,0.000
1725522134,0.332,0.000
1725522134,0.242,0.000
1725522134,0.365,0.000
1725522134,0.469,0.000
1725522134,0.286,0.000
1725522134,0.334,0.000
1725522134,0.362,0.000
1725522134,0.342,0.000
1725522134,0.316,0.000
1725522134,0.250,0.000
1725522134,0.321,0.000
1725522134,0.417,0.000
1725522134,0.317,0.000
1725522134,0.370,0.000
1725522134,0.327,0.000
1725522134,0.286,0.000
1725522134,0.344,0.000
1725522134,0.298,0.000
1725522134,0.368,0.000
1725522134,0.322,0.000
1725522134,0.399,0.000
1725522134,0.270,0.000
1725522134,0.350,0.000
1725522134,0.294,0.000
1725522134,0.453,0.000
1725522134,0.354,0.000
1725522134,0.283,0.000
1725522134,0.378,0.000
1725522134,0.344,0.000
1725522134,0.354,0.000
1725522134,0.297,0.000
1725522134,0.469,0.000
1725522134,0.450,0.000
1725522134,0.247,0.000
1725522134,0.338,0.000
1725522134,0.345,0.000
1725522134,0.319,0.000
1725522134,0.376,0.000
1725522134,0.250,0.000
1725522134,0.282,0.000
1725522134,0.344,0.000
1725522134,0.298,0.000
1725522134,0.399,0.000
1725522134,0.278,0.000
1725522134,0.257,0.000
1725522134,0.305,0.000
1725522134,0.314,0.000
1725522134,0.344,0.000
1725522134,0.388,0.000
1725522134,0.316,0.000
1725522134,0.435,0.000
1725522134,0.415,0.000
1725522134,0.344,0.000
1725522134,0.404,0.000
1725522135,0.362,0.000
1725522135,0.301,0.000
1725522135,0.270,0.000
1725522135,0.238,0.000
1725522135,0.339,0.000
1725522135,0.266,0.000
1725522135,0.300,0.000
1725522135,0.207,0.000
1725522135,0.364,0.000
1725522135,0.255,0.000
1725522135,0.353,0.000
1725522135,0.494,0.000
1725522135,0.610,0.000
1725522135,0.373,0.000
1725522135,0.534,0.000
1725522135,0.330,0.000
1725522135,0.294,0.000
1725522135,0.281,0.000
1725522135,0.303,0.000
1725522135,0.414,0.000
1725522135,0.342,0.000
1725522135,0.215,0.000
1725522135,0.300,0.000
1725522135,0.241,0.000
1725522135,0.285,0.000
1725522135,0.263,0.000
1725522135,0.338,0.000
1725522135,0.311,0.000
1725522135,0.318,0.000
1725522135,0.320,0.000
1725522135,0.302,0.000
1725522135,0.369,0.000
1725522135,0.356,0.000
1725522135,0.309,0.000
1725522135,0.386,0.000
1725522135,0.328,0.000
1725522135,0.381,0.000
1725522135,0.416,0.000
1725522135,0.322,0.000
1725522135,0.316,0.000
1725522135,0.408,0.000
1725522135,0.331,0.000
1725522135,0.286,0.000
1725522135,0.318,0.000
1725522135,0.299,0.000
1725522135,0.346,0.000
1725522135,0.444,0.000
1725522135,0.361,0.000
1725522135,0.633,0.000
1725522135,0.331,0.000
1725522135,0.338,0.000
1725522135,0.436,0.000
1725522135,0.293,0.000
1725522135,0.380,0.000
1725522135,0.254,0.000
1725522135,0.279,0.000
1725522135,0.333,0.000
1725522135,0.291,0.000
1725522135,0.286,0.000
1725522135,0.310,0.000
1725522135,0.329,0.000
1725522135,0.348,0.000
1725522135,0.359,0.000
1725522135,0.514,0.000
1725522135,0.247,0.000
1725522135,0.241,0.000
1725522135,0.286,0.000
1725522135,0.405,0.000
1725522135,0.409,0.000
1725522135,0.287,0.000
1725522135,0.407,0.000
1725522135,0.305,0.000
1725522135,0.342,0.000
1725522135,0.726,0.000
1725522135,0.389,0.000
1725522135,0.316,0.000
1725522135,0.250,0.000
1725522135,0.358,0.000
1725522135,0.393,0.000
1725522135,0.303,0.000
1725522135,0.257,0.000
1725522135,0.423,0.000
1725522135,0.333,0.000
1725522135,0.369,0.000
1725522135,0.308,0.000
1725522135,0.571,0.000
1725522135,0.406,0.000
1725522135,0.317,0.000
1725522135,0.375,0.000
1725522135,0.401,0.000
1725522135,0.308,0.000
1725522135,0.367,0.000
1725522135,0.315,0.000
1725522135,0.267,0.000
1725522135,0.517,0.000
1725522135,0.622,0.000
1725522135,0.614,0.000
1725522135,0.375,0.000
1725522135,0.326,0.000
1725522135,0.621,0.000
1725522135,0.371,0.000
1725522135,0.356,0.000
1725522135,0.306,0.000
1725522135,0.355,0.000
1725522135,0.295,0.000
1725522135,0.554,0.000
1725522135,0.380,0.000
1725522135,0.249,0.000
1725522135,0.291,0.000
1725522135,0.429,0.000
1725522135,0.268,0.000
1725522135,0.299,0.000
1725522135,0.555,0.000
1725522135,0.321,0.000
1725522135,0.290,0.000
1725522135,0.438,0.000
1725522135,0.374,0.000
1725522135,0.399,0.000
1725522135,0.324,0.000
1725522135,0.324,0.000
1725522135,0.296,0.000
1725522135,0.312,0.000
1725522135,0.287,0.000
1725522135,0.478,0.000
1725522135,0.360,0.000
1725522135,0.298,0.000
1725522135,0.310,0.000
1725522135,0.321,0.000
1725522135,0.298,0.000
1725522135,0.289,0.000
1725522135,0.303,0.000
1725522135,0.363,0.000
1725522135,0.332,0.000
1725522135,0.276,0.000
1725522135,0.307,0.000
1725522135,0.358,0.000
1725522135,0.524,0.000
1725522135,0.333,0.000
1725522135,0.271,0.000
1725522135,0.270,0.000
1725522135,0.480,0.000
1725522135,0.292,0.000
1725522135,0.296,0.000
1725522135,0.340,0.000
1725522135,0.251,0.000
1725522135,0.341,0.000
1725522135,0.316,0.000
1725522135,0.355,0.000
1725522135,0.321,0.000
1725522135,0.288,0.000
1725522135,0.438,0.000
1725522135,0.460,0.000
1725522135,0.284,0.000
1725522135,0.286,0.000
1725522135,0.378,0.000
1725522135,0.322,0.000
1725522135,0.312,0.000
1725522135,0.264,0.000
1725522135,0.374,0.000
1725522135,0.287,0.000
1725522135,0.346,0.000
1725522135,0.378,0.000
1725522135,0.334,0.000
1725522135,0.269,0.000
1725522135,0.242,0.000
1725522135,0.417,0.000
1725522135,0.377,0.000
1725522136,0.328,0.000
1725522136,0.380,0.000
1725522136,0.286,0.000
1725522136,0.370,0.000
1725522136,0.365,0.000
1725522136,0.355,0.000
1725522136,0.422,0.000
1725522136,0.286,0.000
1725522136,0.426,0.000
1725522136,0.307,0.000
1725522136,0.362,0.000
1725522136,0.345,0.000
1725522136,0.458,0.000
1725522136,0.271,0.000
1725522136,0.354,0.000
1725522136,0.306,0.000
1725522136,0.432,0.000
1725522136,0.359,0.000
1725522136,0.369,0.000
1725522136,0.361,0.000
1725522136,0.326,0.000
1725522136,0.360,0.000
1725522136,0.408,0.000
1725522136,0.296,0.000
1725522136,0.267,0.000
1725522136,0.270,0.000
1725522136,0.312,0.000
1725522136,0.526,0.000
1725522136,0.293,0.000
1725522136,0.364,0.000
1725522136,0.512,0.000
1725522136,0.278,0.000
1725522136,0.360,0.000
1725522136,0.323,0.000
1725522136,0.335,0.000
1725522136,0.260,0.000
1725522136,0.400,0.000
1725522136,0.312,0.000
1725522136,0.305,0.000
1725522136,0.291,0.000
1725522136,0.350,0.000
1725522136,0.278,0.000
1725522136,0.645,0.000
1725522136,0.357,0.000
1725522136,0.280,0.000
1725522136,0.320,0.000
1725522136,0.358,0.000
1725522136,0.324,0.000
1725522136,0.313,0.000
1725522136,0.307,0.000
1725522136,0.300,0.000
1725522136,0.447,0.000
1725522136,0.351,0.000
1725522136,0.346,0.000
1725522136,0.346,0.000
1725522136,0.363,0.000
1725522136,0.406,0.000
1725522136,0.513,0.000
1725522136,0.352,0.000
1725522136,0.304,0.000
1725522136,0.461,0.000
1725522136,0.316,0.000
1725522136,0.331,0.000
1725522136,0.432,0.000
1725522136,0.391,0.000
1725522136,0.536,0.000
1725522136,0.446,0.000
1725522136,0.253,0.000
1725522136,0.375,0.000
1725522136,0.314,0.000
1725522136,0.289,0.000
1725522136,0.287,0.000
1725522136,0.359,0.000
1725522136,0.395,0.000
1725522136,0.536,0.000
1725522136,0.286,0.000
1725522136,0.285,0.000
1725522136,0.355,0.000
1725522136,0.296,0.000
1725522136,0.326,0.000
1725522136,0.331,0.000
1725522136,0.437,0.000
1725522136,0.474,0.000
1725522136,0.407,0.000
1725522136,0.297,0.000
1725522136,0.345,0.000
1725522136,0.370,0.000
1725522136,0.266,0.000
1725522136,0.262,0.000
1725522136,0.288,0.000
1725522136,0.308,0.000
1725522136,0.254,0.000
1725522136,0.326,0.000
1725522136,0.373,0.000
1725522136,0.256,0.000
1725522136,0.355,0.000
1725522136,0.297,0.000
1725522136,0.529,0.000
1725522136,0.427,0.000
1725522136,0.240,0.000
1725522136,0.306,0.000
1725522136,0.318,0.000
1725522136,0.297,0.000
1725522136,0.311,0.000
1725522136,0.278,0.000
1725522136,0.404,0.000
1725522136,0.312,0.000
1725522136,0.319,0.000
1725522136,0.477,0.000
1725522136,0.406,0.000
1725522136,0.310,0.000
1725522136,0.323,0.000
1725522136,0.454,0.000
1725522136,0.290,0.000
1725522136,0.359,0.000
1725522136,0.300,0.000
1725522136,2.539,0.000
1725522136,0.391,0.000
1725522136,0.738,0.000
1725522136,0.294,0.000
1725522136,0.329,0.000
1725522136,0.357,0.000
1725522136,0.305,0.000
1725522136,0.288,0.000
1725522136,0.440,0.000
1725522136,0.280,0.000
1725522136,0.330,0.000
1725522136,0.305,0.000
1725522136,0.358,0.000
1725522136,0.576,0.000
1725522136,0.500,0.000
1725522136,0.255,0.000
1725522136,0.281,0.000
1725522136,0.295,0.000
1725522136,0.300,0.000
1725522136,0.367,0.000
1725522136,0.297,0.000
1725522136,0.360,0.000
1725522136,0.444,0.000
1725522136,0.427,0.000
1725522136,0.344,0.000
1725522136,0.313,0.000
1725522136,0.290,0.000
1725522136,0.425,0.000
1725522136,0.328,0.000
1725522136,0.340,0.000
1725522136,0.240,0.000
1725522136,0.329,0.000
1725522136,0.272,0.000
1725522136,0.307,0.000
1725522136,0.322,0.000
1725522136,0.459,0.000
1725522136,0.323,0.000
1725522136,0.285,0.000
1725522136,0.355,0.000
1725522136,0.428,0.000
1725522136,0.302,0.000
1725522136,0.385,0.000
1725522136,0.424,0.000
1725522136,0.290,0.000
1725522136,0.307,0.000
1725522136,0.386,0.000
1725522136,0.301,0.000
1725522136,0.321,0.000
1725522136,0.287,0.000
1725522136,0.293,0.000
1725522136,0.381,0.000
1725522137,0.301,0.000
1725522137,0.252,0.000
1725522137,0.374,0.000
1725522137,0.606,0.000
1725522137,0.409,0.000
1725522137,0.264,0.000
1725522137,0.289,0.000
1725522137,0.294,0.000
1725522137,0.352,0.000
1725522137,0.343,0.000
1725522137,0.323,0.000
1725522137,0.360,0.000
1725522137,0.344,0.000
1725522137,0.488,0.000
1725522137,0.363,0.000
1725522137,0.355,0.000
1725522137,0.229,0.000
1725522137,0.358,0.000
1725522137,0.375,0.000
1725522137,0.296,0.000
1725522137,0.246,0.000
1725522137,0.279,0.000
1725522137,0.323,0.000
1725522137,0.322,0.000
1725522137,0.357,0.000
1725522137,0.267,0.000
1725522137,0.307,0.000
1725522137,0.449,0.000
1725522137,0.335,0.000
1725522137,0.381,0.000
1725522137,0.420,0.000
1725522137,0.372,0.000
1725522137,0.335,0.000
1725522137,0.371,0.000
1725522137,0.448,0.000
1725522137,0.425,0.000
1725522137,0.355,0.000
1725522137,0.363,0.000
1725522137,0.364,0.000
1725522137,0.436,0.000
1725522137,0.306,0.000
1725522137,0.322,0.000
1725522137,0.597,0.000
1725522137,0.317,0.000
1725522137,0.367,0.000
1725522137,0.409,0.000
1725522137,0.284,0.000
1725522137,0.322,0.000
1725522137,0.262,0.000
1725522137,0.302,0.000
1725522137,0.336,0.000
1725522137,0.368,0.000
1725522137,0.465,0.000
1725522137,0.244,0.000
1725522137,0.240,0.000
1725522137,0.253,0.000
1725522137,0.306,0.000
1725522137,0.330,0.000
1725522137,0.265,0.000
1725522137,0.306,0.000
1725522137,0.371,0.000
1725522137,0.285,0.000
1725522137,0.375,0.000
1725522137,0.379,0.000
1725522137,0.282,0.000
1725522137,0.299,0.000
1725522137,0.624,0.000
1725522137,0.516,0.000
1725522137,0.340,0.000
1725522137,0.567,0.000
1725522137,0.347,0.000
1725522137,0.350,0.000
1725522137,0.347,0.000
1725522137,0.444,0.000
1725522137,0.366,0.000
1725522137,0.387,0.000
1725522137,0.358,0.000
1725522137,0.365,0.000
1725522137,0.366,0.000
1725522137,0.312,0.000
1725522137,0.510,0.000
1725522137,0.283,0.000
1725522137,0.500,0.000
1725522137,0.364,0.000
1725522137,0.420,0.000
1725522137,0.424,0.000
1725522137,0.290,0.000
1725522137,0.392,0.000
1725522137,0.260,0.000
1725522137,0.376,0.000
1725522137,0.410,0.000
1725522137,0.346,0.000
1725522137,0.415,0.000
1725522137,0.617,0.000
1725522137,0.311,0.000
1725522137,0.308,0.000
1725522137,0.395,0.000
1725522137,0.431,0.000
1725522137,0.425,0.000
1725522137,0.313,0.000
1725522137,0.386,0.000
1725522137,0.358,0.000
1725522137,0.273,0.000
1725522137,0.365,0.000
1725522137,0.283,0.000
1725522137,0.266,0.000
1725522137,0.310,0.000
1725522137,0.291,0.000
1725522137,0.329,0.000
1725522137,0.290,0.000
1725522137,0.268,0.000
1725522137,0.289,0.000
1725522137,0.318,0.000
1725522137,0.377,0.000
1725522137,0.347,0.000
1725522137,0.341,0.000
1725522137,0.312,0.000
1725522137,0.328,0.000
1725522137,0.336,0.000
1725522137,0.355,0.000
1725522137,0.249,0.000
1725522137,0.284,0.000
1725522137,0.286,0.000
1725522137,0.346,0.000
1725522137,0.391,0.000
1725522137,0.239,0.000
1725522137,0.349,0.000
1725522137,0.302,0.000
1725522137,0.389,0.000
1725522137,0.347,0.000
1725522137,0.367,0.000
1725522137,0.433,0.000
1725522137,0.262,0.000
1725522137,0.447,0.000
1725522137,0.455,0.000
1725522137,0.335,0.000
1725522137,0.279,0.000
1725522137,0.283,0.000
1725522137,0.437,0.000
1725522137,0.355,0.000
1725522137,0.434,0.000
1725522137,0.370,0.000
1725522137,0.226,0.000
1725522137,0.804,0.000
1725522137,0.403,0.000
1725522137,0.402,0.000
1725522137,0.274,0.000
1725522137,0.501,0.000
1725522137,0.362,0.000
1725522137,0.502,0.000
1725522137,0.362,0.000
1725522137,0.455,0.000
1725522137,0.320,0.000
1725522137,0.287,0.000
1725522137,0.289,0.000
1725522137,0.246,0.000
1725522137,0.405,0.000
1725522137,0.340,0.000
1725522137,0.383,0.000
1725522137,0.349,0.000
1725522137,0.404,0.000
1725522137,0.354,0.000
1725522137,0.269,0.000
1725522138,0.341,0.000
1725522138,0.265,0.000
1725522138,0.298,0.000
1725522138,0.303,0.000
1725522138,0.396,0.000
1725522138,0.480,0.000
1725522138,0.639,0.000
1725522138,0.338,0.000
1725522138,0.401,0.000
1725522138,0.515,0.000
1725522138,0.458,0.000
1725522138,0.330,0.000
1725522138,0.335,0.000
1725522138,0.386,0.000
1725522138,0.334,0.000
1725522138,0.524,0.000
1725522138,0.307,0.000
1725522138,0.334,0.000
1725522138,0.369,0.000
1725522138,0.603,0.000
1725522138,0.319,0.000
1725522138,0.312,0.000
1725522138,0.304,0.000
1725522138,0.326,0.000
1725522138,0.601,0.000
1725522138,0.280,0.000
1725522138,0.559,0.000
1725522138,0.560,0.000
1725522138,0.310,0.000
1725522138,0.361,0.000
1725522138,0.331,0.000
1725522138,0.575,0.000
1725522138,0.348,0.000
1725522138,0.371,0.000
1725522138,0.307,0.000
1725522138,0.308,0.000
1725522138,0.291,0.000
1725522138,0.277,0.000
1725522138,0.264,0.000
1725522138,0.381,0.000
1725522138,0.279,0.000
1725522138,0.363,0.000
1725522138,0.308,0.000
1725522138,0.372,0.000
1725522138,0.298,0.000
1725522138,0.245,0.000
1725522138,0.335,0.000
1725522138,0.268,0.000
1725522138,0.377,0.000
1725522138,0.326,0.000
1725522138,0.362,0.000
1725522138,0.277,0.000
1725522138,0.233,0.000
1725522138,0.366,0.000
1725522138,0.420,0.000
1725522138,0.293,0.000
1725522138,0.261,0.000
1725522138,0.258,0.000
1725522138,0.235,0.000
1725522138,0.275,0.000
1725522138,0.329,0.000
1725522138,0.467,0.000
1725522138,0.262,0.000
1725522138,0.322,0.000
1725522138,0.328,0.000
1725522138,0.417,0.000
1725522138,0.371,0.000
1725522138,0.261,0.000
1725522138,0.411,0.000
1725522138,0.495,0.000
1725522138,0.368,0.000
1725522138,0.348,0.000
1725522138,0.252,0.000
1725522138,0.342,0.000
1725522138,0.377,0.000
1725522138,0.287,0.000
1725522138,0.329,0.000
1725522138,0.338,0.000
1725522138,0.356,0.000
1725522138,0.326,0.000
1725522138,0.429,0.000
1725522138,0.399,0.000
1725522138,0.277,0.000
1725522138,0.426,0.000
1725522138,0.315,0.000
1725522138,0.544,0.000
1725522138,0.337,0.000
1725522138,0.325,0.000
1725522138,0.337,0.000
1725522138,0.241,0.000
1725522138,0.613,0.000
1725522138,0.332,0.000
1725522138,0.470,0.000
1725522138,0.622,0.000
1725522138,0.386,0.000
1725522138,0.382,0.000
1725522138,0.309,0.000
1725522138,0.377,0.000
1725522138,0.260,0.000
1725522138,0.334,0.000
1725522138,0.271,0.000
1725522138,0.499,0.000
1725522138,0.264,0.000
1725522138,0.275,0.000
1725522138,0.358,0.000
1725522138,0.312,0.000
1725522138,0.376,0.000
1725522138,0.305,0.000
1725522138,0.358,0.000
1725522138,0.367,0.000
1725522138,0.312,0.000
1725522138,0.440,0.000
1725522138,0.335,0.000
1725522138,0.407,0.000
1725522138,0.258,0.000
1725522138,0.287,0.000
1725522138,0.288,0.000
1725522138,0.295,0.000
1725522138,0.403,0.000
1725522138,0.399,0.000
1725522138,0.318,0.000
1725522138,0.267,0.000
1725522138,0.299,0.000
1725522138,0.325,0.000
1725522138,0.309,0.000
1725522138,0.298,0.000
1725522138,0.339,0.000
1725522138,0.300,0.000
1725522138,0.355,0.000
1725522138,0.337,0.000
1725522138,0.305,0.000
1725522138,0.303,0.000
1725522138,0.382,0.000
1725522138,0.358,0.000
1725522138,0.295,0.000
1725522138,0.422,0.000
1725522138,0.306,0.000
1725522138,0.347,0.000
1725522138,0.315,0.000
1725522138,0.419,0.000
1725522138,0.331,0.000
1725522138,0.349,0.000
1725522138,0.327,0.000
1725522138,0.368,0.000
1725522138,0.263,0.000
1725522138,0.339,0.000
1725522138,0.941,0.000
1725522138,0.416,0.000
1725522138,0.451,0.000
1725522138,0.344,0.000
1725522138,0.310,0.000
1725522138,0.393,0.000
1725522138,0.863,0.000
1725522138,0.271,0.000
1725522138,0.297,0.000
1725522138,0.278,0.000
1725522138,0.406,0.000
1725522138,0.368,0.000
1725522138,0.379,0.000
1725522138,0.420,0.000
1725522138,0.290,0.000
1725522138,0.359,0.000
1725522138,0.244,0.000
1725522138,0.273,0.000
1725522138,0.334,0.000
1725522138,0.385,0.000
1725522138,0.397,0.000
1725522138,0.234,0.000
1725522138,0.431,0.000
1725522138,0.301,0.000
1725522138,0.327,0.000
1725522138,0.325,0.000
1725522138,0.491,0.000
1725522138,0.335,0.000
1725522138,0.322,0.000
1725522138,0.366,0.000
1725522138,0.362,0.000
1725522138,0.301,0.000
1725522139,0.531,0.000
1725522139,0.310,0.000
1725522139,0.338,0.000
1725522139,0.290,0.000
1725522139,0.304,0.000
1725522139,0.279,0.000
1725522139,0.338,0.000
1725522139,0.338,0.000
1725522139,0.588,0.000
1725522139,0.361,0.000
1725522139,0.293,0.000
1725522139,0.370,0.000
1725522139,0.291,0.000
1725522139,0.344,0.000
1725522139,0.314,0.000
1725522139,0.392,0.000
1725522139,0.313,0.000
1725522139,0.303,0.000
1725522139,0.307,0.000
1725522139,0.339,0.000
1725522139,0.360,0.000
1725522139,0.389,0.000
1725522139,0.348,0.000
1725522139,0.305,0.000
1725522139,0.343,0.000
1725522139,0.383,0.000
1725522139,0.295,0.000
1725522139,0.400,0.000
1725522139,0.277,0.000
1725522139,0.309,0.000
1725522139,0.388,0.000
1725522139,0.299,0.000
1725522139,0.307,0.000
1725522139,0.315,0.000
1725522139,0.320,0.000
1725522139,0.277,0.000
1725522139,0.297,0.000
1725522139,0.323,0.000
1725522139,0.391,0.000
1725522139,0.332,0.000
1725522139,0.389,0.000
1725522139,0.368,0.000
1725522139,0.309,0.000
1725522139,0.292,0.000
1725522139,0.358,0.000
1725522139,0.329,0.000
1725522139,0.315,0.000
1725522139,0.294,0.000
1725522139,0.352,0.000
1725522139,0.366,0.000
1725522139,0.243,0.000
1725522139,0.361,0.000
1725522139,0.383,0.000
1725522139,0.356,0.000
1725522139,0.337,0.000
1725522139,0.325,0.000
1725522139,0.447,0.000
1725522139,0.427,0.000
1725522139,0.333,0.000
1725522139,0.270,0.000
1725522139,0.298,0.000
1725522139,0.303,0.000
1725522139,0.302,0.000
1725522139,0.280,0.000
1725522139,0.343,0.000
1725522139,0.428,0.000
1725522139,0.406,0.000
1725522139,0.364,0.000
1725522139,0.419,0.000
1725522139,0.355,0.000
1725522139,0.325,0.000
1725522139,0.241,0.000
1725522139,0.327,0.000
1725522139,0.273,0.000
1725522139,0.357,0.000
1725522139,0.952,0.000
1725522139,0.238,0.000
1725522139,0.315,0.000
1725522139,0.548,0.000
1725522139,0.331,0.000
1725522139,0.405,0.000
1725522139,0.266,0.000
1725522139,0.416,0.000
1725522139,0.292,0.000
1725522139,0.312,0.000
1725522139,0.344,0.000
1725522139,0.395,0.000
1725522139,0.272,0.000
1725522139,0.307,0.000
1725522139,0.384,0.000
1725522139,0.381,0.000
1725522139,0.316,0.000
1725522139,0.335,0.000
1725522139,0.374,0.000
1725522139,0.825,0.000
1725522139,0.322,0.000
1725522139,0.405,0.000
1725522139,0.453,0.000
1725522139,0.385,0.000
1725522139,0.342,0.000
1725522139,0.309,0.000
1725522139,0.321,0.000
1725522139,0.222,0.000
1725522139,0.320,0.000
1725522139,0.503,0.000
1725522139,0.298,0.000
1725522139,0.357,0.000
1725522139,0.375,0.000
1725522139,0.829,0.000
1725522139,0.330,0.000
1725522139,0.341,0.000
1725522139,0.274,0.000
1725522139,0.607,0.000
1725522139,0.500,0.000
1725522139,0.492,0.000
1725522139,0.319,0.000
1725522139,0.381,0.000
1725522139,0.329,0.000
1725522139,0.328,0.000
1725522139,0.349,0.000
1725522139,0.292,0.000
1725522139,0.355,0.000
1725522139,0.338,0.000
1725522139,0.247,0.000
1725522139,0.411,0.000
1725522139,0.354,0.000
1725522139,0.382,0.000
1725522139,0.312,0.000
1725522139,0.285,0.000
1725522139,0.271,0.000
1725522139,0.347,0.000
1725522139,0.365,0.000
1725522139,0.345,0.000
1725522139,0.433,0.000
1725522139,0.284,0.000
1725522139,0.380,0.000
1725522139,0.202,0.000
1725522139,0.338,0.000
1725522139,0.327,0.000
1725522139,0.279,0.000
1725522139,0.301,0.000
1725522139,0.330,0.000
1725522139,0.335,0.000
1725522139,0.325,0.000
1725522139,0.606,0.000
1725522139,0.273,0.000
1725522139,0.256,0.000
1725522139,0.353,0.000
1725522139,0.359,0.000
1725522139,0.302,0.000
1725522139,0.378,0.000
1725522139,0.285,0.000
1725522139,0.307,0.000
1725522139,0.280,0.000
1725522139,0.312,0.000
1725522139,0.331,0.000
1725522139,0.287,0.000
1725522139,0.282,0.000
1725522139,0.282,0.000
1725522139,0.364,0.000
1725522139,0.309,0.000
1725522139,0.299,0.000
1725522139,0.226,0.000
1725522139,0.343,0.000
1725522139,0.439,0.000
1725522139,0.459,0.000
1725522139,0.404,0.000
1725522139,0.423,0.000
1725522140,0.252,0.000
1725522140,0.248,0.000
1725522140,0.361,0.000
1725522140,0.367,0.000
1725522140,0.335,0.000
1725522140,0.339,0.000
1725522140,0.272,0.000
1725522140,0.391,0.000
1725522140,0.288,0.000
1725522140,0.292,0.000
1725522140,0.368,0.000
1725522140,0.313,0.000
1725522140,0.334,0.000
1725522140,0.337,0.000
1725522140,0.321,0.000
1725522140,0.324,0.000
1725522140,0.361,0.000
1725522140,0.422,0.000
1725522140,0.297,0.000
1725522140,0.359,0.000
1725522140,0.464,0.000
1725522140,0.308,0.000
1725522140,0.317,0.000
1725522140,0.291,0.000
1725522140,0.321,0.000
1725522140,0.326,0.000
1725522140,0.279,0.000
1725522140,0.493,0.000
1725522140,0.311,0.000
1725522140,0.306,0.000
1725522140,0.380,0.000
1725522140,0.279,0.000
1725522140,0.504,0.000
1725522140,0.414,0.000
1725522140,0.319,0.000
1725522140,0.296,0.000
1725522140,0.388,0.000
1725522140,0.275,0.000
1725522140,0.272,0.000
1725522140,0.303,0.000
1725522140,0.333,0.000
1725522140,0.251,0.000
1725522140,0.469,0.000
1725522140,0.473,0.000
1725522140,0.358,0.000
1725522140,0.304,0.000
1725522140,0.417,0.000
1725522140,0.263,0.000
1725522140,0.337,0.000
1725522140,0.276,0.000
1725522140,0.432,0.000
1725522140,0.253,0.000
1725522140,0.402,0.000
1725522140,0.349,0.000
1725522140,0.577,0.000
1725522140,0.384,0.000
1725522140,0.490,0.000
1725522140,0.313,0.000
1725522140,0.438,0.000
1725522140,0.315,0.000
1725522140,0.376,0.000
1725522140,0.316,0.000
1725522140,0.541,0.000
1725522140,0.263,0.000
1725522140,0.285,0.000
1725522140,0.364,0.000
1725522140,0.347,0.000
1725522140,0.312,0.000
1725522140,0.278,0.000
1725522140,0.273,0.000
1725522140,0.394,0.000
1725522140,0.250,0.000
1725522140,0.320,0.000
1725522140,0.348,0.000
1725522140,0.531,0.000
1725522140,0.288,0.000
1725522140,0.361,0.000
1725522140,0.409,0.000
1725522140,0.344,0.000
1725522140,0.528,0.000
1725522140,0.487,0.000
1725522140,0.276,0.000
1725522140,0.322,0.000
1725522140,0.332,0.000
1725522140,0.387,0.000
1725522140,0.274,0.000
1725522140,0.281,0.000
1725522140,0.265,0.000
1725522140,0.346,0.000
1725522140,0.290,0.000
1725522140,0.351,0.000
1725522140,0.331,0.000
1725522140,0.292,0.000
1725522140,0.366,0.000
1725522140,0.356,0.000
1725522140,0.270,0.000
1725522140,0.339,0.000
1725522140,0.315,0.000
1725522140,0.425,0.000
1725522140,0.379,0.000
1725522140,0.446,0.000
1725522140,0.365,0.000
1725522140,0.409,0.000
1725522140,0.349,0.000
1725522140,0.345,0.000
1725522140,0.385,0.000
1725522140,0.323,0.000
1725522140,0.284,0.000
1725522140,0.243,0.000
1725522140,0.527,0.000
1725522140,0.602,0.000
1725522140,0.386,0.000
1725522140,0.251,0.000
1725522140,0.326,0.000
1725522140,0.260,0.000
1725522140,0.289,0.000
1725522140,0.344,0.000
1725522140,0.307,0.000
1725522140,0.290,0.000
1725522140,0.318,0.000
1725522140,0.289,0.000
1725522140,0.312,0.000
1725522140,0.312,0.000
1725522140,0.492,0.000
1725522140,0.334,0.000
1725522140,0.346,0.000
1725522140,0.330,0.000
1725522140,0.386,0.000
1725522140,0.251,0.000
1725522140,0.258,0.000
1725522140,0.960,0.000
1725522140,0.334,0.000
1725522140,0.280,0.000
1725522140,0.331,0.000
1725522140,0.244,0.000
1725522140,0.339,0.000
1725522140,0.303,0.000
1725522140,0.298,0.000
1725522140,0.284,0.000
1725522140,0.526,0.000
1725522140,0.337,0.000
1725522140,0.306,0.000
1725522140,0.369,0.000
1725522140,0.266,0.000
1725522140,0.240,0.000
1725522140,0.326,0.000
1725522140,0.339,0.000
1725522140,0.330,0.000
1725522140,0.334,0.000
1725522140,0.417,0.000
1725522140,0.270,0.000
1725522140,0.296,0.000
1725522140,0.203,0.000
1725522140,0.322,0.000
1725522140,0.604,0.000
1725522140,0.385,0.000
1725522140,0.726,0.000
1725522140,0.364,0.000
1725522140,0.297,0.000
1725522140,0.311,0.000
1725522140,0.253,0.000
1725522140,0.584,0.000
1725522140,0.488,0.000
1725522140,0.271,0.000
1725522140,0.334,0.000
1725522140,0.281,0.000
1725522140,0.316,0.000
1725522140,0.341,0.000
1725522140,0.334,0.000
1725522140,0.297,0.000
1725522140,0.323,0.000
1725522141,0.284,0.000
1725522141,0.301,0.000
1725522141,0.320,0.000
1725522141,0.314,0.000
1725522141,0.292,0.000
1725522141,0.390,0.000
1725522141,0.242,0.000
1725522141,0.322,0.000
1725522141,0.354,0.000
1725522141,0.293,0.000
1725522141,0.469,0.000
1725522141,0.321,0.000
1725522141,0.306,0.000
1725522141,0.342,0.000
1725522141,0.263,0.000
1725522141,0.310,0.000
1725522141,0.256,0.000
1725522141,0.240,0.000
1725522141,0.377,0.000
1725522141,0.322,0.000
1725522141,0.257,0.000
1725522141,0.406,0.000
1725522141,0.445,0.000
1725522141,0.322,0.000
1725522141,0.314,0.000
1725522141,0.327,0.000
1725522141,0.311,0.000
1725522141,0.343,0.000
1725522141,0.375,0.000
1725522141,0.471,0.000
1725522141,0.353,0.000
1725522141,0.419,0.000
1725522141,0.447,0.000
1725522141,0.307,0.000
1725522141,0.289,0.000
1725522141,0.277,0.000
1725522141,0.279,0.000
1725522141,0.225,0.000
1725522141,0.318,0.000
1725522141,0.311,0.000
1725522141,0.269,0.000
1725522141,0.332,0.000
1725522141,0.347,0.000
1725522141,0.324,0.000
1725522141,0.297,0.000
1725522141,0.358,0.000
1725522141,0.413,0.000
1725522141,0.284,0.000
1725522141,0.315,0.000
1725522141,0.323,0.000
1725522141,0.384,0.000
1725522141,0.438,0.000
1725522141,0.369,0.000
1725522141,0.487,0.000
1725522141,0.493,0.000
1725522141,0.302,0.000
1725522141,0.257,0.000
1725522141,0.263,0.000
1725522141,0.616,0.000
1725522141,0.243,0.000
1725522141,0.280,0.000
1725522141,0.263,0.000
1725522141,0.322,0.000
1725522141,0.263,0.000
1725522141,0.512,0.000
1725522141,0.264,0.000
1725522141,0.307,0.000
1725522141,0.306,0.000
1725522141,0.348,0.000
1725522141,0.350,0.000
1725522141,0.319,0.000
1725522141,0.287,0.000
1725522141,0.314,0.000
1725522141,0.269,0.000
1725522141,0.449,0.000
1725522141,0.333,0.000
1725522141,0.317,0.000
1725522141,0.281,0.000
1725522141,0.227,0.000
1725522141,0.314,0.000
1725522141,0.416,0.000
1725522141,0.349,0.000
1725522141,0.395,0.000
1725522141,0.336,0.000
1725522141,0.322,0.000
1725522141,0.410,0.000
1725522141,0.372,0.000
1725522141,0.327,0.000
1725522141,0.296,0.000
1725522141,0.350,0.000
1725522141,0.331,0.000
1725522141,0.343,0.000
1725522141,0.277,0.000
1725522141,0.314,0.000
1725522141,0.343,0.000
1725522141,0.305,0.000
1725522141,0.337,0.000
1725522141,0.659,0.000
1725522141,0.333,0.000
1725522141,1.137,0.000
1725522141,0.334,0.000
1725522141,0.309,0.000
1725522141,0.342,0.000
1725522141,0.239,0.000
1725522141,0.364,0.000
1725522141,0.279,0.000
1725522141,0.368,0.000
1725522141,0.345,0.000
1725522141,0.306,0.000
1725522141,0.532,0.000
1725522141,0.307,0.000
1725522141,0.307,0.000
1725522141,0.320,0.000
1725522141,0.371,0.000
1725522141,0.320,0.000
1725522141,0.391,0.000
1725522141,0.249,0.000
1725522141,0.306,0.000
1725522141,0.321,0.000
1725522141,0.358,0.000
1725522141,0.301,0.000
1725522141,0.358,0.000
1725522141,0.547,0.000
1725522141,0.564,0.000
1725522141,0.396,0.000
1725522141,0.333,0.000
1725522141,0.422,0.000
1725522141,0.326,0.000
1725522141,0.482,0.000
1725522141,0.444,0.000
1725522141,0.365,0.000
1725522141,0.325,0.000
1725522141,0.316,0.000
1725522141,0.308,0.000
1725522141,0.462,0.000
1725522141,0.286,0.000
1725522141,0.370,0.000
1725522141,0.444,0.000
1725522141,0.314,0.000
1725522141,0.263,0.000
1725522141,0.303,0.000
1725522141,0.346,0.000
1725522141,0.351,0.000
1725522141,0.292,0.000
1725522141,0.339,0.000
1725522141,0.454,0.000
1725522141,0.359,0.000
1725522141,0.344,0.000
1725522141,0.331,0.000
1725522141,0.459,0.000
1725522141,0.392,0.000
1725522141,0.353,0.000
1725522141,0.365,0.000
1725522141,0.326,0.000
1725522141,0.304,0.000
1725522141,0.287,0.000
1725522141,0.470,0.000
1725522141,0.321,0.000
1725522141,0.260,0.000
1725522141,0.314,0.000
1725522141,0.449,0.000
1725522141,0.313,0.000
1725522141,0.492,0.000
1725522141,0.294,0.000
1725522141,0.262,0.000
1725522141,0.253,0.000
1725522141,0.281,0.000
1725522141,0.308,0.000
1725522141,0.344,0.000
1725522141,0.295,0.000
1725522141,0.329,0.000
1725522141,0.595,0.000
1725522141,0.309,0.000
1725522141,0.265,0.000
1725522142,0.346,0.000
1725522142,0.297,0.000
1725522142,0.398,0.000
1725522142,0.304,0.000
1725522142,0.431,0.000
1725522142,0.286,0.000
1725522142,0.342,0.000
1725522142,0.466,0.000
1725522142,0.256,0.000
1725522142,0.308,0.000
1725522142,0.451,0.000
1725522142,0.362,0.000
1725522142,0.369,0.000
1725522142,0.277,0.000
1725522142,0.349,0.000
1725522142,0.260,0.000
1725522142,0.396,0.000
1725522142,0.324,0.000
1725522142,0.398,0.000
1725522142,0.246,0.000
1725522142,0.295,0.000
1725522142,0.364,0.000
1725522142,0.336,0.000
1725522142,0.423,0.000
1725522142,0.270,0.000
1725522142,0.269,0.000
1725522142,0.485,0.000
1725522142,0.349,0.000
1725522142,0.309,0.000
1725522142,0.322,0.000
1725522142,0.329,0.000
1725522142,0.283,0.000
1725522142,0.368,0.000
1725522142,0.399,0.000
1725522142,0.293,0.000
1725522142,0.363,0.000
1725522142,0.483,0.000
1725522142,0.276,0.000
1725522142,0.320,0.000
1725522142,0.447,0.000
1725522142,0.428,0.000
1725522142,0.629,0.000
1725522142,0.313,0.000
1725522142,0.307,0.000
1725522142,0.292,0.000
1725522142,0.443,0.000
1725522142,0.721,0.000
1725522142,0.365,0.000
1725522142,0.402,0.000
1725522142,0.322,0.000
1725522142,0.276,0.000
1725522142,0.324,0.000
1725522142,0.473,0.000
1725522142,0.289,0.000
1725522142,0.384,0.000
1725522142,0.598,0.000
1725522142,0.412,0.000
1725522142,0.309,0.000
1725522142,0.359,0.000
1725522142,0.299,0.000
1725522142,0.290,0.000
1725522142,0.486,0.000
1725522142,0.329,0.000
1725522142,0.285,0.000
1725522142,0.317,0.000
1725522142,0.411,0.000
1725522142,0.273,0.000
1725522142,0.427,0.000
1725522142,0.380,0.000
1725522142,0.348,0.000
1725522142,0.335,0.000
1725522142,0.346,0.000
1725522142,0.368,0.000
1725522142,0.408,0.000
1725522142,0.496,0.000
1725522142,0.422,0.000
1725522142,0.362,0.000
1725522142,0.260,0.000
1725522142,0.318,0.000
1725522142,0.329,0.000
1725522142,0.305,0.000
1725522142,0.370,0.000
1725522142,0.404,0.000
1725522142,0.271,0.000
1725522142,0.281,0.000
1725522142,0.358,0.000
1725522142,0.291,0.000
1725522142,0.465,0.000
1725522142,0.277,0.000
1725522142,0.326,0.000
1725522142,0.300,0.000
1725522142,0.593,0.000
1725522142,0.343,0.000
1725522142,0.332,0.000
1725522142,0.356,0.000
1725522142,0.467,0.000
1725522142,0.316,0.000
1725522142,0.352,0.000
1725522142,0.354,0.000
1725522142,0.335,0.000
1725522142,0.313,0.000
1725522142,0.334,0.000
1725522142,0.273,0.000
1725522142,0.309,0.000
1725522142,0.334,0.000
1725522142,0.261,0.000
1725522142,0.345,0.000
1725522142,0.422,0.000
1725522142,0.353,0.000
1725522142,0.322,0.000
1725522142,0.294,0.000
1725522142,0.349,0.000
1725522142,0.449,0.000
1725522142,0.312,0.000
1725522142,0.301,0.000
1725522142,0.472,0.000
1725522142,0.439,0.000
1725522142,0.441,0.000
1725522142,0.365,0.000
1725522142,0.328,0.000
1725522142,0.353,0.000
1725522142,0.402,0.000
1725522142,0.361,0.000
1725522142,0.269,0.000
1725522142,0.367,0.000
1725522142,0.346,0.000
1725522142,0.385,0.000
1725522142,0.272,0.000
1725522142,0.509,0.000
1725522142,0.311,0.000
1725522142,0.359,0.000
1725522142,0.277,0.000
1725522142,0.289,0.000
1725522142,0.341,0.000
1725522142,0.510,0.000
1725522142,0.294,0.000
1725522142,0.351,0.000
1725522142,0.390,0.000
1725522142,0.313,0.000
1725522142,0.308,0.000
1725522142,0.285,0.000
1725522142,0.309,0.000
1725522142,0.392,0.000
1725522142,0.291,0.000
1725522142,0.374,0.000
1725522142,0.284,0.000
1725522142,0.349,0.000
1725522142,0.285,0.000
1725522142,0.296,0.000
1725522142,0.369,0.000
1725522142,0.313,0.000
1725522142,0.390,0.000
1725522142,0.324,0.000
1725522142,0.370,0.000
1725522142,0.310,0.000
1725522142,0.372,0.000
1725522142,0.306,0.000
1725522142,0.299,0.000
1725522142,0.312,0.000
1725522142,0.326,0.000
1725522142,0.338,0.000
1725522142,0.277,0.000
1725522142,0.285,0.000
1725522142,0.310,0.000
1725522142,0.326,0.000
1725522142,0.311,0.000
1725522142,0.313,0.000
1725522142,0.290,0.000
1725522142,0.308,0.000
1725522143,0.397,0.000
1725522143,0.373,0.000
1725522143,0.412,0.000
1725522143,0.454,0.000
1725522143,0.308,0.000
1725522143,0.301,0.000
1725522143,0.294,0.000
1725522143,0.325,0.000
1725522143,0.386,0.000
1725522143,0.385,0.000
1725522143,0.298,0.000
1725522143,0.356,0.000
1725522143,0.425,0.000
1725522143,0.290,0.000
1725522143,0.310,0.000
1725522143,0.320,0.000
1725522143,0.315,0.000
1725522143,0.338,0.000
1725522143,0.320,0.000
1725522143,0.350,0.000
1725522143,0.315,0.000
1725522143,0.314,0.000
1725522143,0.342,0.000
1725522143,0.400,0.000
1725522143,0.326,0.000
1725522143,0.482,0.000
1725522143,0.353,0.000
1725522143,0.383,0.000
1725522143,0.370,0.000
1725522143,0.444,0.000
1725522143,0.370,0.000
1725522143,0.504,0.000
1725522143,0.321,0.000
1725522143,0.335,0.000
1725522143,0.338,0.000
1725522143,0.294,0.000
1725522143,0.282,0.000
1725522143,0.300,0.000
1725522143,0.322,0.000
1725522143,0.270,0.000
1725522143,0.252,0.000
1725522143,0.243,0.000
1725522143,0.291,0.000
1725522143,0.783,0.000
1725522143,0.338,0.000
1725522143,0.310,0.000
1725522143,0.325,0.000
1725522143,0.353,0.000
1725522143,0.319,0.000
1725522143,0.476,0.000
1725522143,0.330,0.000
1725522143,0.702,0.000
1725522143,0.337,0.000
1725522143,0.335,0.000
1725522143,0.384,0.000
1725522143,0.323,0.000
1725522143,0.328,0.000
1725522143,0.439,0.000
1725522143,0.253,0.000
1725522143,0.239,0.000
1725522143,0.344,0.000
1725522143,0.282,0.000
1725522143,0.344,0.000
1725522143,0.245,0.000
1725522143,0.288,0.000
1725522143,0.403,0.000
1725522143,0.265,0.000
1725522143,0.352,0.000
1725522143,0.328,0.000
1725522143,0.628,0.000
1725522143,0.353,0.000
1725522143,0.336,0.000
1725522143,0.315,0.000
1725522143,0.332,0.000
1725522143,0.377,0.000
1725522143,0.338,0.000
1725522143,0.236,0.000
1725522143,0.311,0.000
1725522143,0.301,0.000
1725522143,0.364,0.000
1725522143,0.301,0.000
1725522143,0.364,0.000
1725522143,0.269,0.000
1725522143,0.380,0.000
1725522143,0.236,0.000
1725522143,0.444,0.000
1725522143,0.282,0.000
1725522143,0.398,0.000
1725522143,0.440,0.000
1725522143,0.218,0.000
1725522143,0.425,0.000
1725522143,0.378,0.000
1725522143,0.379,0.000
1725522143,0.350,0.000
1725522143,0.301,0.000
1725522143,0.327,0.000
1725522143,0.359,0.000
1725522143,0.311,0.000
1725522143,0.320,0.000
1725522143,0.278,0.000
1725522143,0.357,0.000
1725522143,0.361,0.000
1725522143,0.316,0.000
1725522143,0.455,0.000
1725522143,0.302,0.000
1725522143,0.293,0.000
1725522143,0.345,0.000
1725522143,0.352,0.000
1725522143,0.288,0.000
1725522143,0.267,0.000
1725522143,0.301,0.000
1725522143,0.407,0.000
1725522143,0.466,0.000
1725522143,0.325,0.000
1725522143,0.280,0.000
1725522143,0.329,0.000
1725522143,0.434,0.000
1725522143,0.537,0.000
1725522143,0.373,0.000
1725522143,0.290,0.000
1725522143,0.268,0.000
1725522143,0.419,0.000
1725522143,0.335,0.000
1725522143,0.319,0.000
1725522143,0.311,0.000
1725522143,0.329,0.000
1725522143,0.277,0.000
1725522143,0.258,0.000
1725522143,0.358,0.000
1725522143,0.324,0.000
1725522143,0.371,0.000
1725522143,0.573,0.000
1725522143,0.282,0.000
1725522143,0.319,0.000
1725522143,0.315,0.000
1725522143,0.243,0.000
1725522143,0.374,0.000
1725522143,0.271,0.000
1725522143,0.310,0.000
1725522143,0.263,0.000
1725522143,0.479,0.000
1725522143,0.268,0.000
1725522143,0.286,0.000
1725522143,0.261,0.000
1725522143,0.366,0.000
1725522143,0.266,0.000
1725522143,0.361,0.000
1725522143,0.341,0.000
1725522143,0.317,0.000
1725522143,0.226,0.000
1725522143,0.282,0.000
1725522143,0.341,0.000
1725522143,0.297,0.000
1725522143,0.371,0.000
1725522143,0.340,0.000
1725522143,0.305,0.000
1725522143,0.610,0.000
1725522143,0.348,0.000
1725522143,0.396,0.000
1725522143,0.387,0.000
1725522143,0.683,0.000
1725522143,0.451,0.000
1725522143,0.353,0.000
1725522143,0.379,0.000
1725522143,0.471,0.000
1725522143,0.250,0.000
1725522143,0.424,0.000
1725522143,0.314,0.000
1725522143,0.353,0.000
1725522144,0.526,0.000
1725522144,0.286,0.000
1725522144,0.277,0.000
1725522144,0.325,0.000
1725522144,0.337,0.000
1725522144,0.394,0.000
1725522144,0.461,0.000
1725522144,0.352,0.000
1725522144,0.374,0.000
1725522144,0.448,0.000
1725522144,0.401,0.000
1725522144,0.361,0.000
1725522144,0.313,0.000
1725522144,0.348,0.000
1725522144,0.413,0.000
1725522144,0.303,0.000
1725522144,0.324,0.000
1725522144,0.278,0.000
1725522144,0.323,0.000
1725522144,0.414,0.000
1725522144,0.377,0.000
1725522144,0.306,0.000
1725522144,0.866,0.000
1725522144,0.380,0.000
1725522144,0.469,0.000
1725522144,0.293,0.000
1725522144,0.400,0.000
1725522144,0.290,0.000
1725522144,0.625,0.000
1725522144,0.336,0.000
1725522144,0.314,0.000
1725522144,0.375,0.000
1725522144,0.306,0.000
1725522144,0.341,0.000
1725522144,0.345,0.000
1725522144,0.338,0.000
1725522144,0.344,0.000
1725522144,0.321,0.000
1725522144,0.301,0.000
1725522144,0.287,0.000
1725522144,0.364,0.000
1725522144,0.251,0.000
1725522144,0.624,0.000
1725522144,0.327,0.000
1725522144,0.297,0.000
1725522144,0.389,0.000
1725522144,0.375,0.000
1725522144,0.277,0.000
1725522144,0.494,0.000
1725522144,0.356,0.000
1725522144,0.329,0.000
1725522144,0.394,0.000
1725522144,0.331,0.000
1725522144,0.378,0.000
1725522144,0.274,0.000
1725522144,0.293,0.000
1725522144,0.275,0.000
1725522144,0.387,0.000
1725522144,0.282,0.000
1725522144,0.299,0.000
1725522144,0.267,0.000
1725522144,0.317,0.000
1725522144,0.312,0.000
1725522144,0.472,0.000
1725522144,0.350,0.000
1725522144,0.257,0.000
1725522144,0.335,0.000
1725522144,0.242,0.000
1725522144,0.401,0.000
1725522144,0.259,0.000
1725522144,0.348,0.000
1725522144,0.357,0.000
1725522144,0.334,0.000
1725522144,0.288,0.000
1725522144,0.292,0.000
1725522144,0.426,0.000
1725522144,0.281,0.000
1725522144,0.555,0.000
1725522144,0.293,0.000
1725522144,0.275,0.000
1725522144,0.327,0.000
1725522144,0.244,0.000
1725522144,0.352,0.000
1725522144,0.360,0.000
1725522144,0.272,0.000
1725522144,0.356,0.000
1725522144,0.289,0.000
1725522144,0.316,0.000
1725522144,0.429,0.000
1725522144,0.305,0.000
1725522144,0.337,0.000
1725522144,0.386,0.000
1725522144,0.317,0.000
1725522144,0.642,0.000
1725522144,0.347,0.000
1725522144,0.317,0.000
1725522144,0.273,0.000
1725522144,0.353,0.000
1725522144,0.359,0.000
1725522144,0.323,0.000
1725522144,0.348,0.000
1725522144,0.372,0.000
1725522144,0.334,0.000
1725522144,0.326,0.000
1725522144,0.321,0.000
1725522144,0.368,0.000
1725522144,0.289,0.000
1725522144,0.302,0.000
1725522144,0.404,0.000
1725522144,0.654,0.000
1725522144,0.473,0.000
1725522144,0.290,0.000
1725522144,0.292,0.000
1725522144,0.403,0.000
1725522144,0.531,0.000
1725522144,0.314,0.000
1725522144,0.265,0.000
1725522144,0.484,0.000
1725522144,0.437,0.000
1725522144,0.272,0.000
1725522144,0.340,0.000
1725522144,0.399,0.000
1725522144,0.305,0.000
1725522144,0.437,0.000
1725522144,0.306,0.000
1725522144,0.341,0.000
1725522144,0.389,0.000
1725522144,0.361,0.000
1725522144,0.289,0.000
1725522144,0.318,0.000
1725522144,0.272,0.000
1725522144,0.307,0.000
1725522144,0.348,0.000
1725522144,0.334,0.000
1725522144,0.321,0.000
1725522144,0.514,0.000
1725522144,0.360,0.000
1725522144,0.331,0.000
1725522144,0.280,0.000
1725522144,0.325,0.000
1725522144,0.434,0.000
1725522144,0.283,0.000
1725522144,0.341,0.000
1725522144,0.340,0.000
1725522144,0.372,0.000
1725522144,0.278,0.000
1725522144,0.375,0.000
1725522144,0.303,0.000
1725522144,0.359,0.000
1725522144,0.283,0.000
1725522144,0.306,0.000
1725522144,0.340,0.000
1725522144,0.364,0.000
1725522144,0.361,0.000
1725522144,0.748,0.000
1725522144,0.341,0.000
1725522144,0.344,0.000
1725522144,0.295,0.000
1725522144,0.251,0.000
1725522144,0.313,0.000
1725522144,0.330,0.000
1725522144,0.259,0.000
1725522144,0.606,0.000
1725522144,0.290,0.000
1725522144,0.297,0.000
1725522144,0.414,0.000
1725522144,0.280,0.000
1725522144,0.337,0.000
1725522144,0.341,0.000
1725522144,0.295,0.000
1725522144,0.306,0.000
1725522144,0.344,0.000
1725522145,0.276,0.000
1725522145,0.316,0.000
1725522145,0.392,0.000
1725522145,0.342,0.000
1725522145,0.377,0.000
1725522145,0.390,0.000
1725522145,0.381,0.000
1725522145,0.311,0.000
1725522145,0.349,0.000
1725522145,0.527,0.000
1725522145,0.381,0.000
1725522145,0.273,0.000
1725522145,0.302,0.000
1725522145,0.370,0.000
1725522145,0.446,0.000
1725522145,0.378,0.000
1725522145,0.295,0.000
1725522145,0.418,0.000
1725522145,0.329,0.000
1725522145,0.348,0.000
1725522145,0.385,0.000
1725522145,0.376,0.000
1725522145,0.376,0.000
1725522145,0.332,0.000
1725522145,0.534,0.000
1725522145,0.419,0.000
1725522145,0.328,0.000
1725522145,0.298,0.000
1725522145,0.324,0.000
1725522145,0.269,0.000
1725522145,0.331,0.000
1725522145,0.310,0.000
1725522145,0.286,0.000
1725522145,0.251,0.000
1725522145,0.301,0.000
1725522145,0.335,0.000
1725522145,0.276,0.000
1725522145,0.423,0.000
1725522145,0.478,0.000
1725522145,0.348,0.000
1725522145,0.316,0.000
1725522145,0.263,0.000
1725522145,0.377,0.000
1725522145,0.398,0.000
1725522145,0.700,0.000
1725522145,0.373,0.000
1725522145,0.342,0.000
1725522145,0.316,0.000
1725522145,0.370,0.000
1725522145,0.367,0.000
1725522145,0.452,0.000
1725522145,0.257,0.000
1725522145,0.290,0.000
1725522145,0.389,0.000
1725522145,0.323,0.000
1725522145,0.258,0.000
1725522145,0.334,0.000
1725522145,0.304,0.000
1725522145,0.389,0.000
1725522145,0.690,0.000
1725522145,0.387,0.000
1725522145,0.307,0.000
1725522145,0.329,0.000
1725522145,0.360,0.000
1725522145,0.349,0.000
1725522145,0.291,0.000
1725522145,0.324,0.000
1725522145,0.391,0.000
1725522145,0.376,0.000
1725522145,0.204,0.000
1725522145,0.458,0.000
1725522145,0.324,0.000
1725522145,0.531,0.000
1725522145,0.535,0.000
1725522145,0.481,0.000
1725522145,0.352,0.000
1725522145,0.233,0.000
1725522145,0.291,0.000
1725522145,0.295,0.000
1725522145,0.415,0.000
1725522145,0.227,0.000
1725522145,0.283,0.000
1725522145,0.445,0.000
1725522145,0.321,0.000
1725522145,0.361,0.000
1725522145,0.241,0.000
1725522145,0.321,0.000
1725522145,0.556,0.000
1725522145,0.394,0.000
1725522145,0.322,0.000
1725522145,0.430,0.000
1725522145,0.306,0.000
1725522145,0.301,0.000
1725522145,0.323,0.000
1725522145,0.379,0.000
1725522145,0.262,0.000
1725522145,0.253,0.000
1725522145,0.450,0.000
1725522145,0.354,0.000
1725522145,0.308,0.000
1725522145,0.407,0.000
1725522145,0.424,0.000
1725522145,0.291,0.000
1725522145,0.356,0.000
1725522145,0.462,0.000
1725522145,0.305,0.000
1725522145,0.373,0.000
1725522145,0.366,0.000
1725522145,0.336,0.000
1725522145,0.395,0.000
1725522145,0.322,0.000
1725522145,0.311,0.000
1725522145,0.307,0.000
1725522145,0.393,0.000
1725522145,0.397,0.000
1725522145,0.301,0.000
1725522145,0.287,0.000
1725522145,0.266,0.000
1725522145,0.246,0.000
1725522145,0.387,0.000
1725522145,0.251,0.000
1725522145,0.284,0.000
1725522145,0.289,0.000
1725522145,0.306,0.000
1725522145,0.307,0.000
1725522145,0.378,0.000
1725522145,0.285,0.000
1725522145,0.384,0.000
1725522145,0.271,0.000
1725522145,0.291,0.000
1725522145,0.307,0.000
1725522145,0.292,0.000
1725522145,0.356,0.000
1725522145,0.278,0.000
1725522145,0.295,0.000
1725522145,0.401,0.000
1725522145,0.279,0.000
1725522145,0.451,0.000
1725522145,0.394,0.000
1725522145,0.447,0.000
1725522145,0.327,0.000
1725522145,0.361,0.000
1725522145,0.395,0.000
1725522145,0.332,0.000
1725522145,0.306,0.000
1725522145,0.335,0.000
1725522145,0.321,0.000
1725522145,0.328,0.000
1725522145,0.414,0.000
1725522145,0.288,0.000
1725522145,0.381,0.000
1725522145,0.411,0.000
1725522145,0.278,0.000
1725522145,0.318,0.000
1725522145,0.546,0.000
1725522145,0.368,0.000
1725522145,0.345,0.000
1725522145,0.290,0.000
1725522145,0.356,0.000
1725522145,0.355,0.000
1725522145,0.412,0.000
1725522145,0.329,0.000
1725522145,0.372,0.000
1725522145,0.422,0.000
1725522145,0.374,0.000
1725522145,0.265,0.000
1725522145,0.265,0.000
1725522145,0.342,0.000
1725522145,0.277,0.000
1725522145,0.271,0.000
1725522146,0.289,0.000
1725522146,0.311,0.000
1725522146,0.260,0.000
1725522146,0.380,0.000
1725522146,0.414,0.000
1725522146,0.326,0.000
1725522146,0.591,0.000
1725522146,0.284,0.000
1725522146,0.344,0.000
1725522146,0.300,0.000
1725522146,0.402,0.000
1725522146,0.351,0.000
1725522146,0.293,0.000
1725522146,0.561,0.000
1725522146,0.433,0.000
1725522146,0.420,0.000
1725522146,0.467,0.000
1725522146,0.332,0.000
1725522146,0.253,0.000
1725522146,0.308,0.000
1725522146,0.410,0.000
1725522146,0.496,0.000
1725522146,0.319,0.000
1725522146,0.252,0.000
1725522146,0.312,0.000
1725522146,0.346,0.000
1725522146,0.437,0.000
1725522146,0.355,0.000
1725522146,0.303,0.000
1725522146,0.307,0.000
1725522146,0.414,0.000
1725522146,0.426,0.000
1725522146,0.322,0.000
1725522146,0.259,0.000
1725522146,0.299,0.000
1725522146,0.480,0.000
1725522146,0.308,0.000
1725522146,0.520,0.000
1725522146,0.295,0.000
1725522146,0.300,0.000
1725522146,0.220,0.000
1725522146,0.440,0.000
1725522146,0.275,0.000
1725522146,0.343,0.000
1725522146,0.315,0.000
1725522146,0.410,0.000
1725522146,0.261,0.000
1725522146,0.407,0.000
1725522146,0.299,0.000
1725522146,0.313,0.000
1725522146,0.274,0.000
1725522146,0.276,0.000
1725522146,0.350,0.000
1725522146,0.358,0.000
1725522146,0.338,0.000
1725522146,0.294,0.000
1725522146,0.339,0.000
1725522146,0.297,0.000
1725522146,0.282,0.000
1725522146,0.339,0.000
1725522146,0.326,0.000
1725522146,0.392,0.000
1725522146,0.343,0.000
1725522146,0.389,0.000
1725522146,0.267,0.000
1725522146,0.308,0.000
1725522146,0.355,0.000
1725522146,0.314,0.000
1725522146,0.343,0.000
1725522146,0.259,0.000
1725522146,0.268,0.000
1725522146,0.367,0.000
1725522146,0.254,0.000
1725522146,0.329,0.000
1725522146,0.345,0.000
1725522146,0.267,0.000
1725522146,0.310,0.000
1725522146,0.482,0.000
1725522146,0.548,0.000
1725522146,0.279,0.000
1725522146,0.290,0.000
1725522146,0.312,0.000
1725522146,0.306,0.000
1725522146,0.268,0.000
1725522146,0.273,0.000
1725522146,0.360,0.000
1725522146,0.448,0.000
1725522146,0.305,0.000
1725522146,0.249,0.000
1725522146,0.445,0.000
1725522146,0.303,0.000
1725522146,0.427,0.000
1725522146,0.297,0.000
1725522146,0.280,0.000
1725522146,0.317,0.000
1725522146,0.312,0.000
1725522146,0.372,0.000
1725522146,0.324,0.000
1725522146,0.491,0.000
1725522146,0.329,0.000
1725522146,0.396,0.000
1725522146,0.380,0.000
1725522146,0.362,0.000
1725522146,0.283,0.000
1725522146,0.330,0.000
1725522146,0.319,0.000
1725522146,0.279,0.000
1725522146,0.476,0.000
1725522146,0.341,0.000
1725522146,0.288,0.000
1725522146,0.329,0.000
1725522146,0.398,0.000
1725522146,0.414,0.000
1725522146,0.420,0.000
1725522146,0.316,0.000
1725522146,0.360,0.000
1725522146,0.311,0.000
1725522146,0.216,0.000
1725522146,0.254,0.000
1725522146,0.390,0.000
1725522146,0.276,0.000
1725522146,0.407,0.000
1725522146,0.372,0.000
1725522146,0.351,0.000
1725522146,0.332,0.000
1725522146,0.295,0.000
1725522146,0.390,0.000
1725522146,0.336,0.000
1725522146,0.236,0.000
1725522146,0.285,0.000
1725522146,0.312,0.000
1725522146,0.326,0.000
1725522146,0.267,0.000
1725522146,0.233,0.000
1725522146,0.373,0.000
1725522146,0.271,0.000
1725522146,0.327,0.000
1725522146,0.370,0.000
1725522146,0.361,0.000
1725522146,0.325,0.000
1725522146,0.312,0.000
1725522146,0.338,0.000
1725522146,0.340,0.000
1725522146,0.360,0.000
1725522146,0.325,0.000
1725522146,0.368,0.000
1725522146,0.339,0.000
1725522146,0.322,0.000
1725522146,0.285,0.000
1725522146,0.346,0.000
1725522146,0.438,0.000
1725522146,0.253,0.000
1725522146,0.323,0.000
1725522146,0.276,0.000
1725522146,0.354,0.000
1725522146,0.217,0.000
1725522146,0.266,0.000
1725522146,0.290,0.000
1725522146,0.409,0.000
1725522146,0.437,0.000
1725522146,0.361,0.000
1725522146,0.315,0.000
1725522146,0.287,0.000
1725522146,0.403,0.000
1725522146,0.399,0.000
1725522146,0.307,0.000
1725522146,0.307,0.000
1725522146,0.275,0.000
1725522146,0.280,0.000
1725522146,0.340,0.000
1725522146,0.435,0.000
1725522146,0.378,0.000
1725522146,0.340,0.000
1725522146,0.444,0.000
1725522146,0.275,0.000
1725522146,0.315,0.000
1725522146,0.368,0.000
1725522146,0.258,0.000
1725522146,0.539,0.000
1725522147,0.494,0.000
1725522147,0.276,0.000
1725522147,0.274,0.000
1725522147,0.510,0.000
1725522147,0.284,0.000
1725522147,0.437,0.000
1725522147,0.324,0.000
1725522147,0.269,0.000
1725522147,0.261,0.000
1725522147,0.274,0.000
1725522147,0.322,0.000
1725522147,0.333,0.000
1725522147,0.229,0.000
1725522147,0.325,0.000
1725522147,0.241,0.000
1725522147,0.263,0.000
1725522147,0.332,0.000
1725522147,0.415,0.000
1725522147,0.383,0.000
1725522147,0.339,0.000
1725522147,0.303,0.000
1725522147,0.480,0.000
1725522147,0.314,0.000
1725522147,0.331,0.000
1725522147,0.417,0.000
1725522147,0.354,0.000
1725522147,0.260,0.000
1725522147,0.298,0.000
1725522147,0.325,0.000
1725522147,0.329,0.000
1725522147,0.277,0.000
1725522147,0.346,0.000
1725522147,0.277,0.000
1725522147,0.463,0.000
1725522147,0.309,0.000
1725522147,0.346,0.000
1725522147,0.436,0.000
1725522147,0.288,0.000
1725522147,0.291,0.000
1725522147,0.307,0.000
1725522147,0.357,0.000
1725522147,0.499,0.000
1725522147,0.410,0.000
1725522147,0.307,0.000
1725522147,0.397,0.000
1725522147,0.371,0.000
1725522147,0.333,0.000
1725522147,0.331,0.000
1725522147,0.341,0.000
1725522147,0.287,0.000
1725522147,0.410,0.000
1725522147,0.322,0.000
1725522147,0.442,0.000
1725522147,0.282,0.000
1725522147,0.420,0.000
1725522147,0.339,0.000
1725522147,0.286,0.000
1725522147,0.409,0.000
1725522147,0.223,0.000
1725522147,0.278,0.000
1725522147,0.345,0.000
1725522147,0.266,0.000
1725522147,0.330,0.000
1725522147,0.289,0.000
1725522147,0.272,0.000
1725522147,0.318,0.000
1725522147,0.305,0.000
1725522147,0.376,0.000
1725522147,0.307,0.000
1725522147,0.313,0.000
1725522147,0.572,0.000
1725522147,0.483,0.000
1725522147,0.278,0.000
1725522147,0.448,0.000
1725522147,0.354,0.000
1725522147,0.306,0.000
1725522147,0.318,0.000
1725522147,0.580,0.000
1725522147,0.305,0.000
1725522147,0.353,0.000
1725522147,0.276,0.000
1725522147,0.318,0.000
1725522147,0.325,0.000
1725522147,0.341,0.000
1725522147,0.365,0.000
1725522147,0.307,0.000
1725522147,0.352,0.000
1725522147,0.325,0.000
1725522147,0.344,0.000
1725522147,0.299,0.000
1725522147,0.363,0.000
1725522147,0.352,0.000
1725522147,0.528,0.000
1725522147,0.364,0.000
1725522147,0.422,0.000
1725522147,0.260,0.000
1725522147,0.529,0.000
1725522147,0.391,0.000
1725522147,0.371,0.000
1725522147,0.302,0.000
1725522147,0.330,0.000
1725522147,0.333,0.000
1725522147,0.305,0.000
1725522147,0.436,0.000
1725522147,0.427,0.000
1725522147,0.335,0.000
1725522147,0.306,0.000
1725522147,0.664,0.000
1725522147,0.278,0.000
1725522147,0.389,0.000
1725522147,0.655,0.000
1725522147,0.661,0.000
1725522147,0.286,0.000
1725522147,0.430,0.000
1725522147,0.527,0.000
1725522147,0.284,0.000
1725522147,0.325,0.000
1725522147,0.434,0.000
1725522147,0.387,0.000
1725522147,0.384,0.000
1725522147,0.357,0.000
1725522147,0.304,0.000
1725522147,0.274,0.000
1725522147,0.291,0.000
1725522147,0.244,0.000
1725522147,0.264,0.000
1725522147,0.286,0.000
1725522147,0.363,0.000
1725522147,0.331,0.000
1725522147,0.319,0.000
1725522147,0.284,0.000
1725522147,0.306,0.000
1725522147,0.287,0.000
1725522147,0.269,0.000
1725522147,0.427,0.000
1725522147,0.471,0.000
1725522147,0.346,0.000
1725522147,0.335,0.000
1725522147,0.399,0.000
1725522147,0.285,0.000
1725522147,0.273,0.000
1725522147,0.400,0.000
1725522147,0.397,0.000
1725522147,0.306,0.000
1725522147,0.351,0.000
1725522147,0.422,0.000
1725522147,0.396,0.000
1725522147,0.337,0.000
1725522147,0.331,0.000
1725522147,0.301,0.000
1725522147,0.310,0.000
1725522147,0.307,0.000
1725522147,0.275,0.000
1725522147,0.387,0.000
1725522147,0.462,0.000
1725522147,0.287,0.000
1725522147,0.398,0.000
1725522147,0.288,0.000
1725522147,0.327,0.000
1725522147,0.266,0.000
1725522147,0.390,0.000
1725522147,0.297,0.000
1725522147,0.309,0.000
1725522147,0.296,0.000
1725522147,0.525,0.000
1725522147,0.321,0.000
1725522147,0.223,0.000
1725522147,0.372,0.000
1725522147,0.289,0.000
1725522147,0.368,0.000
1725522147,0.296,0.000
1725522147,0.244,0.000
1725522147,0.367,0.000
1725522147,0.287,0.000
1725522148,0.454,0.000
1725522148,0.459,0.000
1725522148,0.338,0.000
1725522148,0.339,0.000
1725522148,0.314,0.000
1725522148,0.335,0.000
1725522148,0.313,0.000
1725522148,0.437,0.000
1725522148,0.323,0.000
1725522148,0.291,0.000
1725522148,0.408,0.000
1725522148,0.407,0.000
1725522148,0.259,0.000
1725522148,0.316,0.000
1725522148,0.395,0.000
1725522148,0.328,0.000
1725522148,0.311,0.000
1725522148,0.313,0.000
1725522148,0.441,0.000
1725522148,0.322,0.000
1725522148,0.345,0.000
1725522148,0.499,0.000
1725522148,0.381,0.000
1725522148,0.272,0.000
1725522148,0.385,0.000
1725522148,0.279,0.000
1725522148,0.294,0.000
1725522148,0.445,0.000
1725522148,0.474,0.000
1725522148,0.322,0.000
1725522148,0.221,0.000
1725522148,0.340,0.000
1725522148,0.303,0.000
1725522148,0.353,0.000
1725522148,0.355,0.000
1725522148,0.295,0.000
1725522148,0.279,0.000
1725522148,0.289,0.000
1725522148,0.358,0.000
1725522148,0.481,0.000
1725522148,0.239,0.000
1725522148,0.303,0.000
1725522148,0.291,0.000
1725522148,0.251,0.000
1725522148,0.290,0.000
1725522148,0.301,0.000
1725522148,0.372,0.000
1725522148,0.313,0.000
1725522148,0.299,0.000
1725522148,0.431,0.000
1725522148,0.355,0.000
1725522148,0.440,0.000
1725522148,0.315,0.000
1725522148,0.343,0.000
1725522148,0.294,0.000
1725522148,0.322,0.000
1725522148,0.404,0.000
1725522148,0.362,0.000
1725522148,0.363,0.000
1725522148,0.308,0.000
1725522148,0.298,0.000
1725522148,0.447,0.000
1725522148,0.305,0.000
1725522148,0.364,0.000
1725522148,0.381,0.000
1725522148,0.456,0.000
1725522148,0.282,0.000
1725522148,0.319,0.000
1725522148,0.448,0.000
1725522148,0.393,0.000
1725522148,0.362,0.000
1725522148,0.308,0.000
1725522148,0.362,0.000
1725522148,0.233,0.000
1725522148,0.268,0.000
1725522148,0.245,0.000
1725522148,0.288,0.000
1725522148,0.362,0.000
1725522148,0.415,0.000
1725522148,0.336,0.000
1725522148,0.331,0.000
1725522148,0.262,0.000
1725522148,0.295,0.000
1725522148,0.269,0.000
1725522148,0.390,0.000
1725522148,0.317,0.000
1725522148,0.299,0.000
1725522148,0.300,0.000
1725522148,0.542,0.000
1725522148,0.302,0.000
1725522148,0.365,0.000
1725522148,0.358,0.000
1725522148,0.484,0.000
1725522148,0.332,0.000
1725522148,0.554,0.000
1725522148,0.358,0.000
1725522148,0.380,0.000
1725522148,0.331,0.000
1725522148,0.286,0.000
1725522148,0.411,0.000
1725522148,0.328,0.000
1725522148,0.275,0.000
1725522148,0.396,0.000
1725522148,0.459,0.000
1725522148,0.324,0.000
1725522148,0.561,0.000
1725522148,0.437,0.000
1725522148,0.326,0.000
1725522148,0.334,0.000
1725522148,0.305,0.000
1725522148,0.298,0.000
1725522148,0.271,0.000
1725522148,0.527,0.000
1725522148,0.308,0.000
1725522148,0.503,0.000
1725522148,0.259,0.000
1725522148,0.388,0.000
1725522148,0.319,0.000
1725522148,0.424,0.000
1725522148,0.293,0.000
1725522148,0.278,0.000
1725522148,0.389,0.000
1725522148,0.497,0.000
1725522148,0.446,0.000
1725522148,0.294,0.000
1725522148,0.327,0.000
1725522148,0.429,0.000
1725522148,0.268,0.000
1725522148,0.324,0.000
1725522148,0.303,0.000
1725522148,0.379,0.000
1725522148,0.439,0.000
1725522148,0.315,0.000
1725522148,0.387,0.000
1725522148,0.335,0.000
1725522148,0.266,0.000
1725522148,0.312,0.000
1725522148,0.290,0.000
1725522148,0.323,0.000
1725522148,0.232,0.000
1725522148,0.323,0.000
1725522148,0.385,0.000
1725522148,0.363,0.000
1725522148,0.303,0.000
1725522148,0.416,0.000
1725522148,0.363,0.000
1725522148,0.374,0.000
1725522148,0.331,0.000
1725522148,0.317,0.000
1725522148,0.360,0.000
1725522148,0.528,0.000
1725522148,0.292,0.000
1725522148,0.372,0.000
1725522148,0.331,0.000
1725522148,0.389,0.000
1725522148,0.319,0.000
1725522148,0.331,0.000
1725522148,0.363,0.000
1725522148,0.291,0.000
1725522148,0.363,0.000
1725522148,0.315,0.000
1725522148,0.364,0.000
1725522148,0.349,0.000
1725522148,0.338,0.000
1725522148,0.436,0.000
1725522148,0.250,0.000
1725522148,0.299,0.000
1725522148,0.332,0.000
1725522148,0.337,0.000
1725522149,0.357,0.000
1725522149,0.483,0.000
1725522149,0.349,0.000
1725522149,0.394,0.000
1725522149,0.306,0.000
1725522149,0.380,0.000
1725522149,0.317,0.000
1725522149,0.289,0.000
1725522149,0.503,0.000
1725522149,0.265,0.000
1725522149,0.418,0.000
1725522149,0.473,0.000
1725522149,0.316,0.000
1725522149,0.262,0.000
1725522149,0.278,0.000
1725522149,0.349,0.000
1725522149,0.196,0.000
1725522149,0.321,0.000
1725522149,0.259,0.000
1725522149,0.403,0.000
1725522149,0.346,0.000
1725522149,0.351,0.000
1725522149,0.288,0.000
1725522149,0.322,0.000
1725522149,0.272,0.000
1725522149,0.354,0.000
1725522149,0.344,0.000
1725522149,0.350,0.000
1725522149,0.390,0.000
1725522149,0.296,0.000
1725522149,0.323,0.000
1725522149,0.277,0.000
1725522149,0.577,0.000
1725522149,0.424,0.000
1725522149,0.292,0.000
1725522149,0.411,0.000
1725522149,0.425,0.000
1725522149,0.281,0.000
1725522149,0.497,0.000
1725522149,0.271,0.000
1725522149,0.491,0.000
1725522149,0.375,0.000
1725522149,0.322,0.000
1725522149,0.275,0.000
1725522149,0.315,0.000
1725522149,0.409,0.000
1725522149,0.310,0.000
1725522149,0.333,0.000
1725522149,0.310,0.000
1725522149,0.348,0.000
1725522149,0.412,0.000
1725522149,0.324,0.000
1725522149,0.462,0.000
1725522149,0.331,0.000
1725522149,0.334,0.000
1725522149,0.307,0.000
1725522149,0.342,0.000
1725522149,0.342,0.000
1725522149,0.425,0.000
1725522149,0.314,0.000
1725522149,0.257,0.000
1725522149,0.367,0.000
1725522149,0.303,0.000
1725522149,0.435,0.000
1725522149,0.466,0.000
1725522149,0.298,0.000
1725522149,0.274,0.000
1725522149,0.288,0.000
1725522149,0.268,0.000
1725522149,0.308,0.000
1725522149,0.366,0.000
1725522149,0.305,0.000
1725522149,0.299,0.000
1725522149,0.358,0.000
1725522149,0.309,0.000
1725522149,0.362,0.000
1725522149,0.349,0.000
1725522149,0.308,0.000
1725522149,0.316,0.000
1725522149,0.349,0.000
1725522149,0.265,0.000
1725522149,0.375,0.000
1725522149,0.279,0.000
1725522149,0.392,0.000
1725522149,0.321,0.000
1725522149,0.379,0.000
1725522149,0.295,0.000
1725522149,0.353,0.000
1725522149,0.329,0.000
1725522149,0.298,0.000
1725522149,0.340,0.000
1725522149,0.582,0.000
1725522149,0.349,0.000
1725522149,0.363,0.000
1725522149,0.271,0.000
1725522149,0.339,0.000
1725522149,0.394,0.000
1725522149,0.378,0.000
1725522149,0.406,0.000
1725522149,0.397,0.000
1725522149,0.387,0.000
1725522149,0.407,0.000
1725522149,0.517,0.000
1725522149,0.313,0.000
1725522149,0.321,0.000
1725522149,0.261,0.000
1725522149,0.336,0.000
1725522149,0.334,0.000
1725522149,0.289,0.000
1725522149,0.563,0.000
1725522149,0.353,0.000
1725522149,0.285,0.000
1725522149,0.297,0.000
1725522149,0.293,0.000
1725522149,0.308,0.000
1725522149,0.279,0.000
1725522149,0.328,0.000
1725522149,0.356,0.000
1725522149,0.278,0.000
1725522149,0.255,0.000
1725522149,0.323,0.000
1725522149,0.481,0.000
1725522149,0.348,0.000
1725522149,0.342,0.000
1725522149,0.308,0.000
1725522149,0.260,0.000
1725522149,0.435,0.000
1725522149,0.320,0.000
1725522149,0.314,0.000
1725522149,0.362,0.000
1725522149,0.315,0.000
1725522149,0.318,0.000
1725522149,0.301,0.000
1725522149,0.340,0.000
1725522149,0.392,0.000
1725522149,0.328,0.000
1725522149,0.364,0.000
1725522149,0.323,0.000
1725522149,0.272,0.000
1725522149,0.296,0.000
1725522149,0.282,0.000
1725522149,0.236,0.000
1725522149,0.324,0.000
1725522149,0.384,0.000
1725522149,0.532,0.000
1725522149,0.280,0.000
1725522149,0.239,0.000
1725522149,0.339,0.000
1725522149,0.295,0.000
1725522149,0.294,0.000
1725522149,0.326,0.000
1725522149,0.365,0.000
1725522149,0.295,0.000
1725522149,0.339,0.000
1725522149,0.320,0.000
1725522149,0.320,0.000
1725522149,0.306,0.000
1725522149,0.537,0.000
1725522149,0.294,0.000
1725522149,0.359,0.000
1725522149,0.307,0.000
1725522149,0.372,0.000
1725522149,0.268,0.000
1725522149,0.299,0.000
1725522149,0.385,0.000
1725522149,0.335,0.000
1725522149,0.269,0.000
1725522149,0.383,0.000
1725522149,0.293,0.000
1725522149,0.346,0.000
1725522149,0.310,0.000
1725522149,0.312,0.000
1725522149,0.312,0.000
1725522149,0.281,0.000
1725522149,0.396,0.000
1725522149,0.381,0.000
1725522149,0.328,0.000
1725522149,0.476,0.000
1725522150,0.422,0.000
1725522150,0.305,0.000
1725522150,0.271,0.000
1725522150,0.298,0.000
1725522150,0.384,0.000
1725522150,0.336,0.000
1725522150,0.359,0.000
1725522150,0.258,0.000
1725522150,0.361,0.000
1725522150,0.411,0.000
1725522150,0.275,0.000
1725522150,0.337,0.000
1725522150,0.327,0.000
1725522150,0.363,0.000
1725522150,0.332,0.000
1725522150,0.312,0.000
1725522150,0.534,0.000
1725522150,0.345,0.000
1725522150,0.348,0.000
1725522150,0.269,0.000
1725522150,0.464,0.000
1725522150,0.394,0.000
1725522150,0.299,0.000
1725522150,0.491,0.000
1725522150,0.384,0.000
1725522150,0.349,0.000
1725522150,0.269,0.000
1725522150,0.309,0.000
1725522150,0.233,0.000
1725522150,0.424,0.000
1725522150,0.290,0.000
1725522150,0.308,0.000
1725522150,0.377,0.000
1725522150,0.345,0.000
1725522150,0.342,0.000
1725522150,0.354,0.000
1725522150,0.249,0.000
1725522150,0.265,0.000
1725522150,0.306,0.000
1725522150,0.477,0.000
1725522150,0.360,0.000
1725522150,0.312,0.000
1725522150,0.288,0.000
1725522150,0.333,0.000
1725522150,0.284,0.000
1725522150,0.320,0.000
1725522150,0.379,0.000
1725522150,0.363,0.000
1725522150,0.362,0.000
1725522150,0.297,0.000
1725522150,0.332,0.000
1725522150,0.257,0.000
1725522150,0.366,0.000
1725522150,0.365,0.000
1725522150,0.435,0.000
1725522150,0.323,0.000
1725522150,0.265,0.000
1725522150,0.440,0.000
1725522150,0.320,0.000
1725522150,0.367,0.000
1725522150,0.429,0.000
1725522150,0.413,0.000
1725522150,0.403,0.000
1725522150,0.292,0.000
1725522150,0.261,0.000
1725522150,0.365,0.000
1725522150,0.286,0.000
1725522150,0.476,0.000
1725522150,0.320,0.000
1725522150,0.569,0.000
1725522150,0.299,0.000
1725522150,0.314,0.000
1725522150,0.634,0.000
1725522150,0.280,0.000
1725522150,0.267,0.000
1725522150,0.303,0.000
1725522150,0.393,0.000
1725522150,0.282,0.000
1725522150,0.279,0.000
1725522150,0.238,0.000
1725522150,0.322,0.000
1725522150,0.302,0.000
1725522150,0.287,0.000
1725522150,0.354,0.000
1725522150,0.450,0.000
1725522150,0.298,0.000
1725522150,0.458,0.000
1725522150,0.305,0.000
1725522150,0.312,0.000
1725522150,0.297,0.000
1725522150,0.271,0.000
1725522150,0.440,0.000
1725522150,0.472,0.000
1725522150,0.313,0.000
1725522150,0.262,0.000
1725522150,0.376,0.000
1725522150,0.314,0.000
1725522150,0.313,0.000
1725522150,0.554,0.000
1725522150,0.343,0.000
1725522150,0.501,0.000
1725522150,0.298,0.000
1725522150,0.373,0.000
1725522150,0.376,0.000
1725522150,0.265,0.000
1725522150,0.243,0.000
1725522150,0.324,0.000
1725522150,0.359,0.000
1725522150,0.363,0.000
1725522150,0.296,0.000
1725522150,0.522,0.000
1725522150,0.310,0.000
1725522150,0.254,0.000
1725522150,0.305,0.000
1725522150,0.377,0.000
1725522150,0.322,0.000
1725522150,0.321,0.000
1725522150,0.298,0.000
1725522150,0.311,0.000
1725522150,0.356,0.000
1725522150,0.345,0.000
1725522150,0.234,0.000
1725522150,0.282,0.000
1725522150,0.228,0.000
1725522150,0.239,0.000
1725522150,0.379,0.000
1725522150,0.385,0.000
1725522150,0.254,0.000
1725522150,0.283,0.000
1725522150,0.348,0.000
1725522150,0.257,0.000
1725522150,0.313,0.000
1725522150,0.291,0.000
1725522150,0.241,0.000
1725522150,0.368,0.000
1725522150,0.334,0.000
1725522150,0.258,0.000
1725522150,0.382,0.000
1725522150,0.251,0.000
1725522150,0.351,0.000
1725522150,0.340,0.000
1725522150,0.357,0.000
1725522150,0.342,0.000
1725522150,0.337,0.000
1725522150,0.311,0.000
1725522150,0.336,0.000
1725522150,0.385,0.000
1725522150,0.358,0.000
1725522150,0.614,0.000
1725522150,0.289,0.000
1725522150,0.266,0.000
1725522150,0.258,0.000
1725522150,0.444,0.000
1725522150,0.345,0.000
1725522150,0.324,0.000
1725522150,0.360,0.000
1725522150,0.464,0.000
1725522150,0.294,0.000
1725522150,0.263,0.000
1725522150,0.311,0.000
1725522150,0.280,0.000
1725522150,0.341,0.000
1725522150,0.296,0.000
1725522150,0.318,0.000
1725522150,0.358,0.000
1725522150,0.358,0.000
1725522150,0.271,0.000
1725522150,0.272,0.000
1725522150,0.236,0.000
1725522150,0.293,0.000
1725522150,0.277,0.000
1725522150,0.530,0.000
1725522150,0.276,0.000
1725522150,0.302,0.000
1725522150,0.319,0.000
1725522151,0.441,0.000
1725522151,0.308,0.000
1725522151,0.413,0.000
1725522151,0.337,0.000
1725522151,0.296,0.000
1725522151,0.262,0.000
1725522151,0.274,0.000
1725522151,0.442,0.000
1725522151,0.392,0.000
1725522151,0.402,0.000
1725522151,0.286,0.000
1725522151,0.268,0.000
1725522151,0.295,0.000
1725522151,0.334,0.000
1725522151,0.394,0.000
1725522151,0.297,0.000
1725522151,0.306,0.000
1725522151,0.317,0.000
1725522151,0.277,0.000
1725522151,0.535,0.000
1725522151,0.326,0.000
1725522151,0.284,0.000
1725522151,0.617,0.000
1725522151,0.366,0.000
1725522151,0.354,0.000
1725522151,0.322,0.000
1725522151,0.795,0.000
1725522151,0.467,0.000
1725522151,0.367,0.000
1725522151,0.322,0.000
1725522151,0.363,0.000
1725522151,0.358,0.000
1725522151,0.284,0.000
1725522151,0.328,0.000
1725522151,0.279,0.000
1725522151,0.374,0.000
1725522151,0.290,0.000
1725522151,0.262,0.000
1725522151,0.592,0.000
1725522151,0.318,0.000
1725522151,0.321,0.000
1725522151,0.327,0.000
1725522151,0.277,0.000
1725522151,0.431,0.000
1725522151,0.298,0.000
1725522151,0.321,0.000
1725522151,0.321,0.000
1725522151,0.427,0.000
1725522151,0.259,0.000
1725522151,0.357,0.000
1725522151,0.305,0.000
1725522151,0.316,0.000
1725522151,0.256,0.000
1725522151,0.280,0.000
1725522151,0.249,0.000
1725522151,0.380,0.000
1725522151,0.420,0.000
1725522151,0.304,0.000
1725522151,0.461,0.000
1725522151,0.499,0.000
1725522151,0.335,0.000
1725522151,0.387,0.000
1725522151,0.381,0.000
1725522151,0.375,0.000
1725522151,0.420,0.000
1725522151,0.322,0.000
1725522151,0.296,0.000
1725522151,0.327,0.000
1725522151,0.244,0.000
1725522151,0.421,0.000
1725522151,0.538,0.000
1725522151,0.293,0.000
1725522151,0.283,0.000
1725522151,0.430,0.000
1725522151,0.407,0.000
1725522151,0.294,0.000
1725522151,0.316,0.000
1725522151,0.363,0.000
1725522151,0.253,0.000
1725522151,0.483,0.000
1725522151,0.345,0.000
1725522151,0.392,0.000
1725522151,0.299,0.000
1725522151,0.337,0.000
1725522151,0.404,0.000
1725522151,0.270,0.000
1725522151,0.318,0.000
1725522151,0.262,0.000
1725522151,0.279,0.000
1725522151,0.335,0.000
1725522151,0.324,0.000
1725522151,0.318,0.000
1725522151,0.325,0.000
1725522151,0.389,0.000
1725522151,0.276,0.000
1725522151,0.286,0.000
1725522151,0.382,0.000
1725522151,0.254,0.000
1725522151,0.388,0.000
1725522151,0.440,0.000
1725522151,0.291,0.000
1725522151,0.440,0.000
1725522151,0.285,0.000
1725522151,0.322,0.000
1725522151,0.694,0.000
1725522151,0.303,0.000
1725522151,0.271,0.000
1725522151,0.322,0.000
1725522151,0.475,0.000
1725522151,0.355,0.000
1725522151,0.301,0.000
1725522151,0.257,0.000
1725522151,0.294,0.000
1725522151,0.398,0.000
1725522151,0.382,0.000
1725522151,0.366,0.000
1725522151,0.445,0.000
1725522151,0.285,0.000
1725522151,0.470,0.000
1725522151,0.325,0.000
1725522151,0.451,0.000
1725522151,0.345,0.000
1725522151,0.324,0.000
1725522151,0.330,0.000
1725522151,0.381,0.000
1725522151,0.338,0.000
1725522151,0.282,0.000
1725522151,0.338,0.000
1725522151,0.292,0.000
1725522151,0.552,0.000
1725522151,0.380,0.000
1725522151,0.276,0.000
1725522151,0.404,0.000
1725522151,0.245,0.000
1725522151,0.317,0.000
1725522151,0.324,0.000
1725522151,0.356,0.000
1725522151,0.374,0.000
1725522151,0.260,0.000
1725522151,0.331,0.000
1725522151,0.293,0.000
1725522151,0.277,0.000
1725522151,0.306,0.000
1725522151,0.286,0.000
1725522151,0.341,0.000
1725522151,0.349,0.000
1725522151,0.312,0.000
1725522151,0.329,0.000
1725522151,0.338,0.000
1725522151,0.388,0.000
1725522151,0.314,0.000
1725522151,0.310,0.000
1725522151,0.304,0.000
1725522151,0.307,0.000
1725522151,0.319,0.000
1725522151,0.409,0.000
1725522151,0.306,0.000
1725522151,0.334,0.000
1725522151,0.270,0.000
1725522151,0.382,0.000
1725522151,0.306,0.000
1725522151,0.254,0.000
1725522151,0.320,0.000
1725522151,0.312,0.000
1725522151,0.307,0.000
1725522151,0.298,0.000
1725522151,0.309,0.000
1725522151,0.349,0.000
1725522151,0.356,0.000
1725522151,0.268,0.000
1725522151,0.302,0.000
1725522151,0.291,0.000
1725522151,0.326,0.000
1725522152,0.298,0.000
1725522152,0.314,0.000
1725522152,0.251,0.000
1725522152,0.366,0.000
1725522152,0.252,0.000
1725522152,0.284,0.000
1725522152,0.317,0.000
1725522152,0.485,0.000
1725522152,0.509,0.000
1725522152,0.382,0.000
1725522152,0.265,0.000
1725522152,0.477,0.000
1725522152,0.330,0.000
1725522152,0.234,0.000
1725522152,0.395,0.000
1725522152,0.382,0.000
1725522152,0.300,0.000
1725522152,0.260,0.000
1725522152,0.329,0.000
1725522152,0.315,0.000
1725522152,0.419,0.000
1725522152,0.393,0.000
1725522152,0.422,0.000
1725522152,0.279,0.000
1725522152,0.422,0.000
1725522152,0.342,0.000
1725522152,0.416,0.000
1725522152,0.365,0.000
1725522152,0.313,0.000
1725522152,0.520,0.000
1725522152,0.269,0.000
1725522152,0.475,0.000
1725522152,0.309,0.000
1725522152,0.261,0.000
1725522152,0.413,0.000
1725522152,0.288,0.000
1725522152,0.264,0.000
1725522152,0.338,0.000
1725522152,0.404,0.000
1725522152,0.328,0.000
1725522152,0.311,0.000
1725522152,0.329,0.000
1725522152,0.353,0.000
1725522152,0.409,0.000
1725522152,0.496,0.000
1725522152,0.401,0.000
1725522152,0.440,0.000
1725522152,0.309,0.000
1725522152,0.350,0.000
1725522152,0.276,0.000
1725522152,0.334,0.000
1725522152,0.341,0.000
1725522152,0.269,0.000
1725522152,0.265,0.000
1725522152,0.329,0.000
1725522152,0.440,0.000
1725522152,0.428,0.000
1725522152,0.326,0.000
1725522152,0.312,0.000
1725522152,0.431,0.000
1725522152,0.427,0.000
1725522152,0.444,0.000
1725522152,0.754,0.000
1725522152,0.287,0.000
1725522152,0.308,0.000
1725522152,0.490,0.000
1725522152,0.347,0.000
1725522152,0.264,0.000
1725522152,0.309,0.000
1725522152,0.300,0.000
1725522152,0.324,0.000
1725522152,0.363,0.000
1725522152,0.372,0.000
1725522152,0.339,0.000
1725522152,0.384,0.000
1725522152,0.513,0.000
1725522152,0.347,0.000
1725522152,0.310,0.000
1725522152,0.304,0.000
1725522152,0.408,0.000
1725522152,0.451,0.000
1725522152,0.353,0.000
1725522152,0.342,0.000
1725522152,0.387,0.000
1725522152,0.331,0.000
1725522152,0.295,0.000
1725522152,0.266,0.000
1725522152,0.339,0.000
1725522152,0.269,0.000
1725522152,0.457,0.000
1725522152,0.301,0.000
1725522152,0.288,0.000
1725522152,0.305,0.000
1725522152,0.322,0.000
1725522152,0.310,0.000
1725522152,0.389,0.000
1725522152,0.353,0.000
1725522152,0.342,0.000
1725522152,0.277,0.000
1725522152,0.333,0.000
1725522152,0.290,0.000
1725522152,0.299,0.000
1725522152,0.287,0.000
1725522152,0.254,0.000
1725522152,0.303,0.000
1725522152,0.333,0.000
1725522152,0.333,0.000
1725522152,0.428,0.000
1725522152,0.391,0.000
1725522152,0.355,0.000
1725522152,0.404,0.000
1725522152,0.373,0.000
1725522152,0.288,0.000
1725522152,0.473,0.000
1725522152,0.650,0.000
1725522152,0.318,0.000
1725522152,0.400,0.000
1725522152,0.265,0.000
1725522152,0.410,0.000
1725522152,0.333,0.000
1725522152,0.295,0.000
1725522152,0.326,0.000
1725522152,0.312,0.000
1725522152,0.393,0.000
1725522152,0.429,0.000
1725522152,0.314,0.000
1725522152,0.324,0.000
1725522152,0.400,0.000
1725522152,0.428,0.000
1725522152,0.346,0.000
1725522152,0.402,0.000
1725522152,0.345,0.000
1725522152,0.319,0.000
1725522152,0.425,0.000
1725522152,0.367,0.000
1725522152,0.334,0.000
1725522152,0.287,0.000
1725522152,0.323,0.000
1725522152,0.337,0.000
1725522152,0.302,0.000
1725522152,0.283,0.000
1725522152,0.295,0.000
1725522152,0.305,0.000
1725522152,0.262,0.000
1725522152,0.302,0.000
1725522152,0.435,0.000
1725522152,0.381,0.000
1725522152,0.425,0.000
1725522152,0.255,0.000
1725522152,0.302,0.000
1725522152,0.341,0.000
1725522152,0.344,0.000
1725522152,0.346,0.000
1725522152,0.254,0.000
1725522152,0.368,0.000
1725522152,0.309,0.000
1725522152,0.316,0.000
1725522152,0.317,0.000
1725522152,0.273,0.000
1725522152,0.282,0.000
1725522152,0.330,0.000
1725522152,0.366,0.000
1725522152,0.431,0.000
1725522152,0.320,0.000
1725522152,0.322,0.000
1725522152,0.434,0.000
1725522152,0.348,0.000
1725522152,0.402,0.000
1725522152,0.339,0.000
1725522152,0.301,0.000
1725522153,0.308,0.000
1725522153,0.297,0.000
1725522153,0.297,0.000
1725522153,0.434,0.000
1725522153,0.332,0.000
1725522153,0.282,0.000
1725522153,0.323,0.000
1725522153,0.303,0.000
1725522153,0.381,0.000
1725522153,0.329,0.000
1725522153,0.319,0.000
1725522153,0.370,0.000
1725522153,0.315,0.000
1725522153,0.299,0.000
1725522153,0.357,0.000
1725522153,0.316,0.000
1725522153,0.326,0.000
1725522153,0.347,0.000
1725522153,0.321,0.000
1725522153,0.574,0.000
1725522153,0.281,0.000
1725522153,0.774,0.000
1725522153,0.402,0.000
1725522153,0.358,0.000
1725522153,0.481,0.000
1725522153,0.367,0.000
1725522153,0.269,0.000
1725522153,0.256,0.000
1725522153,0.285,0.000
1725522153,0.311,0.000
1725522153,0.319,0.000
1725522153,0.333,0.000
1725522153,0.314,0.000
1725522153,0.373,0.000
1725522153,0.315,0.000
1725522153,0.303,0.000
1725522153,0.348,0.000
1725522153,0.332,0.000
1725522153,0.269,0.000
1725522153,0.294,0.000
1725522153,0.326,0.000
1725522153,0.397,0.000
1725522153,0.336,0.000
1725522153,0.390,0.000
1725522153,0.356,0.000
1725522153,0.373,0.000
1725522153,0.405,0.000
1725522153,0.325,0.000
1725522153,0.278,0.000
1725522153,0.348,0.000
1725522153,0.427,0.000
1725522153,0.275,0.000
1725522153,0.284,0.000
1725522153,0.278,0.000
1725522153,0.442,0.000
1725522153,0.411,0.000
1725522153,0.365,0.000
1725522153,0.573,0.000
1725522153,0.322,0.000
1725522153,0.335,0.000
1725522153,0.340,0.000
1725522153,0.252,0.000
1725522153,0.256,0.000
1725522153,0.624,0.000
1725522153,0.379,0.000
1725522153,0.370,0.000
1725522153,0.365,0.000
1725522153,0.320,0.000
1725522153,0.473,0.000
1725522153,0.278,0.000
1725522153,0.469,0.000
1725522153,0.265,0.000
1725522153,0.230,0.000
1725522153,0.327,0.000
1725522153,0.328,0.000
1725522153,0.505,0.000
1725522153,0.306,0.000
1725522153,0.406,0.000
1725522153,0.320,0.000
1725522153,0.269,0.000
1725522153,0.263,0.000
1725522153,0.497,0.000
1725522153,0.316,0.000
1725522153,0.273,0.000
1725522153,0.335,0.000
1725522153,0.283,0.000
1725522153,0.374,0.000
1725522153,0.328,0.000
1725522153,0.269,0.000
1725522153,0.328,0.000
1725522153,0.344,0.000
1725522153,0.360,0.000
1725522153,0.316,0.000
1725522153,0.428,0.000
1725522153,0.318,0.000
1725522153,0.347,0.000
1725522153,0.255,0.000
1725522153,0.524,0.000
1725522153,0.400,0.000
1725522153,0.333,0.000
1725522153,0.256,0.000
1725522153,0.326,0.000
1725522153,0.314,0.000
1725522153,0.385,0.000
1725522153,0.272,0.000
1725522153,0.269,0.000
1725522153,0.356,0.000
1725522153,0.473,0.000
1725522153,0.304,0.000
1725522153,0.484,0.000
1725522153,0.463,0.000
1725522153,0.294,0.000
1725522153,0.284,0.000
1725522153,0.300,0.000
1725522153,0.377,0.000
1725522153,0.359,0.000
1725522153,0.520,0.000
1725522153,0.350,0.000
1725522153,0.360,0.000
1725522153,0.419,0.000
1725522153,0.339,0.000
1725522153,0.265,0.000
1725522153,0.249,0.000
1725522153,0.265,0.000
1725522153,0.299,0.000
1725522153,0.289,0.000
1725522153,0.369,0.000
1725522153,0.302,0.000
1725522153,0.292,0.000
1725522153,0.378,0.000
1725522153,0.246,0.000
1725522153,0.268,0.000
1725522153,0.294,0.000
1725522153,0.428,0.000
1725522153,0.348,0.000
1725522153,0.397,0.000
1725522153,0.246,0.000
1725522153,0.257,0.000
1725522153,0.327,0.000
1725522153,0.325,0.000
1725522153,0.430,0.000
1725522153,0.344,0.000
1725522153,0.290,0.000
1725522153,0.303,0.000
1725522153,0.537,0.000
1725522153,0.398,0.000
1725522153,0.329,0.000
1725522153,0.323,0.000
1725522153,0.413,0.000
1725522153,0.260,0.000
1725522153,0.397,0.000
1725522153,0.316,0.000
1725522153,0.341,0.000
1725522153,0.321,0.000
1725522153,0.318,0.000
1725522153,0.336,0.000
1725522153,0.301,0.000
1725522153,0.357,0.000
1725522153,0.274,0.000
1725522153,0.284,0.000
1725522153,0.286,0.000
1725522153,0.379,0.000
1725522153,0.304,0.000
1725522153,0.374,0.000
1725522153,0.480,0.000
1725522153,0.328,0.000
1725522153,0.310,0.000
1725522153,0.370,0.000
1725522153,0.267,0.000
1725522153,0.383,0.000
1725522154,0.373,0.000
1725522154,0.324,0.000
1725522154,0.697,0.000
1725522154,0.326,0.000
1725522154,0.328,0.000
1725522154,0.344,0.000
1725522154,0.340,0.000
1725522154,0.425,0.000
1725522154,0.325,0.000
1725522154,0.277,0.000
1725522154,0.300,0.000
1725522154,0.376,0.000
1725522154,0.446,0.000
1725522154,0.253,0.000
1725522154,0.309,0.000
1725522154,0.392,0.000
1725522154,0.341,0.000
1725522154,0.269,0.000
1725522154,0.316,0.000
1725522154,0.294,0.000
1725522154,0.367,0.000
1725522154,0.295,0.000
1725522154,0.285,0.000
1725522154,0.343,0.000
1725522154,0.289,0.000
1725522154,0.327,0.000
1725522154,0.307,0.000
1725522154,0.244,0.000
1725522154,0.293,0.000
1725522154,0.445,0.000
1725522154,0.331,0.000
1725522154,0.316,0.000
1725522154,0.279,0.000
1725522154,0.395,0.000
1725522154,0.300,0.000
1725522154,0.329,0.000
1725522154,0.312,0.000
1725522154,0.503,0.000
1725522154,0.455,0.000
1725522154,0.322,0.000
1725522154,0.251,0.000
1725522154,0.454,0.000
1725522154,0.392,0.000
1725522154,0.288,0.000
1725522154,0.320,0.000
1725522154,0.271,0.000
1725522154,0.389,0.000
1725522154,0.287,0.000
1725522154,0.305,0.000
1725522154,0.339,0.000
1725522154,0.294,0.000
1725522154,0.622,0.000
1725522154,0.382,0.000
1725522154,0.290,0.000
1725522154,0.455,0.000
1725522154,0.615,0.000
1725522154,0.276,0.000
1725522154,0.328,0.000
1725522154,0.284,0.000
1725522154,0.416,0.000
1725522154,0.325,0.000
1725522154,0.258,0.000
1725522154,0.276,0.000
1725522154,0.282,0.000
1725522154,0.291,0.000
1725522154,0.349,0.000
1725522154,0.341,0.000
1725522154,0.300,0.000
1725522154,0.293,0.000
1725522154,0.284,0.000
1725522154,0.295,0.000
1725522154,0.274,0.000
1725522154,0.337,0.000
1725522154,0.313,0.000
1725522154,0.445,0.000
1725522154,0.294,0.000
1725522154,0.315,0.000
1725522154,0.373,0.000
1725522154,0.439,0.000
1725522154,0.352,0.000
1725522154,0.257,0.000
1725522154,0.403,0.000
1725522154,0.317,0.000
1725522154,0.279,0.000
1725522154,0.303,0.000
1725522154,0.332,0.000
1725522154,0.315,0.000
1725522154,0.399,0.000
1725522154,0.393,0.000
1725522154,0.289,0.000
1725522154,0.388,0.000
1725522154,0.262,0.000
1725522154,0.577,0.000
1725522154,0.237,0.000
1725522154,0.371,0.000
1725522154,0.342,0.000
1725522154,0.296,0.000
1725522154,0.328,0.000
1725522154,0.373,0.000
1725522154,0.365,0.000
1725522154,0.442,0.000
1725522154,0.356,0.000
1725522154,0.332,0.000
1725522154,0.346,0.000
1725522154,0.221,0.000
1725522154,0.450,0.000
1725522154,0.479,0.000
1725522154,0.386,0.000
1725522154,0.414,0.000
1725522154,0.281,0.000
1725522154,0.317,0.000
1725522154,0.340,0.000
1725522154,0.535,0.000
1725522154,0.542,0.000
1725522154,0.272,0.000
1725522154,0.250,0.000
1725522154,0.279,0.000
1725522154,0.242,0.000
1725522154,0.302,0.000
1725522154,0.271,0.000
1725522154,0.308,0.000
1725522154,0.320,0.000
1725522154,0.328,0.000
1725522154,0.284,0.000
1725522154,0.414,0.000
1725522154,0.323,0.000
1725522154,0.263,0.000
1725522154,0.344,0.000
1725522154,0.729,0.000
1725522154,0.305,0.000
1725522154,0.489,0.000
1725522154,0.270,0.000
1725522154,0.300,0.000
1725522154,0.290,0.000
1725522154,0.506,0.000
1725522154,0.353,0.000
1725522154,0.394,0.000
1725522154,0.221,0.000
1725522154,0.318,0.000
1725522154,0.270,0.000
1725522154,0.306,0.000
1725522154,0.392,0.000
1725522154,0.723,0.000
1725522154,0.379,0.000
1725522154,0.333,0.000
1725522154,0.290,0.000
1725522154,0.322,0.000
1725522154,0.337,0.000
1725522154,0.378,0.000
1725522154,0.295,0.000
1725522154,0.340,0.000
1725522154,0.290,0.000
1725522154,0.443,0.000
1725522154,0.347,0.000
1725522154,0.344,0.000
1725522154,0.580,0.000
1725522154,0.431,0.000
1725522154,0.442,0.000
1725522154,0.248,0.000
1725522154,0.257,0.000
1725522154,0.342,0.000
1725522154,0.382,0.000
1725522154,0.249,0.000
1725522154,0.266,0.000
1725522154,0.373,0.000
1725522154,0.258,0.000
1725522154,0.287,0.000
1725522154,0.252,0.000
1725522154,0.329,0.000
1725522154,0.365,0.000
1725522154,0.268,0.000
1725522154,0.303,0.000
1725522154,0.253,0.000
1725522154,0.256,0.000
1725522154,0.326,0.000
1725522154,0.398,0.000
1725522154,0.385,0.000
1725522154,0.329,0.000
1725522154,0.304,0.000
1725522154,0.313,0.000
1725522154,0.557,0.000
1725522155,0.308,0.000
1725522155,0.346,0.000
1725522155,0.310,0.000
1725522155,0.232,0.000
1725522155,0.451,0.000
1725522155,0.283,0.000
1725522155,0.344,0.000
1725522155,0.299,0.000
1725522155,0.291,0.000
1725522155,0.400,0.000
1725522155,0.353,0.000
1725522155,0.329,0.000
1725522155,0.294,0.000
1725522155,0.302,0.000
1725522155,0.309,0.000
1725522155,0.278,0.000
1725522155,0.308,0.000
1725522155,0.277,0.000
1725522155,0.297,0.000
1725522155,0.317,0.000
1725522155,0.347,0.000
1725522155,0.336,0.000
1725522155,0.304,0.000
1725522155,0.334,0.000
1725522155,0.256,0.000
1725522155,0.349,0.000
1725522155,0.271,0.000
1725522155,0.256,0.000
1725522155,0.351,0.000
1725522155,0.270,0.000
1725522155,0.228,0.000
1725522155,0.253,0.000
1725522155,0.267,0.000
1725522155,0.343,0.000
1725522155,0.276,0.000
1725522155,0.292,0.000
1725522155,0.313,0.000
1725522155,0.490,0.000
1725522155,0.358,0.000
1725522155,0.487,0.000
1725522155,0.364,0.000
1725522155,0.362,0.000
1725522155,0.483,0.000
1725522155,0.409,0.000
1725522155,0.327,0.000
1725522155,0.348,0.000
1725522155,0.333,0.000
1725522155,0.279,0.000
1725522155,0.305,0.000
1725522155,0.368,0.000
1725522155,0.322,0.000
1725522155,0.290,0.000
1725522155,0.306,0.000
1725522155,0.497,0.000
1725522155,0.335,0.000
1725522155,0.357,0.000
1725522155,0.277,0.000
1725522155,0.307,0.000
1725522155,0.278,0.000
1725522155,0.321,0.000
1725522155,0.347,0.000
1725522155,0.354,0.000
1725522155,0.320,0.000
1725522155,0.476,0.000
1725522155,0.523,0.000
1725522155,0.315,0.000
1725522155,0.377,0.000
1725522155,0.291,0.000
1725522155,0.333,0.000
1725522155,0.258,0.000
1725522155,0.329,0.000
1725522155,0.305,0.000
1725522155,0.331,0.000
1725522155,0.270,0.000
1725522155,0.280,0.000
1725522155,0.257,0.000
1725522155,0.378,0.000
1725522155,0.345,0.000
1725522155,0.385,0.000
1725522155,0.335,0.000
1725522155,0.275,0.000
1725522155,0.252,0.000
1725522155,0.274,0.000
1725522155,0.334,0.000
1725522155,0.339,0.000
1725522155,0.506,0.000
1725522155,0.322,0.000
1725522155,0.326,0.000
1725522155,0.294,0.000
1725522155,0.314,0.000
1725522155,0.225,0.000
1725522155,0.379,0.000
1725522155,0.439,0.000
1725522155,0.279,0.000
1725522155,0.291,0.000
1725522155,0.263,0.000
1725522155,0.389,0.000
1725522155,0.391,0.000
1725522155,0.387,0.000
1725522155,0.397,0.000
1725522155,0.457,0.000
1725522155,0.314,0.000
1725522155,0.278,0.000
1725522155,0.292,0.000
1725522155,0.294,0.000
1725522155,0.351,0.000
1725522155,0.331,0.000
1725522155,0.355,0.000
1725522155,0.336,0.000
1725522155,0.346,0.000
1725522155,0.411,0.000
1725522155,0.276,0.000
1725522155,0.395,0.000
1725522155,0.322,0.000
1725522155,0.305,0.000
1725522155,0.329,0.000
1725522155,0.449,0.000
1725522155,0.290,0.000
1725522155,0.337,0.000
1725522155,0.276,0.000
1725522155,0.423,0.000
1725522155,0.244,0.000
1725522155,0.243,0.000
1725522155,0.394,0.000
1725522155,0.406,0.000
1725522155,0.474,0.000
1725522155,0.327,0.000
1725522155,0.329,0.000
1725522155,0.319,0.000
1725522155,0.278,0.000
1725522155,0.354,0.000
1725522155,0.287,0.000
1725522155,0.342,0.000
1725522155,0.313,0.000
1725522155,0.309,0.000
1725522155,0.262,0.000
1725522155,0.250,0.000
1725522155,0.320,0.000
1725522155,0.276,0.000
1725522155,0.436,0.000
1725522155,0.544,0.000
1725522155,0.409,0.000
1725522155,0.444,0.000
1725522155,0.569,0.000
1725522155,0.403,0.000
1725522155,0.327,0.000
1725522155,0.324,0.000
1725522155,0.311,0.000
1725522155,0.342,0.000
1725522155,0.433,0.000
1725522155,0.249,0.000
1725522155,0.281,0.000
1725522155,0.299,0.000
1725522155,0.311,0.000
1725522155,0.352,0.000
1725522155,0.330,0.000
1725522155,0.274,0.000
1725522155,0.291,0.000
1725522155,0.311,0.000
1725522155,0.307,0.000
1725522155,0.322,0.000
1725522155,0.358,0.000
1725522155,0.282,0.000
1725522155,0.369,0.000
1725522155,0.250,0.000
1725522155,0.279,0.000
1725522155,0.359,0.000
1725522155,0.313,0.000
1725522155,0.272,0.000
1725522155,0.335,0.000
1725522155,0.291,0.000
1725522155,0.358,0.000
1725522155,0.346,0.000
1725522156,0.344,0.000
1725522156,0.356,0.000
1725522156,0.328,0.000
1725522156,0.422,0.000
1725522156,0.295,0.000
1725522156,0.239,0.000
1725522156,0.324,0.000
1725522156,0.289,0.000
1725522156,0.277,0.000
1725522156,0.311,0.000
1725522156,0.324,0.000
1725522156,0.300,0.000
1725522156,0.387,0.000
1725522156,0.339,0.000
1725522156,0.280,0.000
1725522156,0.458,0.000
1725522156,0.338,0.000
1725522156,0.333,0.000
1725522156,0.300,0.000
1725522156,0.373,0.000
1725522156,0.311,0.000
1725522156,0.513,0.000
1725522156,0.313,0.000
1725522156,0.426,0.000
1725522156,0.399,0.000
1725522156,0.313,0.000
1725522156,0.416,0.000
1725522156,0.304,0.000
1725522156,0.355,0.000
1725522156,0.370,0.000
1725522156,0.318,0.000
1725522156,0.475,0.000
1725522156,0.477,0.000
1725522156,0.248,0.000
1725522156,0.298,0.000
1725522156,0.295,0.000
1725522156,0.326,0.000
1725522156,0.276,0.000
1725522156,0.335,0.000
1725522156,0.364,0.000
1725522156,0.324,0.000
1725522156,0.348,0.000
1725522156,0.286,0.000
1725522156,0.380,0.000
1725522156,0.449,0.000
1725522156,0.298,0.000
1725522156,0.330,0.000
1725522156,0.329,0.000
1725522156,0.452,0.000
1725522156,0.309,0.000
1725522156,0.269,0.000
1725522156,0.322,0.000
1725522156,0.289,0.000
1725522156,0.315,0.000
1725522156,0.363,0.000
1725522156,0.268,0.000
1725522156,0.295,0.000
1725522156,0.382,0.000
1725522156,0.360,0.000
1725522156,0.334,0.000
1725522156,0.318,0.000
1725522156,0.288,0.000
1725522156,0.394,0.000
1725522156,0.290,0.000
1725522156,0.442,0.000
1725522156,0.354,0.000
1725522156,0.304,0.000
1725522156,0.350,0.000
1725522156,0.258,0.000
1725522156,0.293,0.000
1725522156,0.312,0.000
1725522156,0.349,0.000
1725522156,0.402,0.000
1725522156,0.419,0.000
1725522156,0.372,0.000
1725522156,0.352,0.000
1725522156,0.331,0.000
1725522156,1.158,0.000
1725522156,0.273,0.000
1725522156,0.370,0.000
1725522156,0.306,0.000
1725522156,0.472,0.000
1725522156,0.459,0.000
1725522156,0.277,0.000
1725522156,0.342,0.000
1725522156,0.260,0.000
1725522156,0.325,0.000
1725522156,0.324,0.000
1725522156,0.711,0.000
1725522156,0.292,0.000
1725522156,0.359,0.000
1725522156,0.420,0.000
1725522156,0.417,0.000
1725522156,0.307,0.000
1725522156,0.421,0.000
1725522156,0.321,0.000
1725522156,0.308,0.000
1725522156,0.305,0.000
1725522156,0.424,0.000
1725522156,0.357,0.000
1725522156,0.405,0.000
1725522156,0.284,0.000
1725522156,0.233,0.000
1725522156,0.346,0.000
1725522156,0.371,0.000
1725522156,0.303,0.000
1725522156,0.297,0.000
1725522156,0.316,0.000
1725522156,0.297,0.000
1725522156,0.338,0.000
1725522156,0.352,0.000
1725522156,0.301,0.000
1725522156,0.346,0.000
1725522156,0.455,0.000
1725522156,0.301,0.000
1725522156,0.369,0.000
1725522156,0.281,0.000
1725522156,0.409,0.000
1725522156,0.314,0.000
1725522156,0.279,0.000
1725522156,0.263,0.000
1725522156,0.345,0.000
1725522156,0.338,0.000
1725522156,0.448,0.000
1725522156,0.306,0.000
1725522156,0.280,0.000
1725522156,0.356,0.000
1725522156,0.273,0.000
1725522156,0.317,0.000
1725522156,0.364,0.000
1725522156,0.323,0.000
1725522156,0.291,0.000
1725522156,0.361,0.000
1725522156,0.418,0.000
1725522156,0.290,0.000
1725522156,0.287,0.000
1725522156,0.294,0.000
1725522156,0.282,0.000
1725522156,0.296,0.000
1725522156,0.274,0.000
1725522156,0.236,0.000
1725522156,0.303,0.000
1725522156,0.290,0.000
1725522156,0.413,0.000
1725522156,0.332,0.000
1725522156,0.332,0.000
1725522156,0.281,0.000
1725522156,0.441,0.000
1725522156,0.419,0.000
1725522156,0.272,0.000
1725522156,0.331,0.000
1725522156,0.381,0.000
1725522156,0.271,0.000
1725522156,0.307,0.000
1725522156,0.400,0.000
1725522156,0.308,0.000
1725522156,0.357,0.000
1725522156,0.365,0.000
1725522156,0.381,0.000
1725522156,0.298,0.000
1725522156,0.428,0.000
1725522156,0.295,0.000
1725522156,0.282,0.000
1725522156,0.322,0.000
1725522156,0.359,0.000
1725522156,0.431,0.000
1725522156,0.332,0.000
1725522156,0.294,0.000
1725522156,0.306,0.000
1725522156,0.370,0.000
1725522156,0.267,0.000
1725522156,0.348,0.000
1725522156,0.339,0.000
1725522156,0.305,0.000
1725522157,0.419,0.000
1725522157,0.545,0.000
1725522157,0.344,0.000
1725522157,0.276,0.000
1725522157,0.340,0.000
1725522157,0.496,0.000
1725522157,0.405,0.000
1725522157,0.431,0.000
1725522157,0.230,0.000
1725522157,0.536,0.000
1725522157,0.344,0.000
1725522157,0.334,0.000
1725522157,0.345,0.000
1725522157,0.341,0.000
1725522157,0.384,0.000
1725522157,0.530,0.000
1725522157,0.363,0.000
1725522157,0.303,0.000
1725522157,0.275,0.000
1725522157,0.276,0.000
1725522157,0.301,0.000
1725522157,0.336,0.000
1725522157,0.283,0.000
1725522157,0.333,0.000
1725522157,0.598,0.000
1725522157,0.247,0.000
1725522157,0.382,0.000
1725522157,0.469,0.000
1725522157,0.249,0.000
1725522157,0.655,0.000
1725522157,0.281,0.000
1725522157,0.306,0.000
1725522157,0.307,0.000
1725522157,0.311,0.000
1725522157,0.283,0.000
1725522157,0.348,0.000
1725522157,0.287,0.000
1725522157,0.301,0.000
1725522157,0.294,0.000
1725522157,0.305,0.000
1725522157,0.322,0.000
1725522157,0.345,0.000
1725522157,0.364,0.000
1725522157,0.294,0.000
1725522157,0.331,0.000
1725522157,0.383,0.000
1725522157,0.283,0.000
1725522157,0.320,0.000
1725522157,0.360,0.000
1725522157,0.337,0.000
1725522157,0.300,0.000
1725522157,0.498,0.000
1725522157,0.477,0.000
1725522157,0.269,0.000
1725522157,0.389,0.000
1725522157,0.341,0.000
1725522157,0.306,0.000
1725522157,0.351,0.000
1725522157,0.253,0.000
1725522157,0.226,0.000
1725522157,0.342,0.000
1725522157,0.348,0.000
1725522157,0.576,0.000
1725522157,0.405,0.000
1725522157,0.288,0.000
1725522157,0.355,0.000
1725522157,0.337,0.000
1725522157,0.341,0.000
1725522157,0.524,0.000
1725522157,0.346,0.000
1725522157,0.304,0.000
1725522157,0.350,0.000
1725522157,0.283,0.000
1725522157,0.284,0.000
1725522157,0.435,0.000
1725522157,0.335,0.000
1725522157,0.261,0.000
1725522157,0.414,0.000
1725522157,0.395,0.000
1725522157,0.288,0.000
1725522157,0.353,0.000
1725522157,0.422,0.000
1725522157,0.260,0.000
1725522157,0.283,0.000
1725522157,0.288,0.000
1725522157,0.338,0.000
1725522157,0.266,0.000
1725522157,0.294,0.000
1725522157,0.424,0.000
1725522157,0.316,0.000
1725522157,0.341,0.000
1725522157,0.259,0.000
1725522157,0.274,0.000
1725522157,0.505,0.000
1725522157,0.477,0.000
1725522157,0.365,0.000
1725522157,0.350,0.000
1725522157,0.309,0.000
1725522157,0.283,0.000
1725522157,0.365,0.000
1725522157,0.439,0.000
1725522157,0.294,0.000
1725522157,0.310,0.000
1725522157,0.442,0.000
1725522157,0.355,0.000
1725522157,0.331,0.000
1725522157,0.591,0.000
1725522157,0.286,0.000
1725522157,0.325,0.000
1725522157,0.293,0.000
1725522157,0.262,0.000
1725522157,0.327,0.000
1725522157,0.444,0.000
1725522157,0.334,0.000
1725522157,0.257,0.000
1725522157,0.409,0.000
1725522157,0.516,0.000
1725522157,0.307,0.000
1725522157,0.264,0.000
1725522157,0.319,0.000
1725522157,0.433,0.000
1725522157,0.308,0.000
1725522157,0.360,0.000
1725522157,0.453,0.000
1725522157,0.336,0.000
1725522157,0.268,0.000
1725522157,0.265,0.000
1725522157,0.287,0.000
1725522157,0.321,0.000
1725522157,0.362,0.000
1725522157,0.339,0.000
1725522157,0.314,0.000
1725522157,0.381,0.000
1725522157,0.347,0.000
1725522157,0.340,0.000
1725522157,0.381,0.000
1725522157,0.382,0.000
1725522157,0.344,0.000
1725522157,0.337,0.000
1725522157,0.326,0.000
1725522157,0.374,0.000
1725522157,0.410,0.000
1725522157,0.511,0.000
1725522157,0.295,0.000
1725522157,0.269,0.000
1725522157,0.288,0.000
1725522157,0.423,0.000
1725522157,0.306,0.000
1725522157,0.985,0.000
1725522157,0.367,0.000
1725522157,0.309,0.000
1725522157,0.341,0.000
1725522157,0.297,0.000
1725522157,0.452,0.000
1725522157,0.291,0.000
1725522157,0.343,0.000
1725522157,0.285,0.000
1725522157,0.417,0.000
1725522157,0.407,0.000
1725522157,0.305,0.000
1725522157,0.283,0.000
1725522157,0.386,0.000
1725522157,0.324,0.000
1725522157,0.537,0.000
1725522157,0.252,0.000
1725522157,0.316,0.000
1725522157,0.290,0.000
1725522157,0.454,0.000
1725522157,0.339,0.000
1725522157,0.354,0.000
1725522157,0.321,0.000
1725522157,0.293,0.000
1725522157,0.325,0.000
1725522158,0.451,0.000
1725522158,0.362,0.000
1725522158,0.342,0.000
1725522158,0.329,0.000
1725522158,0.326,0.000
1725522158,0.301,0.000
1725522158,0.315,0.000
1725522158,0.359,0.000
1725522158,0.362,0.000
1725522158,0.260,0.000
1725522158,0.319,0.000
1725522158,0.341,0.000
1725522158,0.370,0.000
1725522158,0.315,0.000
1725522158,0.477,0.000
1725522158,0.373,0.000
1725522158,0.321,0.000
1725522158,0.333,0.000
1725522158,0.359,0.000
1725522158,0.304,0.000
1725522158,0.267,0.000
1725522158,0.315,0.000
1725522158,0.412,0.000
1725522158,0.288,0.000
1725522158,0.299,0.000
1725522158,0.372,0.000
1725522158,0.383,0.000
1725522158,0.329,0.000
1725522158,0.254,0.000
1725522158,0.305,0.000
1725522158,0.302,0.000
1725522158,0.543,0.000
1725522158,0.275,0.000
1725522158,0.301,0.000
1725522158,0.295,0.000
1725522158,0.393,0.000
1725522158,0.440,0.000
1725522158,0.316,0.000
1725522158,0.311,0.000
1725522158,0.403,0.000
1725522158,0.249,0.000
1725522158,0.282,0.000
1725522158,0.324,0.000
1725522158,0.278,0.000
1725522158,0.486,0.000
1725522158,0.318,0.000
1725522158,0.281,0.000
1725522158,0.337,0.000
1725522158,0.437,0.000
1725522158,0.311,0.000
1725522158,0.361,0.000
1725522158,0.401,0.000
1725522158,0.290,0.000
1725522158,0.322,0.000
1725522158,0.327,0.000
1725522158,0.312,0.000
1725522158,0.629,0.000
1725522158,0.295,0.000
1725522158,0.275,0.000
1725522158,0.274,0.000
1725522158,0.327,0.000
1725522158,0.282,0.000
1725522158,0.300,0.000
1725522158,0.327,0.000
1725522158,0.365,0.000
1725522158,0.319,0.000
1725522158,0.338,0.000
1725522158,0.321,0.000
1725522158,0.293,0.000
1725522158,0.406,0.000
1725522158,0.359,0.000
1725522158,0.391,0.000
1725522158,0.342,0.000
1725522158,0.294,0.000
1725522158,0.313,0.000
1725522158,0.291,0.000
1725522158,0.320,0.000
1725522158,0.302,0.000
1725522158,0.290,0.000
1725522158,0.275,0.000
1725522158,0.370,0.000
1725522158,0.254,0.000
1725522158,0.307,0.000
1725522158,0.255,0.000
1725522158,0.277,0.000
1725522158,0.286,0.000
1725522158,0.325,0.000
1725522158,0.367,0.000
1725522158,0.290,0.000
1725522158,0.553,0.000
1725522158,0.388,0.000
1725522158,0.304,0.000
1725522158,0.313,0.000
1725522158,0.262,0.000
1725522158,0.329,0.000
1725522158,0.452,0.000
1725522158,0.342,0.000
1725522158,0.297,0.000
1725522158,0.366,0.000
1725522158,0.374,0.000
1725522158,0.287,0.000
1725522158,0.477,0.000
1725522158,0.270,0.000
1725522158,0.531,0.000
1725522158,0.349,0.000
1725522158,0.288,0.000
1725522158,0.348,0.000
1725522158,0.332,0.000
1725522158,0.320,0.000
1725522158,0.321,0.000
1725522158,0.313,0.000
1725522158,0.423,0.000
1725522158,0.306,0.000
1725522158,0.326,0.000
1725522158,0.270,0.000
1725522158,0.388,0.000
1725522158,0.406,0.000
1725522158,0.420,0.000
1725522158,0.358,0.000
1725522158,0.338,0.000
1725522158,0.403,0.000
1725522158,0.236,0.000
1725522158,0.403,0.000
1725522158,0.293,0.000
1725522158,0.348,0.000
1725522158,0.278,0.000
1725522158,0.276,0.000
1725522158,0.402,0.000
1725522158,0.373,0.000
1725522158,0.323,0.000
1725522158,0.351,0.000
1725522158,0.339,0.000
1725522158,0.295,0.000
1725522158,0.349,0.000
1725522158,0.278,0.000
1725522158,0.368,0.000
1725522158,0.323,0.000
1725522158,0.306,0.000
1725522158,0.362,0.000
1725522158,0.278,0.000
1725522158,0.405,0.000
1725522158,0.430,0.000
1725522158,0.294,0.000
1725522158,0.261,0.000
1725522158,0.384,0.000
1725522158,0.252,0.000
1725522158,0.410,0.000
1725522158,0.346,0.000
1725522158,0.336,0.000
1725522158,0.261,0.000
1725522158,0.556,0.000
1725522158,0.319,0.000
1725522158,0.353,0.000
1725522158,0.348,0.000
1725522158,0.332,0.000
1725522158,0.289,0.000
1725522158,0.327,0.000
1725522158,0.369,0.000
1725522158,0.316,0.000
1725522158,0.294,0.000
1725522158,0.389,0.000
1725522158,0.267,0.000
1725522158,0.322,0.000
1725522158,0.283,0.000
1725522158,0.299,0.000
1725522158,0.251,0.000
1725522158,0.339,0.000
1725522158,0.365,0.000
1725522158,0.399,0.000
1725522158,0.268,0.000
1725522158,0.328,0.000
1725522158,0.305,0.000
1725522158,0.292,0.000
1725522158,1.137,0.000
1725522158,0.291,0.000
1725522158,0.293,0.000
1725522158,0.310,0.000
1725522158,0.293,0.000
1725522159,0.361,0.000
1725522159,0.268,0.000
1725522159,0.360,0.000
1725522159,0.259,0.000
1725522159,0.232,0.000
1725522159,0.350,0.000
1725522159,0.422,0.000
1725522159,0.309,0.000
1725522159,0.339,0.000
1725522159,0.271,0.000
1725522159,0.281,0.000
1725522159,0.286,0.000
1725522159,0.552,0.000
1725522159,0.488,0.000
1725522159,0.389,0.000
1725522159,0.309,0.000
1725522159,0.291,0.000
1725522159,0.365,0.000
1725522159,0.319,0.000
1725522159,0.341,0.000
1725522159,0.231,0.000
1725522159,0.279,0.000
1725522159,0.349,0.000
1725522159,0.595,0.000
1725522159,0.365,0.000
1725522159,0.421,0.000
1725522159,0.408,0.000
1725522159,0.346,0.000
1725522159,0.361,0.000
1725522159,0.299,0.000
1725522159,0.439,0.000
1725522159,0.291,0.000
1725522159,0.356,0.000
1725522159,0.318,0.000
1725522159,0.259,0.000
1725522159,0.339,0.000
1725522159,0.394,0.000
1725522159,0.325,0.000
1725522159,0.328,0.000
1725522159,0.566,0.000
1725522159,0.272,0.000
1725522159,0.336,0.000
1725522159,0.290,0.000
1725522159,0.317,0.000
1725522159,0.302,0.000
1725522159,0.267,0.000
1725522159,0.364,0.000
1725522159,0.271,0.000
1725522159,0.386,0.000
1725522159,0.278,0.000
1725522159,0.359,0.000
1725522159,0.281,0.000
1725522159,0.252,0.000
1725522159,0.277,0.000
1725522159,0.403,0.000
1725522159,0.360,0.000
1725522159,0.328,0.000
1725522159,0.338,0.000
1725522159,0.343,0.000
1725522159,0.376,0.000
1725522159,0.384,0.000
1725522159,0.342,0.000
1725522159,0.333,0.000
1725522159,0.306,0.000
1725522159,0.287,0.000
1725522159,0.286,0.000
1725522159,0.314,0.000
1725522159,0.344,0.000
1725522159,0.457,0.000
1725522159,0.352,0.000
1725522159,0.328,0.000
1725522159,0.295,0.000
1725522159,0.268,0.000
1725522159,0.286,0.000
1725522159,0.345,0.000
1725522159,0.301,0.000
1725522159,0.600,0.000
1725522159,0.426,0.000
1725522159,0.357,0.000
1725522159,0.481,0.000
1725522159,0.321,0.000
1725522159,0.279,0.000
1725522159,0.312,0.000
1725522159,0.304,0.000
1725522159,0.300,0.000
1725522159,0.261,0.000
1725522159,0.389,0.000
1725522159,0.338,0.000
1725522159,0.276,0.000
1725522159,0.279,0.000
1725522159,0.396,0.000
1725522159,0.405,0.000
1725522159,0.346,0.000
1725522159,0.272,0.000
1725522159,0.411,0.000
1725522159,0.251,0.000
1725522159,0.256,0.000
1725522159,0.242,0.000
1725522159,0.352,0.000
1725522159,0.279,0.000
1725522159,0.292,0.000
1725522159,0.319,0.000
1725522159,0.266,0.000
1725522159,0.276,0.000
1725522159,0.371,0.000
1725522159,0.293,0.000
1725522159,0.479,0.000
1725522159,0.309,0.000
1725522159,0.430,0.000
1725522159,0.357,0.000
1725522159,0.324,0.000
1725522159,0.408,0.000
1725522159,0.576,0.000
1725522159,0.353,0.000
1725522159,0.286,0.000
1725522159,0.354,0.000
1725522159,0.295,0.000
1725522159,0.672,0.000
1725522159,0.350,0.000
1725522159,0.376,0.000
1725522159,0.280,0.000
1725522159,0.393,0.000
1725522159,0.300,0.000
1725522159,0.361,0.000
1725522159,0.551,0.000
1725522159,0.371,0.000
1725522159,0.334,0.000
1725522159,0.219,0.000
1725522159,0.328,0.000
1725522159,0.490,0.000
1725522159,0.354,0.000
1725522159,0.335,0.000
1725522159,0.325,0.000
1725522159,0.331,0.000
1725522159,0.281,0.000
1725522159,0.381,0.000
1725522159,0.403,0.000
1725522159,0.395,0.000
1725522159,0.282,0.000
1725522159,0.332,0.000
1725522159,0.315,0.000
1725522159,0.313,0.000
1725522159,0.283,0.000
1725522159,0.292,0.000
1725522159,0.285,0.000
1725522159,0.315,0.000
1725522159,0.384,0.000
1725522159,0.315,0.000
1725522159,0.321,0.000
1725522159,0.317,0.000
1725522159,0.302,0.000
1725522159,0.440,0.000
1725522159,0.385,0.000
1725522159,0.443,0.000
1725522159,0.269,0.000
1725522159,0.317,0.000
1725522159,0.375,0.000
1725522159,0.321,0.000
1725522159,0.330,0.000
1725522159,0.348,0.000
1725522159,0.378,0.000
1725522159,0.290,0.000
1725522159,0.273,0.000
1725522159,0.313,0.000
1725522159,0.361,0.000
1725522159,0.366,0.000
1725522159,0.508,0.000
1725522159,0.336,0.000
1725522159,0.378,0.000
1725522159,0.317,0.000
1725522159,0.320,0.000
1725522159,0.302,0.000
1725522159,0.323,0.000
1725522160,0.373,0.000
1725522160,0.483,0.000
1725522160,0.332,0.000
1725522160,0.355,0.000
1725522160,0.247,0.000
1725522160,0.390,0.000
1725522160,0.302,0.000
1725522160,0.324,0.000
1725522160,0.347,0.000
1725522160,0.353,0.000
1725522160,0.454,0.000
1725522160,0.351,0.000
1725522160,0.298,0.000
1725522160,0.347,0.000
1725522160,0.289,0.000
1725522160,0.314,0.000
1725522160,0.343,0.000
1725522160,0.287,0.000
1725522160,0.293,0.000
1725522160,0.311,0.000
1725522160,0.325,0.000
1725522160,0.374,0.000
1725522160,0.302,0.000
1725522160,0.373,0.000
1725522160,0.355,0.000
1725522160,0.296,0.000
1725522160,0.347,0.000
1725522160,0.318,0.000
1725522160,0.328,0.000
1725522160,0.389,0.000
1725522160,0.262,0.000
1725522160,0.254,0.000
1725522160,0.274,0.000
1725522160,0.391,0.000
1725522160,0.336,0.000
1725522160,0.330,0.000
1725522160,0.361,0.000
1725522160,0.284,0.000
1725522160,0.278,0.000
1725522160,0.344,0.000
1725522160,0.286,0.000
1725522160,0.352,0.000
1725522160,0.370,0.000
1725522160,0.370,0.000
1725522160,0.408,0.000
1725522160,0.309,0.000
1725522160,0.311,0.000
1725522160,0.363,0.000
1725522160,0.350,0.000
1725522160,0.357,0.000
1725522160,0.304,0.000
1725522160,0.669,0.000
1725522160,0.650,0.000
1725522160,0.399,0.000
1725522160,0.361,0.000
1725522160,0.335,0.000
1725522160,0.252,0.000
1725522160,0.303,0.000
1725522160,0.314,0.000
1725522160,0.338,0.000
1725522160,0.369,0.000
1725522160,0.348,0.000
1725522160,0.365,0.000
1725522160,0.349,0.000
1725522160,0.413,0.000
1725522160,0.341,0.000
1725522160,0.292,0.000
1725522160,0.482,0.000
1725522160,0.308,0.000
1725522160,0.367,0.000
1725522160,0.292,0.000
1725522160,0.361,0.000
1725522160,0.253,0.000
1725522160,0.332,0.000
1725522160,0.395,0.000
1725522160,0.369,0.000
1725522160,0.409,0.000
1725522160,0.334,0.000
1725522160,0.370,0.000
1725522160,0.239,0.000
1725522160,0.245,0.000
1725522160,0.489,0.000
1725522160,0.246,0.000
1725522160,0.829,0.000
1725522160,0.433,0.000
1725522160,0.400,0.000
1725522160,0.327,0.000
1725522160,0.661,0.000
1725522160,0.410,0.000
1725522160,0.254,0.000
1725522160,0.265,0.000
1725522160,0.292,0.000
1725522160,0.303,0.000
1725522160,0.325,0.000
1725522160,0.271,0.000
1725522160,0.364,0.000
1725522160,0.399,0.000
1725522160,0.487,0.000
1725522160,0.303,0.000
1725522160,0.333,0.000
1725522160,0.325,0.000
1725522160,0.434,0.000
1725522160,0.333,0.000
1725522160,0.302,0.000
1725522160,0.298,0.000
1725522160,0.322,0.000
1725522160,0.444,0.000
1725522160,0.339,0.000
1725522160,0.333,0.000
1725522160,0.357,0.000
1725522160,0.357,0.000
1725522160,0.431,0.000
1725522160,0.270,0.000
1725522160,0.280,0.000
1725522160,0.330,0.000
1725522160,0.283,0.000
1725522160,0.308,0.000
1725522160,0.363,0.000
1725522160,0.277,0.000
1725522160,0.357,0.000
1725522160,0.320,0.000
1725522160,0.323,0.000
1725522160,0.343,0.000
1725522160,0.408,0.000
1725522160,0.295,0.000
1725522160,0.318,0.000
1725522160,0.277,0.000
1725522160,0.306,0.000
1725522160,0.697,0.000
1725522160,0.376,0.000
1725522160,0.459,0.000
1725522160,0.265,0.000
1725522160,0.402,0.000
1725522160,0.319,0.000
1725522160,0.310,0.000
1725522160,0.359,0.000
1725522160,0.428,0.000
1725522160,0.251,0.000
1725522160,0.519,0.000
1725522160,0.274,0.000
1725522160,0.256,0.000
1725522160,0.375,0.000
1725522160,0.373,0.000
1725522160,0.327,0.000
1725522160,0.462,0.000
1725522160,0.305,0.000
1725522160,0.408,0.000
1725522160,0.287,0.000
1725522160,0.433,0.000
1725522160,0.553,0.000
1725522160,0.411,0.000
1725522160,0.397,0.000
1725522160,0.326,0.000
1725522160,0.427,0.000
1725522160,0.261,0.000
1725522160,0.482,0.000
1725522160,0.348,0.000
1725522160,0.352,0.000
1725522160,0.458,0.000
1725522160,0.275,0.000
1725522160,0.282,0.000
1725522160,0.346,0.000
1725522160,0.291,0.000
1725522160,0.274,0.000
1725522160,0.323,0.000
1725522161,0.292,0.000
1725522161,0.312,0.000
1725522161,0.325,0.000
1725522161,0.240,0.000
1725522161,0.337,0.000
1725522161,0.397,0.000
1725522161,0.493,0.000
1725522161,0.288,0.000
1725522161,0.281,0.000
1725522161,0.355,0.000
1725522161,0.340,0.000
1725522161,0.277,0.000
1725522161,0.341,0.000
1725522161,0.334,0.000
1725522161,0.332,0.000
1725522161,0.307,0.000
1725522161,0.345,0.000
1725522161,0.459,0.000
1725522161,0.393,0.000
1725522161,0.284,0.000
1725522161,0.299,0.000
1725522161,0.405,0.000
1725522161,0.356,0.000
1725522161,0.378,0.000
1725522161,0.301,0.000
1725522161,0.455,0.000
1725522161,0.348,0.000
1725522161,0.363,0.000
1725522161,0.286,0.000
1725522161,0.280,0.000
1725522161,0.360,0.000
1725522161,0.375,0.000
1725522161,0.480,0.000
1725522161,0.304,0.000
1725522161,0.294,0.000
1725522161,0.408,0.000
1725522161,0.303,0.000
1725522161,0.326,0.000
1725522161,0.333,0.000
1725522161,0.299,0.000
1725522161,0.394,0.000
1725522161,0.369,0.000
1725522161,0.288,0.000
1725522161,0.319,0.000
1725522161,0.368,0.000
1725522161,0.275,0.000
1725522161,0.310,0.000
1725522161,0.273,0.000
1725522161,0.261,0.000
1725522161,0.479,0.000
1725522161,0.314,0.000
1725522161,0.326,0.000
1725522161,0.294,0.000
1725522161,0.416,0.000
1725522161,0.302,0.000
1725522161,0.315,0.000
1725522161,0.358,0.000
1725522161,0.265,0.000
1725522161,0.289,0.000
1725522161,0.392,0.000
1725522161,0.297,0.000
1725522161,0.340,0.000
1725522161,0.407,0.000
1725522161,0.322,0.000
1725522161,0.623,0.000
1725522161,0.339,0.000
1725522161,0.302,0.000
1725522161,0.239,0.000
1725522161,0.353,0.000
1725522161,0.407,0.000
1725522161,0.272,0.000
1725522161,0.274,0.000
1725522161,0.279,0.000
1725522161,0.323,0.000
1725522161,0.347,0.000
1725522161,0.479,0.000
1725522161,0.291,0.000
1725522161,0.334,0.000
1725522161,0.348,0.000
1725522161,0.300,0.000
1725522161,0.367,0.000
1725522161,0.336,0.000
1725522161,0.317,0.000
1725522161,0.347,0.000
1725522161,0.378,0.000
1725522161,0.310,0.000
1725522161,0.353,0.000
1725522161,0.447,0.000
1725522161,0.254,0.000
1725522161,0.262,0.000
1725522161,0.440,0.000
1725522161,0.549,0.000
1725522161,0.620,0.000
1725522161,0.302,0.000
1725522161,0.520,0.000
1725522161,0.271,0.000
1725522161,0.256,0.000
1725522161,0.414,0.000
1725522161,0.464,0.000
1725522161,0.323,0.000
1725522161,0.280,0.000
1725522161,0.363,0.000
1725522161,0.295,0.000
1725522161,0.315,0.000
1725522161,0.562,0.000
1725522161,0.294,0.000
1725522161,0.330,0.000
1725522161,0.276,0.000
1725522161,0.425,0.000
1725522161,0.372,0.000
1725522161,0.448,0.000
1725522161,0.251,0.000
1725522161,0.343,0.000
1725522161,0.348,0.000
1725522161,0.302,0.000
1725522161,0.287,0.000
1725522161,0.288,0.000
1725522161,0.514,0.000
1725522161,0.348,0.000
1725522161,0.286,0.000
1725522161,0.299,0.000
1725522161,0.367,0.000
1725522161,0.279,0.000
1725522161,0.341,0.000
1725522161,0.319,0.000
1725522161,0.275,0.000
1725522161,0.353,0.000
1725522161,0.321,0.000
1725522161,0.385,0.000
1725522161,0.303,0.000
1725522161,0.308,0.000
1725522161,0.427,0.000
1725522161,0.363,0.000
1725522161,0.308,0.000
1725522161,0.382,0.000
1725522161,0.351,0.000
1725522161,0.355,0.000
1725522161,0.414,0.000
1725522161,0.356,0.000
1725522161,0.332,0.000
1725522161,0.498,0.000
1725522161,0.365,0.000
1725522161,0.365,0.000
1725522161,0.311,0.000
1725522161,0.305,0.000
1725522161,0.419,0.000
1725522161,0.431,0.000
1725522161,0.391,0.000
1725522161,0.304,0.000
1725522161,0.297,0.000
1725522161,0.291,0.000
1725522161,0.336,0.000
1725522161,0.447,0.000
1725522161,0.276,0.000
1725522161,0.286,0.000
1725522161,0.315,0.000
1725522161,0.301,0.000
1725522161,0.343,0.000
1725522161,0.244,0.000
1725522161,0.344,0.000
1725522161,0.282,0.000
1725522161,0.278,0.000
1725522161,0.299,0.000
1725522161,0.338,0.000
1725522161,0.361,0.000
1725522161,0.281,0.000
1725522161,0.263,0.000
1725522161,0.319,0.000
1725522161,0.259,0.000
1725522161,0.288,0.000
1725522161,0.281,0.000
1725522161,0.345,0.000
1725522161,0.483,0.000
1725522161,0.440,0.000
1725522161,0.513,0.000
1725522161,0.351,0.000
1725522161,0.283,0.000
1725522162,0.394,0.000
1725522162,0.656,0.000
1725522162,0.522,0.000
1725522162,0.295,0.000
1725522162,0.371,0.000
1725522162,0.346,0.000
1725522162,0.247,0.000
1725522162,0.317,0.000
1725522162,0.359,0.000
1725522162,0.291,0.000
1725522162,0.524,0.000
1725522162,0.298,0.000
1725522162,0.397,0.000
1725522162,0.251,0.000
1725522162,0.400,0.000
1725522162,0.559,0.000
1725522162,0.431,0.000
1725522162,0.309,0.000
1725522162,0.356,0.000
1725522162,0.299,0.000
1725522162,0.333,0.000
1725522162,0.347,0.000
1725522162,0.334,0.000
1725522162,0.452,0.000
1725522162,0.424,0.000
1725522162,0.388,0.000
1725522162,0.251,0.000
1725522162,0.265,0.000
1725522162,0.343,0.000
1725522162,0.289,0.000
1725522162,0.273,0.000
1725522162,0.379,0.000
1725522162,0.440,0.000
1725522162,0.293,0.000
1725522162,0.228,0.000
1725522162,0.251,0.000
1725522162,0.295,0.000
1725522162,0.342,0.000
1725522162,0.460,0.000
1725522162,0.423,0.000
1725522162,0.288,0.000
1725522162,0.295,0.000
1725522162,0.398,0.000
1725522162,0.316,0.000
1725522162,0.325,0.000
1725522162,0.278,0.000
1725522162,0.324,0.000
1725522162,0.350,0.000
1725522162,0.382,0.000
1725522162,0.282,0.000
1725522162,0.320,0.000
1725522162,0.303,0.000
1725522162,0.335,0.000
1725522162,0.311,0.000
1725522162,0.514,0.000
1725522162,0.324,0.000
1725522162,0.345,0.000
1725522162,0.365,0.000
1725522162,0.304,0.000
1725522162,0.317,0.000
1725522162,0.249,0.000
1725522162,0.307,0.000
1725522162,0.334,0.000
1725522162,0.352,0.000
1725522162,0.321,0.000
1725522162,0.254,0.000
1725522162,0.320,0.000
1725522162,0.668,0.000
1725522162,0.293,0.000
1725522162,0.369,0.000
1725522162,0.307,0.000
1725522162,0.390,0.000
1725522162,0.249,0.000
1725522162,0.355,0.000
1725522162,0.242,0.000
1725522162,0.351,0.000
1725522162,0.402,0.000
1725522162,0.308,0.000
1725522162,0.301,0.000
1725522162,0.291,0.000
1725522162,0.343,0.000
1725522162,0.328,0.000
1725522162,0.359,0.000
1725522162,0.292,0.000
1725522162,0.473,0.000
1725522162,0.309,0.000
1725522162,0.489,0.000
1725522162,0.399,0.000
1725522162,0.361,0.000
1725522162,0.344,0.000
1725522162,0.321,0.000
1725522162,0.402,0.000
1725522162,0.332,0.000
1725522162,0.379,0.000
1725522162,0.420,0.000
1725522162,0.354,0.000
1725522162,0.321,0.000
1725522162,0.302,0.000
1725522162,0.306,0.000
1725522162,0.308,0.000
1725522162,0.242,0.000
1725522162,0.332,0.000
1725522162,0.433,0.000
1725522162,0.300,0.000
1725522162,0.327,0.000
1725522162,0.239,0.000
1725522162,0.340,0.000
1725522162,0.332,0.000
1725522162,0.339,0.000
1725522162,0.259,0.000
1725522162,0.360,0.000
1725522162,0.238,0.000
1725522162,0.533,0.000
1725522162,0.308,0.000
1725522162,0.314,0.000
1725522162,0.377,0.000
1725522162,0.286,0.000
1725522162,0.455,0.000
1725522162,0.294,0.000
1725522162,0.692,0.000
1725522162,0.530,0.000
1725522162,0.287,0.000
1725522162,0.413,0.000
1725522162,0.401,0.000
1725522162,0.333,0.000
1725522162,0.364,0.000
1725522162,0.350,0.000
1725522162,0.283,0.000
1725522162,0.258,0.000
1725522162,0.268,0.000
1725522162,0.332,0.000
1725522162,0.373,0.000
1725522162,0.321,0.000
1725522162,0.265,0.000
1725522162,0.318,0.000
1725522162,0.305,0.000
1725522162,0.297,0.000
1725522162,0.266,0.000
1725522162,0.416,0.000
1725522162,0.281,0.000
1725522162,0.396,0.000
1725522162,0.281,0.000
1725522162,0.265,0.000
1725522162,0.414,0.000
1725522162,0.364,0.000
1725522162,0.369,0.000
1725522162,0.406,0.000
1725522162,0.344,0.000
1725522162,0.325,0.000
1725522162,0.409,0.000
1725522162,0.232,0.000
1725522162,0.303,0.000
1725522162,0.258,0.000
1725522162,0.318,0.000
1725522162,0.341,0.000
1725522162,0.310,0.000
1725522162,0.277,0.000
1725522162,0.356,0.000
1725522162,0.348,0.000
1725522162,0.383,0.000
1725522162,0.346,0.000
1725522162,0.291,0.000
1725522162,0.310,0.000
1725522162,0.392,0.000
1725522162,0.464,0.000
1725522162,0.418,0.000
1725522162,0.309,0.000
1725522162,0.330,0.000
1725522162,0.287,0.000
1725522162,0.302,0.000
1725522162,0.330,0.000
1725522162,0.333,0.000
1725522162,0.384,0.000
1725522162,0.447,0.000
1725522162,0.287,0.000
1725522162,0.462,0.000
1725522163,0.326,0.000
1725522163,0.359,0.000
1725522163,0.243,0.000
1725522163,0.371,0.000
1725522163,0.386,0.000
1725522163,0.282,0.000
1725522163,0.336,0.000
1725522163,0.375,0.000
1725522163,0.241,0.000
1725522163,0.319,0.000
1725522163,0.329,0.000
1725522163,0.321,0.000
1725522163,0.266,0.000
1725522163,0.499,0.000
1725522163,0.242,0.000
1725522163,0.302,0.000
1725522163,0.340,0.000
1725522163,0.360,0.000
1725522163,0.333,0.000
1725522163,0.331,0.000
1725522163,0.282,0.000
1725522163,0.451,0.000
1725522163,0.278,0.000
1725522163,0.345,0.000
1725522163,0.305,0.000
1725522163,0.453,0.000
1725522163,0.353,0.000
1725522163,0.305,0.000
1725522163,0.308,0.000
1725522163,0.346,0.000
1725522163,0.346,0.000
1725522163,0.336,0.000
1725522163,0.307,0.000
1725522163,0.385,0.000
1725522163,0.307,0.000
1725522163,0.298,0.000
1725522163,0.349,0.000
1725522163,0.260,0.000
1725522163,0.383,0.000
1725522163,0.330,0.000
1725522163,0.250,0.000
1725522163,0.333,0.000
1725522163,0.386,0.000
1725522163,0.386,0.000
1725522163,0.287,0.000
1725522163,0.336,0.000
1725522163,0.365,0.000
1725522163,0.297,0.000
1725522163,0.358,0.000
1725522163,0.360,0.000
1725522163,0.238,0.000
1725522163,0.314,0.000
1725522163,0.364,0.000
1725522163,0.304,0.000
1725522163,0.277,0.000
1725522163,0.413,0.000
1725522163,0.462,0.000
1725522163,0.321,0.000
1725522163,0.424,0.000
1725522163,0.269,0.000
1725522163,0.435,0.000
1725522163,0.323,0.000
1725522163,0.256,0.000
1725522163,0.370,0.000
1725522163,0.377,0.000
1725522163,0.373,0.000
1725522163,0.364,0.000
1725522163,0.705,0.000
1725522163,0.334,0.000
1725522163,0.319,0.000
1725522163,0.312,0.000
1725522163,0.347,0.000
1725522163,0.308,0.000
1725522163,0.375,0.000
1725522163,0.273,0.000
1725522163,0.400,0.000
1725522163,0.393,0.000
1725522163,0.326,0.000
1725522163,0.212,0.000
1725522163,0.337,0.000
1725522163,0.343,0.000
1725522163,0.445,0.000
1725522163,0.372,0.000
1725522163,0.291,0.000
1725522163,0.258,0.000
1725522163,0.321,0.000
1725522163,0.287,0.000
1725522163,0.316,0.000
1725522163,0.289,0.000
1725522163,0.370,0.000
1725522163,0.497,0.000
1725522163,0.331,0.000
1725522163,0.394,0.000
1725522163,0.213,0.000
1725522163,0.362,0.000
1725522163,0.346,0.000
1725522163,0.318,0.000
1725522163,0.299,0.000
1725522163,0.341,0.000
1725522163,0.323,0.000
1725522163,0.414,0.000
1725522163,0.339,0.000
1725522163,0.274,0.000
1725522163,0.397,0.000
1725522163,0.402,0.000
1725522163,0.399,0.000
1725522163,0.297,0.000
1725522163,0.295,0.000
1725522163,0.352,0.000
1725522163,0.398,0.000
1725522163,0.238,0.000
1725522163,0.365,0.000
1725522163,0.260,0.000
1725522163,0.331,0.000
1725522163,0.292,0.000
1725522163,0.280,0.000
1725522163,0.338,0.000
1725522163,0.297,0.000
1725522163,0.308,0.000
1725522163,0.333,0.000
1725522163,0.248,0.000
1725522163,0.388,0.000
1725522163,0.312,0.000
1725522163,0.351,0.000
1725522163,0.287,0.000
1725522163,0.361,0.000
1725522163,0.409,0.000
1725522163,0.307,0.000
1725522163,0.316,0.000
1725522163,0.333,0.000
1725522163,0.398,0.000
1725522163,0.502,0.000
1725522163,0.603,0.000
1725522163,0.309,0.000
1725522163,0.449,0.000
1725522163,0.300,0.000
1725522163,0.312,0.000
1725522163,0.257,0.000
1725522163,0.339,0.000
1725522163,0.251,0.000
1725522163,0.319,0.000
1725522163,0.500,0.000
1725522163,0.451,0.000
1725522163,0.264,0.000
1725522163,0.331,0.000
1725522163,0.575,0.000
1725522163,0.426,0.000
1725522163,0.340,0.000
1725522163,0.274,0.000
1725522163,0.276,0.000
1725522163,0.374,0.000
1725522163,0.300,0.000
1725522163,0.342,0.000
1725522163,0.385,0.000
1725522163,0.306,0.000
1725522163,0.387,0.000
1725522163,0.272,0.000
1725522163,0.380,0.000
1725522163,0.255,0.000
1725522163,0.277,0.000
1725522163,0.351,0.000
1725522163,0.370,0.000
1725522163,0.323,0.000
1725522163,0.266,0.000
1725522163,0.391,0.000
1725522163,0.252,0.000
1725522163,0.292,0.000
1725522163,0.265,0.000
1725522163,0.340,0.000
1725522163,0.420,0.000
1725522163,0.345,0.000
1725522163,0.355,0.000
1725522163,0.307,0.000
1725522164,0.311,0.000
1725522164,0.348,0.000
1725522164,0.284,0.000
1725522164,0.499,0.000
1725522164,0.452,0.000
1725522164,0.388,0.000
1725522164,0.304,0.000
1725522164,0.370,0.000
1725522164,0.341,0.000
1725522164,0.320,0.000
1725522164,0.322,0.000
1725522164,0.279,0.000
1725522164,0.509,0.000
1725522164,0.275,0.000
1725522164,0.451,0.000
1725522164,0.283,0.000
1725522164,0.330,0.000
1725522164,0.282,0.000
1725522164,0.307,0.000
1725522164,0.295,0.000
1725522164,0.322,0.000
1725522164,0.738,0.000
1725522164,0.368,0.000
1725522164,0.506,0.000
1725522164,0.345,0.000
1725522164,0.260,0.000
1725522164,0.318,0.000
1725522164,0.286,0.000
1725522164,0.268,0.000
1725522164,0.257,0.000
1725522164,0.358,0.000
1725522164,0.302,0.000
1725522164,0.501,0.000
1725522164,0.250,0.000
1725522164,0.296,0.000
1725522164,0.305,0.000
1725522164,0.241,0.000
1725522164,0.495,0.000
1725522164,0.378,0.000
1725522164,0.454,0.000
1725522164,0.317,0.000
1725522164,0.290,0.000
1725522164,0.373,0.000
1725522164,0.270,0.000
1725522164,0.252,0.000
1725522164,0.333,0.000
1725522164,0.364,0.000
1725522164,0.385,0.000
1725522164,0.456,0.000
1725522164,0.387,0.000
1725522164,0.292,0.000
1725522164,0.354,0.000
1725522164,0.297,0.000
1725522164,0.310,0.000
1725522164,0.278,0.000
1725522164,0.406,0.000
1725522164,0.315,0.000
1725522164,0.427,0.000
1725522164,0.316,0.000
1725522164,0.488,0.000
1725522164,0.276,0.000
1725522164,0.335,0.000
1725522164,0.327,0.000
1725522164,0.284,0.000
1725522164,0.347,0.000
1725522164,0.369,0.000
1725522164,0.357,0.000
1725522164,0.793,0.000
1725522164,0.264,0.000
1725522164,0.306,0.000
1725522164,0.278,0.000
1725522164,0.319,0.000
1725522164,0.316,0.000
1725522164,0.295,0.000
1725522164,0.330,0.000
1725522164,0.355,0.000
1725522164,0.450,0.000
1725522164,0.380,0.000
1725522164,0.439,0.000
1725522164,0.381,0.000
1725522164,0.316,0.000
1725522164,0.352,0.000
1725522164,0.283,0.000
1725522164,0.250,0.000
1725522164,0.347,0.000
1725522164,0.332,0.000
1725522164,0.262,0.000
1725522164,0.337,0.000
1725522164,0.396,0.000
1725522164,0.292,0.000
1725522164,0.495,0.000
1725522164,0.286,0.000
1725522164,0.328,0.000
1725522164,0.280,0.000
1725522164,0.334,0.000
1725522164,0.332,0.000
1725522164,0.239,0.000
1725522164,0.379,0.000
1725522164,0.268,0.000
1725522164,0.321,0.000
1725522164,0.299,0.000
1725522164,0.321,0.000
1725522164,0.342,0.000
1725522164,0.411,0.000
1725522164,0.313,0.000
1725522164,0.376,0.000
1725522164,0.425,0.000
1725522164,0.304,0.000
1725522164,0.385,0.000
1725522164,0.282,0.000
1725522164,0.507,0.000
1725522164,0.308,0.000
1725522164,0.339,0.000
1725522164,0.262,0.000
1725522164,0.251,0.000
1725522164,0.351,0.000
1725522164,0.375,0.000
1725522164,0.261,0.000
1725522164,0.303,0.000
1725522164,0.295,0.000
1725522164,0.305,0.000
1725522164,0.274,0.000
1725522164,0.310,0.000
1725522164,0.280,0.000
1725522164,0.409,0.000
1725522164,0.310,0.000
1725522164,0.592,0.000
1725522164,0.247,0.000
1725522164,0.292,0.000
1725522164,0.299,0.000
1725522164,0.247,0.000
1725522164,0.392,0.000
1725522164,0.278,0.000
1725522164,0.359,0.000
1725522164,0.318,0.000
1725522164,0.356,0.000
1725522164,0.338,0.000
1725522164,0.533,0.000
1725522164,0.455,0.000
1725522164,0.338,0.000
1725522164,0.323,0.000
1725522164,0.496,0.000
1725522164,0.260,0.000
1725522164,0.368,0.000
1725522164,0.347,0.000
1725522164,0.278,0.000
1725522164,0.320,0.000
1725522164,0.329,0.000
1725522164,0.279,0.000
1725522164,0.329,0.000
1725522164,0.332,0.000
1725522164,0.441,0.000
1725522164,0.263,0.000
1725522164,0.291,0.000
1725522164,0.433,0.000
1725522164,0.284,0.000
1725522164,0.354,0.000
1725522164,0.470,0.000
1725522164,0.284,0.000
1725522164,0.262,0.000
1725522164,0.302,0.000
1725522164,0.343,0.000
1725522164,0.287,0.000
1725522164,0.360,0.000
1725522164,0.328,0.000
1725522164,0.341,0.000
1725522164,0.260,0.000
1725522164,0.313,0.000
1725522164,0.309,0.000
1725522164,0.368,0.000
1725522164,0.366,0.000
1725522164,0.375,0.000
1725522164,0.389,0.000
1725522164,0.303,0.000
1725522164,0.348,0.000
1725522164,0.343,0.000
1725522164,0.251,0.000
1725522164,0.343,0.000
1725522164,0.317,0.000
1725522164,0.338,0.000
1725522164,0.322,0.000
1725522165,0.665,0.000
1725522165,0.410,0.000
1725522165,0.476,0.000
1725522165,0.321,0.000
1725522165,0.302,0.000
1725522165,0.572,0.000
1725522165,0.310,0.000
1725522165,0.334,0.000
1725522165,0.331,0.000
1725522165,0.267,0.000
1725522165,0.311,0.000
1725522165,0.370,0.000
1725522165,0.252,0.000
1725522165,0.380,0.000
1725522165,0.361,0.000
1725522165,0.255,0.000
1725522165,0.317,0.000
1725522165,0.255,0.000
1725522165,0.329,0.000
1725522165,0.354,0.000
1725522165,0.394,0.000
1725522165,0.391,0.000
1725522165,0.357,0.000
1725522165,0.311,0.000
1725522165,0.342,0.000
1725522165,0.539,0.000
1725522165,0.380,0.000
1725522165,0.320,0.000
1725522165,0.588,0.000
1725522165,0.295,0.000
1725522165,0.299,0.000
1725522165,0.334,0.000
1725522165,0.306,0.000
1725522165,0.387,0.000
1725522165,0.345,0.000
1725522165,0.330,0.000
1725522165,0.536,0.000
1725522165,0.324,0.000
1725522165,0.239,0.000
1725522165,0.289,0.000
1725522165,0.283,0.000
1725522165,0.331,0.000
1725522165,0.330,0.000
1725522165,0.329,0.000
1725522165,0.299,0.000
1725522165,0.369,0.000
1725522165,0.349,0.000
1725522165,0.340,0.000
1725522165,0.378,0.000
1725522165,0.378,0.000
1725522165,0.337,0.000
1725522165,0.353,0.000
1725522165,0.405,0.000
1725522165,0.273,0.000
1725522165,0.331,0.000
1725522165,0.292,0.000
1725522165,0.360,0.000
1725522165,0.408,0.000
1725522165,0.337,0.000
1725522165,0.426,0.000
1725522165,0.223,0.000
1725522165,0.362,0.000
1725522165,0.399,0.000
1725522165,0.347,0.000
1725522165,0.387,0.000
1725522165,0.302,0.000
1725522165,0.271,0.000
1725522165,0.359,0.000
1725522165,0.454,0.000
1725522165,0.545,0.000
1725522165,0.314,0.000
1725522165,0.603,0.000
1725522165,0.280,0.000
1725522165,0.248,0.000
1725522165,0.396,0.000
1725522165,0.344,0.000
1725522165,0.294,0.000
1725522165,0.437,0.000
1725522165,0.290,0.000
1725522165,0.349,0.000
1725522165,0.253,0.000
1725522165,0.393,0.000
1725522165,0.304,0.000
1725522165,0.299,0.000
1725522165,0.295,0.000
1725522165,0.405,0.000
1725522165,0.354,0.000
1725522165,0.279,0.000
1725522165,0.320,0.000
1725522165,0.280,0.000
1725522165,0.342,0.000
1725522165,0.253,0.000
1725522165,0.337,0.000
1725522165,0.299,0.000
1725522165,0.275,0.000
1725522165,0.386,0.000
1725522165,0.290,0.000
1725522165,0.401,0.000
1725522165,0.421,0.000
1725522165,0.269,0.000
1725522165,0.296,0.000
1725522165,0.290,0.000
1725522165,0.420,0.000
1725522165,0.254,0.000
1725522165,0.364,0.000
1725522165,0.353,0.000
1725522165,0.438,0.000
1725522165,0.321,0.000
1725522165,0.245,0.000
1725522165,0.304,0.000
1725522165,0.261,0.000
1725522165,0.366,0.000
1725522165,0.343,0.000
1725522165,0.331,0.000
1725522165,0.481,0.000
1725522165,0.399,0.000
1725522165,0.341,0.000
1725522165,0.400,0.000
1725522165,0.246,0.000
1725522165,0.315,0.000
1725522165,0.483,0.000
1725522165,0.283,0.000
1725522165,0.281,0.000
1725522165,0.265,0.000
1725522165,0.386,0.000
1725522165,0.356,0.000
1725522165,0.362,0.000
1725522165,0.277,0.000
1725522165,0.379,0.000
1725522165,0.422,0.000
1725522165,0.278,0.000
1725522165,0.346,0.000
1725522165,0.369,0.000
1725522165,0.306,0.000
1725522165,0.291,0.000
1725522165,0.317,0.000
1725522165,0.279,0.000
1725522165,0.390,0.000
1725522165,0.276,0.000
1725522165,0.271,0.000
1725522165,0.283,0.000
1725522165,0.361,0.000
1725522165,0.283,0.000
1725522165,0.336,0.000
1725522165,0.274,0.000
1725522165,0.353,0.000
1725522165,0.330,0.000
1725522165,0.228,0.000
1725522165,0.345,0.000
1725522165,0.345,0.000
1725522165,0.399,0.000
1725522165,0.287,0.000
1725522165,0.370,0.000
1725522165,0.327,0.000
1725522165,0.255,0.000
1725522165,0.357,0.000
1725522165,0.272,0.000
1725522165,0.334,0.000
1725522165,0.313,0.000
1725522165,0.305,0.000
1725522165,0.319,0.000
1725522165,0.257,0.000
1725522165,0.290,0.000
1725522165,0.245,0.000
1725522165,0.275,0.000
1725522165,0.329,0.000
1725522165,0.393,0.000
1725522165,0.296,0.000
1725522166,0.391,0.000
1725522166,0.321,0.000
1725522166,0.487,0.000
1725522166,0.421,0.000
1725522166,0.277,0.000
1725522166,0.343,0.000
1725522166,0.586,0.000
1725522166,0.305,0.000
1725522166,0.397,0.000
1725522166,0.317,0.000
1725522166,0.341,0.000
1725522166,0.319,0.000
1725522166,0.563,0.000
1725522166,0.391,0.000
1725522166,0.333,0.000
1725522166,0.277,0.000
1725522166,0.384,0.000
1725522166,0.278,0.000
1725522166,0.402,0.000
1725522166,0.339,0.000
1725522166,0.477,0.000
1725522166,0.283,0.000
1725522166,0.315,0.000
1725522166,1.159,0.000
1725522166,0.286,0.000
1725522166,0.363,0.000
1725522166,0.310,0.000
1725522166,0.377,0.000
1725522166,0.297,0.000
1725522166,0.273,0.000
1725522166,0.327,0.000
1725522166,0.398,0.000
1725522166,0.392,0.000
1725522166,0.309,0.000
1725522166,0.329,0.000
1725522166,0.279,0.000
1725522166,0.326,0.000
1725522166,0.380,0.000
1725522166,0.276,0.000
1725522166,0.393,0.000
1725522166,0.245,0.000
1725522166,0.354,0.000
1725522166,0.339,0.000
1725522166,0.229,0.000
1725522166,0.268,0.000
1725522166,0.277,0.000
1725522166,0.274,0.000
1725522166,0.312,0.000
1725522166,0.295,0.000
1725522166,0.409,0.000
1725522166,0.313,0.000
1725522166,0.267,0.000
1725522166,0.312,0.000
1725522166,0.283,0.000
1725522166,0.398,0.000
1725522166,0.365,0.000
1725522166,0.355,0.000
1725522166,0.358,0.000
1725522166,0.329,0.000
1725522166,0.581,0.000
1725522166,0.253,0.000
1725522166,0.308,0.000
1725522166,0.243,0.000
1725522166,0.318,0.000
1725522166,0.384,0.000
1725522166,0.319,0.000
1725522166,0.277,0.000
1725522166,0.673,0.000
1725522166,0.268,0.000
1725522166,0.359,0.000
1725522166,0.348,0.000
1725522166,0.286,0.000
1725522166,0.326,0.000
1725522166,0.410,0.000
1725522166,0.253,0.000
1725522166,0.277,0.000
1725522166,0.436,0.000
1725522166,0.351,0.000
1725522166,0.285,0.000
1725522166,0.323,0.000
1725522166,0.299,0.000
1725522166,0.445,0.000
1725522166,0.386,0.000
1725522166,0.396,0.000
1725522166,0.287,0.000
1725522166,0.252,0.000
1725522166,0.354,0.000
1725522166,0.355,0.000
1725522166,0.304,0.000
1725522166,0.428,0.000
1725522166,0.277,0.000
1725522166,0.272,0.000
1725522166,0.290,0.000
1725522166,0.500,0.000
1725522166,0.266,0.000
1725522166,0.297,0.000
1725522166,0.340,0.000
1725522166,0.338,0.000
1725522166,0.408,0.000
1725522166,0.301,0.000
1725522166,0.470,0.000
1725522166,0.257,0.000
1725522166,0.226,0.000
1725522166,0.404,0.000
1725522166,0.472,0.000
1725522166,0.360,0.000
1725522166,0.321,0.000
1725522166,0.294,0.000
1725522166,0.286,0.000
1725522166,0.424,0.000
1725522166,0.297,0.000
1725522166,0.360,0.000
1725522166,0.315,0.000
1725522166,0.589,0.000
1725522166,0.365,0.000
1725522166,0.271,0.000
1725522166,0.291,0.000
1725522166,0.580,0.000
1725522166,0.243,0.000
1725522166,0.245,0.000
1725522166,0.513,0.000
1725522166,0.299,0.000
1725522166,0.523,0.000
1725522166,0.365,0.000
1725522166,0.345,0.000
1725522166,0.312,0.000
1725522166,0.308,0.000
1725522166,0.283,0.000
1725522166,0.347,0.000
1725522166,0.278,0.000
1725522166,0.316,0.000
1725522166,0.323,0.000
1725522166,0.246,0.000
1725522166,0.295,0.000
1725522166,0.333,0.000
1725522166,0.288,0.000
1725522166,0.285,0.000
1725522166,0.299,0.000
1725522166,0.315,0.000
1725522166,0.294,0.000
1725522166,0.469,0.000
1725522166,0.322,0.000
1725522166,0.324,0.000
1725522166,0.331,0.000
1725522166,0.388,0.000
1725522166,0.366,0.000
1725522166,0.232,0.000
1725522166,0.372,0.000
1725522166,0.368,0.000
1725522166,0.401,0.000
1725522166,0.293,0.000
1725522166,0.328,0.000
1725522166,0.467,0.000
1725522166,0.314,0.000
1725522166,0.311,0.000
1725522166,0.332,0.000
1725522166,0.254,0.000
1725522166,0.358,0.000
1725522166,0.343,0.000
1725522166,0.572,0.000
1725522166,0.311,0.000
1725522166,0.246,0.000
1725522166,0.288,0.000
1725522166,0.344,0.000
1725522166,0.333,0.000
1725522166,0.335,0.000
1725522166,0.336,0.000
1725522166,0.313,0.000
1725522166,0.352,0.000
1725522166,0.344,0.000
1725522166,0.397,0.000
1725522166,0.305,0.000
1725522166,0.299,0.000
1725522166,0.434,0.000
1725522166,0.326,0.000
1725522166,0.273,0.000
1725522166,0.244,0.000
1725522166,0.468,0.000
1725522167,0.251,0.000
1725522167,0.311,0.000
1725522167,0.316,0.000
1725522167,0.290,0.000
1725522167,0.267,0.000
1725522167,0.292,0.000
1725522167,0.355,0.000
1725522167,0.566,0.000
1725522167,0.400,0.000
1725522167,0.256,0.000
1725522167,0.280,0.000
1725522167,0.339,0.000
1725522167,0.370,0.000
1725522167,0.518,0.000
1725522167,0.514,0.000
1725522167,0.309,0.000
1725522167,0.395,0.000
1725522167,0.254,0.000
1725522167,0.436,0.000
1725522167,0.744,0.000
1725522167,0.334,0.000
1725522167,0.291,0.000
1725522167,0.311,0.000
1725522167,0.547,0.000
1725522167,0.381,0.000
1725522167,0.312,0.000
1725522167,0.372,0.000
1725522167,0.266,0.000
1725522167,0.339,0.000
1725522167,0.319,0.000
1725522167,0.382,0.000
1725522167,0.320,0.000
1725522167,0.353,0.000
1725522167,0.485,0.000
1725522167,0.456,0.000
1725522167,0.304,0.000
1725522167,0.322,0.000
1725522167,0.338,0.000
1725522167,0.412,0.000
1725522167,0.270,0.000
1725522167,0.445,0.000
1725522167,0.345,0.000
1725522167,0.360,0.000
1725522167,0.382,0.000
1725522167,0.307,0.000
1725522167,0.278,0.000
1725522167,0.269,0.000
1725522167,0.349,0.000
1725522167,0.297,0.000
1725522167,0.404,0.000
1725522167,0.233,0.000
1725522167,0.386,0.000
1725522167,0.324,0.000
1725522167,0.291,0.000
1725522167,0.304,0.000
1725522167,0.278,0.000
1725522167,0.327,0.000
1725522167,0.385,0.000
1725522167,0.478,0.000
1725522167,0.378,0.000
1725522167,0.317,0.000
1725522167,0.397,0.000
1725522167,0.395,0.000
1725522167,0.345,0.000
1725522167,0.263,0.000
1725522167,0.395,0.000
1725522167,0.419,0.000
1725522167,0.320,0.000
1725522167,0.298,0.000
1725522167,0.294,0.000
1725522167,0.261,0.000
1725522167,0.375,0.000
1725522167,0.518,0.000
1725522167,0.308,0.000
1725522167,0.400,0.000
1725522167,0.299,0.000
1725522167,0.389,0.000
1725522167,0.303,0.000
1725522167,0.424,0.000
1725522167,0.221,0.000
1725522167,0.395,0.000
1725522167,0.218,0.000
1725522167,0.343,0.000
1725522167,0.333,0.000
1725522167,0.251,0.000
1725522167,0.348,0.000
1725522167,0.401,0.000
1725522167,0.463,0.000
1725522167,0.265,0.000
1725522167,0.291,0.000
1725522167,0.333,0.000
1725522167,0.283,0.000
1725522167,0.382,0.000
1725522167,0.253,0.000
1725522167,0.362,0.000
1725522167,0.334,0.000
1725522167,0.337,0.000
1725522167,0.355,0.000
1725522167,0.302,0.000
1725522167,0.384,0.000
1725522167,0.452,0.000
1725522167,0.358,0.000
1725522167,0.279,0.000
1725522167,0.405,0.000
1725522167,0.344,0.000
1725522167,0.681,0.000
1725522167,0.349,0.000
1725522167,0.399,0.000
1725522167,0.304,0.000
1725522167,0.303,0.000
1725522167,0.400,0.000
1725522167,0.419,0.000
1725522167,0.365,0.000
1725522167,0.381,0.000
1725522167,0.271,0.000
1725522167,0.478,0.000
1725522167,0.258,0.000
1725522167,0.323,0.000
1725522167,0.377,0.000
1725522167,0.293,0.000
1725522167,0.261,0.000
1725522167,0.343,0.000
1725522167,0.379,0.000
1725522167,0.341,0.000
1725522167,0.329,0.000
1725522167,0.258,0.000
1725522167,0.378,0.000
1725522167,0.366,0.000
1725522167,0.581,0.000
1725522167,0.321,0.000
1725522167,0.335,0.000
1725522167,0.370,0.000
1725522167,0.288,0.000
1725522167,0.352,0.000
1725522167,0.246,0.000
1725522167,0.451,0.000
1725522167,0.262,0.000
1725522167,0.419,0.000
1725522167,0.319,0.000
1725522167,0.324,0.000
1725522167,0.341,0.000
1725522167,0.304,0.000
1725522167,0.337,0.000
1725522167,0.379,0.000
1725522167,0.302,0.000
1725522167,0.427,0.000
1725522167,0.292,0.000
1725522167,0.514,0.000
1725522167,0.280,0.000
1725522167,0.330,0.000
1725522167,0.286,0.000
1725522167,0.309,0.000
1725522167,0.327,0.000
1725522167,0.293,0.000
1725522167,0.444,0.000
1725522167,0.315,0.000
1725522167,0.248,0.000
1725522167,0.256,0.000
1725522167,0.282,0.000
1725522167,0.282,0.000
1725522167,0.378,0.000
1725522167,0.374,0.000
1725522167,0.306,0.000
1725522167,0.318,0.000
1725522167,0.834,0.000
1725522167,0.426,0.000
1725522167,0.352,0.000
1725522167,0.373,0.000
1725522167,0.406,0.000
1725522167,0.247,0.000
1725522167,0.287,0.000
1725522168,0.294,0.000
1725522168,0.403,0.000
1725522168,0.294,0.000
1725522168,0.763,0.000
1725522168,0.253,0.000
1725522168,0.365,0.000
1725522168,0.394,0.000
1725522168,0.582,0.000
1725522168,0.351,0.000
1725522168,0.385,0.000
1725522168,0.369,0.000
1725522168,0.255,0.000
1725522168,0.340,0.000
1725522168,0.362,0.000
1725522168,0.345,0.000
1725522168,0.304,0.000
1725522168,0.271,0.000
1725522168,0.401,0.000
1725522168,0.331,0.000
1725522168,0.282,0.000
1725522168,0.341,0.000
1725522168,0.344,0.000
1725522168,0.338,0.000
1725522168,0.331,0.000
1725522168,0.433,0.000
1725522168,0.358,0.000
1725522168,0.280,0.000
1725522168,0.283,0.000
1725522168,0.417,0.000
1725522168,0.260,0.000
1725522168,0.532,0.000
1725522168,0.322,0.000
1725522168,0.276,0.000
1725522168,0.297,0.000
1725522168,0.279,0.000
1725522168,0.351,0.000
1725522168,0.312,0.000
1725522168,0.269,0.000
1725522168,0.362,0.000
1725522168,0.371,0.000
1725522168,0.304,0.000
1725522168,0.376,0.000
1725522168,0.314,0.000
1725522168,0.305,0.000
1725522168,0.371,0.000
1725522168,0.305,0.000
1725522168,0.261,0.000
1725522168,0.348,0.000
1725522168,0.306,0.000
1725522168,0.287,0.000
1725522168,0.283,0.000
1725522168,0.301,0.000
1725522168,0.388,0.000
1725522168,0.401,0.000
1725522168,0.297,0.000
1725522168,0.268,0.000
1725522168,0.350,0.000
1725522168,0.313,0.000
1725522168,0.364,0.000
1725522168,0.289,0.000
1725522168,0.392,0.000
1725522168,0.307,0.000
1725522168,0.308,0.000
1725522168,0.328,0.000
1725522168,0.340,0.000
1725522168,0.434,0.000
1725522168,0.335,0.000
1725522168,0.246,0.000
1725522168,0.337,0.000
1725522168,0.334,0.000
1725522168,0.412,0.000
1725522168,0.338,0.000
1725522168,0.293,0.000
1725522168,0.289,0.000
1725522168,0.286,0.000
1725522168,0.260,0.000
1725522168,0.300,0.000
1725522168,0.259,0.000
1725522168,0.391,0.000
1725522168,0.341,0.000
1725522168,0.368,0.000
1725522168,0.308,0.000
1725522168,0.553,0.000
1725522168,0.302,0.000
1725522168,0.464,0.000
1725522168,0.266,0.000
1725522168,0.360,0.000
1725522168,0.338,0.000
1725522168,0.346,0.000
1725522168,0.297,0.000
1725522168,0.401,0.000
1725522168,0.357,0.000
1725522168,0.267,0.000
1725522168,0.380,0.000
1725522168,0.340,0.000
1725522168,0.335,0.000
1725522168,0.357,0.000
1725522168,0.820,0.000
1725522168,0.294,0.000
1725522168,0.370,0.000
1725522168,0.274,0.000
1725522168,0.398,0.000
1725522168,0.339,0.000
1725522168,0.362,0.000
1725522168,0.336,0.000
1725522168,0.302,0.000
1725522168,0.279,0.000
1725522168,0.396,0.000
1725522168,0.513,0.000
1725522168,0.330,0.000
1725522168,0.361,0.000
1725522168,0.334,0.000
1725522168,0.301,0.000
1725522168,0.289,0.000
1725522168,0.394,0.000
1725522168,0.331,0.000
1725522168,0.248,0.000
1725522168,0.246,0.000
1725522168,0.298,0.000
1725522168,0.438,0.000
1725522168,0.350,0.000
1725522168,0.498,0.000
1725522168,0.417,0.000
1725522168,0.299,0.000
1725522168,0.250,0.000
1725522168,0.336,0.000
1725522168,0.630,0.000
1725522168,0.388,0.000
1725522168,0.375,0.000
1725522168,0.271,0.000
1725522168,0.252,0.000
1725522168,0.398,0.000
1725522168,0.373,0.000
1725522168,0.310,0.000
1725522168,0.314,0.000
1725522168,0.326,0.000
1725522168,0.403,0.000
1725522168,0.301,0.000
1725522168,0.250,0.000
1725522168,0.345,0.000
1725522168,0.296,0.000
1725522168,0.268,0.000
1725522168,0.278,0.000
1725522168,0.329,0.000
1725522168,0.361,0.000
1725522168,0.448,0.000
1725522168,0.357,0.000
1725522168,0.915,0.000
1725522168,0.344,0.000
1725522168,0.247,0.000
1725522168,0.341,0.000
1725522168,0.302,0.000
1725522168,0.302,0.000
1725522168,0.338,0.000
1725522168,0.308,0.000
1725522168,0.418,0.000
1725522168,0.327,0.000
1725522168,0.428,0.000
1725522168,0.295,0.000
1725522168,0.370,0.000
1725522168,0.375,0.000
1725522168,0.342,0.000
1725522168,0.383,0.000
1725522168,0.376,0.000
1725522168,0.283,0.000
1725522168,0.437,0.000
1725522168,0.358,0.000
1725522168,0.469,0.000
1725522168,0.288,0.000
1725522169,0.361,0.000
1725522169,0.326,0.000
1725522169,0.429,0.000
1725522169,0.302,0.000
1725522169,0.426,0.000
1725522169,0.336,0.000
1725522169,0.274,0.000
1725522169,0.599,0.000
1725522169,0.345,0.000
1725522169,0.300,0.000
1725522169,0.360,0.000
1725522169,0.399,0.000
1725522169,0.326,0.000
1725522169,0.297,0.000
1725522169,0.300,0.000
1725522169,0.370,0.000
1725522169,0.279,0.000
1725522169,0.273,0.000
1725522169,0.375,0.000
1725522169,0.266,0.000
1725522169,0.287,0.000
1725522169,0.325,0.000
1725522169,0.378,0.000
1725522169,0.325,0.000
1725522169,0.332,0.000
1725522169,0.256,0.000
1725522169,0.427,0.000
1725522169,0.314,0.000
1725522169,0.277,0.000
1725522169,0.245,0.000
1725522169,0.444,0.000
1725522169,0.402,0.000
1725522169,0.292,0.000
1725522169,0.303,0.000
1725522169,0.257,0.000
1725522169,0.532,0.000
1725522169,0.305,0.000
1725522169,0.299,0.000
1725522169,0.395,0.000
1725522169,0.371,0.000
1725522169,0.418,0.000
1725522169,0.340,0.000
1725522169,0.322,0.000
1725522169,0.491,0.000
1725522169,0.309,0.000
1725522169,0.358,0.000
1725522169,0.473,0.000
1725522169,0.351,0.000
1725522169,0.388,0.000
1725522169,0.285,0.000
1725522169,0.267,0.000
1725522169,0.360,0.000
1725522169,0.271,0.000
1725522169,0.424,0.000
1725522169,0.347,0.000
1725522169,0.390,0.000
1725522169,0.318,0.000
1725522169,0.239,0.000
1725522169,0.462,0.000
1725522169,0.286,0.000
1725522169,0.297,0.000
1725522169,0.321,0.000
1725522169,0.399,0.000
1725522169,0.371,0.000
1725522169,0.298,0.000
1725522169,0.386,0.000
1725522169,0.426,0.000
1725522169,0.296,0.000
1725522169,0.394,0.000
1725522169,0.303,0.000
1725522169,0.327,0.000
1725522169,0.315,0.000
1725522169,0.295,0.000
1725522169,0.399,0.000
1725522169,0.506,0.000
1725522169,0.543,0.000
1725522169,0.428,0.000
1725522169,0.425,0.000
1725522169,0.299,0.000
1725522169,0.579,0.000
1725522169,0.304,0.000
1725522169,0.339,0.000
1725522169,0.461,0.000
1725522169,0.438,0.000
1725522169,0.376,0.000
1725522169,0.303,0.000
1725522169,0.366,0.000
1725522169,0.306,0.000
1725522169,0.298,0.000
1725522169,0.383,0.000
1725522169,0.330,0.000
1725522169,0.311,0.000
1725522169,0.438,0.000
1725522169,0.351,0.000
1725522169,0.313,0.000
1725522169,0.337,0.000
1725522169,0.274,0.000
1725522169,0.304,0.000
1725522169,0.306,0.000
1725522169,0.331,0.000
1725522169,0.555,0.000
1725522169,0.454,0.000
1725522169,0.424,0.000
1725522169,0.227,0.000
1725522169,0.366,0.000
1725522169,0.383,0.000
1725522169,0.249,0.000
1725522169,0.345,0.000
1725522169,0.358,0.000
1725522169,0.254,0.000
1725522169,0.300,0.000
1725522169,0.386,0.000
1725522169,0.450,0.000
1725522169,0.313,0.000
1725522169,0.335,0.000
1725522169,0.372,0.000
1725522169,0.334,0.000
1725522169,0.284,0.000
1725522169,0.473,0.000
1725522169,0.362,0.000
1725522169,0.455,0.000
1725522169,0.300,0.000
1725522169,0.246,0.000
1725522169,0.367,0.000
1725522169,0.328,0.000
1725522169,0.364,0.000
1725522169,0.291,0.000
1725522169,0.338,0.000
1725522169,0.306,0.000
1725522169,0.320,0.000
1725522169,0.311,0.000
1725522169,0.317,0.000
1725522169,0.306,0.000
1725522169,0.268,0.000
1725522169,0.343,0.000
1725522169,0.357,0.000
1725522169,0.327,0.000
1725522169,0.372,0.000
1725522169,0.274,0.000
1725522169,0.389,0.000
1725522169,0.331,0.000
1725522169,0.376,0.000
1725522169,0.318,0.000
1725522169,0.299,0.000
1725522169,0.364,0.000
1725522169,0.283,0.000
1725522169,0.297,0.000
1725522169,0.457,0.000
1725522169,0.380,0.000
1725522169,0.335,0.000
1725522169,0.308,0.000
1725522169,0.262,0.000
1725522169,0.300,0.000
1725522169,0.325,0.000
1725522169,0.325,0.000
1725522169,0.326,0.000
1725522169,0.427,0.000
1725522169,0.455,0.000
1725522169,0.299,0.000
1725522169,0.346,0.000
1725522169,0.391,0.000
1725522169,0.358,0.000
1725522169,0.325,0.000
1725522169,0.357,0.000
1725522169,0.295,0.000
1725522169,0.533,0.000
1725522169,0.371,0.000
1725522169,0.355,0.000
1725522169,0.341,0.000
1725522169,0.335,0.000
1725522169,0.348,0.000
1725522169,0.287,0.000
1725522169,0.300,0.000
1725522169,0.351,0.000
1725522169,0.368,0.000
1725522169,0.355,0.000
1725522170,0.304,0.000
1725522170,0.354,0.000
1725522170,0.417,0.000
1725522170,0.278,0.000
1725522170,0.269,0.000
1725522170,0.406,0.000
1725522170,0.322,0.000
1725522170,0.334,0.000
1725522170,0.474,0.000
1725522170,0.410,0.000
1725522170,0.355,0.000
1725522170,0.300,0.000
1725522170,0.253,0.000
1725522170,0.299,0.000
1725522170,0.289,0.000
1725522170,0.289,0.000
1725522170,0.383,0.000
1725522170,0.270,0.000
1725522170,0.397,0.000
1725522170,0.275,0.000
1725522170,0.324,0.000
1725522170,0.388,0.000
1725522170,0.288,0.000
1725522170,0.552,0.000
1725522170,0.268,0.000
1725522170,0.334,0.000
1725522170,0.364,0.000
1725522170,0.327,0.000
1725522170,0.318,0.000
1725522170,0.334,0.000
1725522170,0.361,0.000
1725522170,0.366,0.000
1725522170,0.288,0.000
1725522170,0.436,0.000
1725522170,0.412,0.000
1725522170,0.279,0.000
1725522170,0.403,0.000
1725522170,0.237,0.000
1725522170,0.645,0.000
1725522170,0.379,0.000
1725522170,0.300,0.000
1725522170,0.304,0.000
1725522170,0.253,0.000
1725522170,0.289,0.000
1725522170,0.356,0.000
1725522170,0.293,0.000
1725522170,0.351,0.000
1725522170,0.356,0.000
1725522170,0.321,0.000
1725522170,0.337,0.000
1725522170,0.299,0.000
1725522170,0.325,0.000
1725522170,0.301,0.000
1725522170,0.294,0.000
1725522170,0.305,0.000
1725522170,0.283,0.000
1725522170,0.310,0.000
1725522170,0.280,0.000
1725522170,0.438,0.000
1725522170,0.340,0.000
1725522170,0.366,0.000
1725522170,0.364,0.000
1725522170,0.312,0.000
1725522170,0.294,0.000
1725522170,0.296,0.000
1725522170,0.319,0.000
1725522170,0.364,0.000
1725522170,0.314,0.000
1725522170,0.241,0.000
1725522170,0.346,0.000
1725522170,0.336,0.000
1725522170,0.410,0.000
1725522170,0.290,0.000
1725522170,0.309,0.000
1725522170,0.585,0.000
1725522170,0.224,0.000
1725522170,0.310,0.000
1725522170,0.301,0.000
1725522170,0.252,0.000
1725522170,0.256,0.000
1725522170,0.510,0.000
1725522170,0.319,0.000
1725522170,0.305,0.000
1725522170,0.317,0.000
1725522170,0.378,0.000
1725522170,0.577,0.000
1725522170,0.304,0.000
1725522170,0.329,0.000
1725522170,0.346,0.000
1725522170,0.383,0.000
1725522170,0.341,0.000
1725522170,0.262,0.000
1725522170,0.324,0.000
1725522170,0.354,0.000
1725522170,0.256,0.000
1725522170,0.249,0.000
1725522170,0.363,0.000
1725522170,0.314,0.000
1725522170,0.279,0.000
1725522170,0.386,0.000
1725522170,0.290,0.000
1725522170,0.292,0.000
1725522170,0.420,0.000
1725522170,0.296,0.000
1725522170,0.206,0.000
1725522170,0.325,0.000
1725522170,0.434,0.000
1725522170,0.302,0.000
1725522170,0.353,0.000
1725522170,0.386,0.000
1725522170,0.336,0.000
1725522170,0.403,0.000
1725522170,0.282,0.000
1725522170,0.389,0.000
1725522170,0.287,0.000
1725522170,0.316,0.000
1725522170,0.334,0.000
1725522170,0.269,0.000
1725522170,0.407,0.000
1725522170,0.320,0.000
1725522170,0.349,0.000
1725522170,0.251,0.000
1725522170,0.379,0.000
1725522170,0.287,0.000
1725522170,0.316,0.000
1725522170,0.255,0.000
1725522170,0.417,0.000
1725522170,0.357,0.000
1725522170,0.258,0.000
1725522170,0.354,0.000
1725522170,0.521,0.000
1725522170,0.308,0.000
1725522170,0.322,0.000
1725522170,0.469,0.000
1725522170,0.366,0.000
1725522170,0.282,0.000
1725522170,0.555,0.000
1725522170,0.274,0.000
1725522170,0.310,0.000
1725522170,0.282,0.000
1725522170,0.287,0.000
1725522170,0.334,0.000
1725522170,0.278,0.000
1725522170,0.284,0.000
1725522170,0.301,0.000
1725522170,0.262,0.000
1725522170,0.298,0.000
1725522170,0.298,0.000
1725522170,0.337,0.000
1725522170,0.267,0.000
1725522170,0.650,0.000
1725522170,0.395,0.000
1725522170,0.300,0.000
1725522170,0.379,0.000
1725522170,0.291,0.000
1725522170,0.332,0.000
1725522170,0.388,0.000
1725522170,0.413,0.000
1725522170,0.273,0.000
1725522170,0.314,0.000
1725522170,0.369,0.000
1725522170,0.431,0.000
1725522170,0.404,0.000
1725522170,0.306,0.000
1725522170,0.352,0.000
1725522170,0.284,0.000
1725522170,0.315,0.000
1725522170,0.312,0.000
1725522170,0.295,0.000
1725522170,0.268,0.000
1725522170,0.291,0.000
1725522170,0.309,0.000
1725522170,0.278,0.000
1725522171,0.294,0.000
1725522171,0.251,0.000
1725522171,0.250,0.000
1725522171,0.310,0.000
1725522171,0.356,0.000
1725522171,0.447,0.000
1725522171,0.633,0.000
1725522171,0.344,0.000
1725522171,0.514,0.000
1725522171,0.331,0.000
1725522171,0.367,0.000
1725522171,0.329,0.000
1725522171,0.319,0.000
1725522171,0.304,0.000
1725522171,0.369,0.000
1725522171,0.333,0.000
1725522171,0.410,0.000
1725522171,0.267,0.000
1725522171,0.534,0.000
1725522171,0.350,0.000
1725522171,0.430,0.000
1725522171,0.502,0.000
1725522171,0.379,0.000
1725522171,0.286,0.000
1725522171,0.258,0.000
1725522171,0.433,0.000
1725522171,0.251,0.000
1725522171,0.397,0.000
1725522171,0.281,0.000
1725522171,0.420,0.000
1725522171,0.340,0.000
1725522171,0.332,0.000
1725522171,0.319,0.000
1725522171,0.299,0.000
1725522171,0.324,0.000
1725522171,0.279,0.000
1725522171,0.320,0.000
1725522171,0.316,0.000
1725522171,0.302,0.000
1725522171,0.283,0.000
1725522171,0.459,0.000
1725522171,0.339,0.000
1725522171,0.302,0.000
1725522171,0.264,0.000
1725522171,0.469,0.000
1725522171,0.285,0.000
1725522171,0.478,0.000
1725522171,0.275,0.000
1725522171,0.267,0.000
1725522171,0.454,0.000
1725522171,0.326,0.000
1725522171,0.365,0.000
1725522171,0.263,0.000
1725522171,0.299,0.000
1725522171,0.357,0.000
1725522171,0.342,0.000
1725522171,0.325,0.000
1725522171,0.274,0.000
1725522171,0.315,0.000
1725522171,0.316,0.000
1725522171,0.297,0.000
1725522171,0.287,0.000
1725522171,0.273,0.000
1725522171,0.350,0.000
1725522171,0.341,0.000
1725522171,0.274,0.000
1725522171,0.283,0.000
1725522171,0.334,0.000
1725522171,0.272,0.000
1725522171,0.352,0.000
1725522171,0.405,0.000
1725522171,0.348,0.000
1725522171,0.327,0.000
1725522171,0.567,0.000
1725522171,0.548,0.000
1725522171,0.409,0.000
1725522171,0.320,0.000
1725522171,0.305,0.000
1725522171,0.298,0.000
1725522171,0.366,0.000
1725522171,0.350,0.000
1725522171,0.260,0.000
1725522171,0.311,0.000
1725522171,0.304,0.000
1725522171,0.360,0.000
1725522171,0.259,0.000
1725522171,0.280,0.000
1725522171,0.311,0.000
1725522171,0.362,0.000
1725522171,0.310,0.000
1725522171,0.269,0.000
1725522171,0.303,0.000
1725522171,0.375,0.000
1725522171,0.483,0.000
1725522171,0.370,0.000
1725522171,0.296,0.000
1725522171,0.336,0.000
1725522171,0.325,0.000
1725522171,0.330,0.000
1725522171,0.310,0.000
1725522171,0.306,0.000
1725522171,0.400,0.000
1725522171,0.278,0.000
1725522171,0.418,0.000
1725522171,0.274,0.000
1725522171,0.353,0.000
1725522171,0.296,0.000
1725522171,0.363,0.000
1725522171,0.463,0.000
1725522171,0.313,0.000
1725522171,0.418,0.000
1725522171,0.250,0.000
1725522171,0.285,0.000
1725522171,0.670,0.000
1725522171,0.391,0.000
1725522171,0.308,0.000
1725522171,0.270,0.000
1725522171,0.261,0.000
1725522171,0.400,0.000
1725522171,0.287,0.000
1725522171,0.317,0.000
1725522171,0.356,0.000
1725522171,0.273,0.000
1725522171,0.363,0.000
1725522171,0.380,0.000
1725522171,0.283,0.000
1725522171,0.429,0.000
1725522171,0.544,0.000
1725522171,1.384,0.000
1725522171,0.313,0.000
1725522171,0.502,0.000
1725522171,0.282,0.000
1725522171,0.348,0.000
1725522171,0.304,0.000
1725522171,0.305,0.000
1725522171,0.325,0.000
1725522171,0.304,0.000
1725522171,0.302,0.000
1725522171,0.253,0.000
1725522171,0.347,0.000
1725522171,0.345,0.000
1725522171,0.306,0.000
1725522171,0.324,0.000
1725522171,0.321,0.000
1725522171,0.478,0.000
1725522171,0.344,0.000
1725522171,0.346,0.000
1725522171,0.312,0.000
1725522171,0.353,0.000
1725522171,0.288,0.000
1725522171,0.365,0.000
1725522171,0.263,0.000
1725522171,0.350,0.000
1725522171,0.340,0.000
1725522171,0.341,0.000
1725522171,0.390,0.000
1725522171,0.299,0.000
1725522171,0.329,0.000
1725522171,0.299,0.000
1725522171,0.382,0.000
1725522171,0.339,0.000
1725522171,0.312,0.000
1725522171,0.359,0.000
1725522171,0.305,0.000
1725522171,0.435,0.000
1725522171,0.427,0.000
1725522171,0.281,0.000
1725522171,0.300,0.000
1725522171,0.539,0.000
1725522172,0.509,0.000
1725522172,0.387,0.000
1725522172,0.319,0.000
1725522172,0.337,0.000
1725522172,0.305,0.000
1725522172,0.414,0.000
1725522172,0.374,0.000
1725522172,0.321,0.000
1725522172,0.410,0.000
1725522172,0.356,0.000
1725522172,0.351,0.000
1725522172,0.306,0.000
1725522172,0.323,0.000
1725522172,0.261,0.000
1725522172,0.360,0.000
1725522172,0.545,0.000
1725522172,0.279,0.000
1725522172,0.411,0.000
1725522172,0.357,0.000
1725522172,0.632,0.000
1725522172,0.278,0.000
1725522172,0.304,0.000
1725522172,0.298,0.000
1725522172,0.268,0.000
1725522172,0.615,0.000
1725522172,0.346,0.000
1725522172,0.290,0.000
1725522172,0.293,0.000
1725522172,0.389,0.000
1725522172,0.482,0.000
1725522172,0.318,0.000
1725522172,0.284,0.000
1725522172,0.288,0.000
1725522172,0.322,0.000
1725522172,0.236,0.000
1725522172,0.285,0.000
1725522172,0.367,0.000
1725522172,0.263,0.000
1725522172,0.345,0.000
1725522172,0.330,0.000
1725522172,0.376,0.000
1725522172,0.322,0.000
1725522172,0.264,0.000
1725522172,0.284,0.000
1725522172,0.280,0.000
1725522172,0.394,0.000
1725522172,0.390,0.000
1725522172,0.315,0.000
1725522172,0.303,0.000
1725522172,0.266,0.000
1725522172,0.380,0.000
1725522172,0.245,0.000
1725522172,0.473,0.000
1725522172,0.318,0.000
1725522172,0.374,0.000
1725522172,0.372,0.000
1725522172,0.280,0.000
1725522172,0.346,0.000
1725522172,0.287,0.000
1725522172,0.608,0.000
1725522172,0.337,0.000
1725522172,0.310,0.000
1725522172,0.325,0.000
1725522172,0.323,0.000
1725522172,0.269,0.000
1725522172,0.282,0.000
1725522172,0.408,0.000
1725522172,0.324,0.000
1725522172,0.286,0.000
1725522172,0.375,0.000
1725522172,0.336,0.000
1725522172,0.285,0.000
1725522172,0.319,0.000
1725522172,0.273,0.000
1725522172,0.302,0.000
1725522172,0.262,0.000
1725522172,0.396,0.000
1725522172,0.295,0.000
1725522172,0.334,0.000
1725522172,0.355,0.000
1725522172,0.296,0.000
1725522172,0.356,0.000
1725522172,0.370,0.000
1725522172,0.515,0.000
1725522172,0.400,0.000
1725522172,0.532,0.000
1725522172,0.275,0.000
1725522172,0.451,0.000
1725522172,0.259,0.000
1725522172,0.287,0.000
1725522172,0.329,0.000
1725522172,0.389,0.000
1725522172,0.366,0.000
1725522172,0.376,0.000
1725522172,0.347,0.000
1725522172,0.343,0.000
1725522172,0.462,0.000
1725522172,0.311,0.000
1725522172,0.521,0.000
1725522172,0.278,0.000
1725522172,0.419,0.000
1725522172,0.417,0.000
1725522172,0.348,0.000
1725522172,0.352,0.000
1725522172,0.314,0.000
1725522172,0.518,0.000
1725522172,0.367,0.000
1725522172,0.530,0.000
1725522172,0.353,0.000
1725522172,0.238,0.000
1725522172,0.299,0.000
1725522172,0.293,0.000
1725522172,0.283,0.000
1725522172,0.387,0.000
1725522172,0.296,0.000
1725522172,0.509,0.000
1725522172,0.309,0.000
1725522172,0.333,0.000
1725522172,0.329,0.000
1725522172,0.357,0.000
1725522172,0.386,0.000
1725522172,0.316,0.000
1725522172,0.321,0.000
1725522172,0.301,0.000
1725522172,0.227,0.000
1725522172,0.318,0.000
1725522172,0.535,0.000
1725522172,0.312,0.000
1725522172,0.598,0.000
1725522172,0.289,0.000
1725522172,0.387,0.000
1725522172,0.296,0.000
1725522172,0.321,0.000
1725522172,0.299,0.000
1725522172,0.340,0.000
1725522172,0.349,0.000
1725522172,0.314,0.000
1725522172,0.259,0.000
1725522172,0.333,0.000
1725522172,0.384,0.000
1725522172,0.300,0.000
1725522172,0.349,0.000
1725522172,0.373,0.000
1725522172,0.295,0.000
1725522172,0.476,0.000
1725522172,0.366,0.000
1725522172,0.333,0.000
1725522172,0.314,0.000
1725522172,0.300,0.000
1725522172,0.278,0.000
1725522172,0.311,0.000
1725522172,0.272,0.000
1725522172,0.355,0.000
1725522172,0.301,0.000
1725522172,0.376,0.000
1725522172,0.305,0.000
1725522172,0.399,0.000
1725522172,0.295,0.000
1725522172,0.322,0.000
1725522172,0.243,0.000
1725522172,0.259,0.000
1725522172,0.295,0.000
1725522172,0.238,0.000
1725522172,0.373,0.000
1725522172,0.326,0.000
1725522172,0.383,0.000
1725522172,0.269,0.000
1725522172,0.245,0.000
1725522172,0.316,0.000
1725522172,0.314,0.000
1725522172,0.309,0.000
1725522172,0.309,0.000
1725522172,0.492,0.000
1725522172,0.275,0.000
1725522172,0.335,0.000
1725522172,0.413,0.000
1725522172,0.375,0.000
1725522172,0.412,0.000
1725522172,0.291,0.000
1725522172,0.336,0.000
1725522172,0.239,0.000
1725522172,0.360,0.000
1725522173,0.350,0.000
1725522173,0.455,0.000
1725522173,0.318,0.000
1725522173,0.352,0.000
1725522173,0.333,0.000
1725522173,0.392,0.000
1725522173,0.477,0.000
1725522173,0.357,0.000
1725522173,0.339,0.000
1725522173,0.470,0.000
1725522173,0.323,0.000
1725522173,0.272,0.000
1725522173,0.305,0.000
1725522173,0.351,0.000
1725522173,0.256,0.000
1725522173,0.346,0.000
1725522173,0.315,0.000
1725522173,0.316,0.000
1725522173,0.302,0.000
1725522173,0.412,0.000
1725522173,0.288,0.000
1725522173,0.250,0.000
1725522173,0.355,0.000
1725522173,0.312,0.000
1725522173,0.350,0.000
1725522173,0.410,0.000
1725522173,0.304,0.000
1725522173,0.312,0.000
1725522173,0.325,0.000
1725522173,0.353,0.000
1725522173,0.311,0.000
1725522173,0.334,0.000
1725522173,0.288,0.000
1725522173,0.306,0.000
1725522173,0.334,0.000
1725522173,0.337,0.000
1725522173,0.325,0.000
1725522173,0.265,0.000
1725522173,0.385,0.000
1725522173,0.479,0.000
1725522173,0.277,0.000
1725522173,0.304,0.000
1725522173,0.308,0.000
1725522173,0.285,0.000
1725522173,0.373,0.000
1725522173,0.316,0.000
1725522173,0.360,0.000
1725522173,0.563,0.000
1725522173,0.370,0.000
1725522173,0.316,0.000
1725522173,0.340,0.000
1725522173,0.569,0.000
1725522173,0.303,0.000
1725522173,0.327,0.000
1725522173,0.359,0.000
1725522173,0.413,0.000
1725522173,0.331,0.000
1725522173,0.363,0.000
1725522173,0.272,0.000
1725522173,0.301,0.000
1725522173,0.280,0.000
1725522173,0.270,0.000
1725522173,0.439,0.000
1725522173,0.330,0.000
1725522173,0.307,0.000
1725522173,0.289,0.000
1725522173,0.443,0.000
1725522173,0.291,0.000
1725522173,0.420,0.000
1725522173,0.231,0.000
1725522173,0.321,0.000
1725522173,0.284,0.000
1725522173,0.479,0.000
1725522173,0.282,0.000
1725522173,0.319,0.000
1725522173,0.369,0.000
1725522173,0.362,0.000
1725522173,0.442,0.000
1725522173,0.267,0.000
1725522173,0.376,0.000
1725522173,0.318,0.000
1725522173,0.263,0.000
1725522173,0.360,0.000
1725522173,0.303,0.000
1725522173,0.524,0.000
1725522173,0.266,0.000
1725522173,0.315,0.000
1725522173,0.376,0.000
1725522173,0.254,0.000
1725522173,0.383,0.000
1725522173,0.289,0.000
1725522173,0.333,0.000
1725522173,0.304,0.000
1725522173,0.333,0.000
1725522173,0.450,0.000
1725522173,0.325,0.000
1725522173,0.330,0.000
1725522173,0.308,0.000
1725522173,0.473,0.000
1725522173,0.240,0.000
1725522173,0.314,0.000
1725522173,0.332,0.000
1725522173,0.366,0.000
1725522173,0.361,0.000
1725522173,0.400,0.000
1725522173,0.269,0.000
1725522173,0.366,0.000
1725522173,0.292,0.000
1725522173,0.427,0.000
1725522173,0.322,0.000
1725522173,0.310,0.000
1725522173,0.337,0.000
1725522173,0.483,0.000
1725522173,0.511,0.000
1725522173,0.371,0.000
1725522173,0.280,0.000
1725522173,0.292,0.000
1725522173,0.297,0.000
1725522173,0.317,0.000
1725522173,0.252,0.000
1725522173,0.349,0.000
1725522173,0.358,0.000
1725522173,0.462,0.000
1725522173,0.306,0.000
1725522173,0.311,0.000
1725522173,0.578,0.000
1725522173,0.370,0.000
1725522173,0.289,0.000
1725522173,0.368,0.000
1725522173,0.486,0.000
1725522173,0.311,0.000
1725522173,0.250,0.000
1725522173,0.288,0.000
1725522173,0.324,0.000
1725522173,0.709,0.000
1725522173,0.464,0.000
1725522173,0.328,0.000
1725522173,0.329,0.000
1725522173,0.277,0.000
1725522173,0.350,0.000
1725522173,0.300,0.000
1725522173,0.353,0.000
1725522173,0.272,0.000
1725522173,0.387,0.000
1725522173,0.246,0.000
1725522173,0.350,0.000
1725522173,0.362,0.000
1725522173,0.295,0.000
1725522173,0.243,0.000
1725522173,0.273,0.000
1725522173,0.269,0.000
1725522173,0.330,0.000
1725522173,0.372,0.000
1725522173,0.384,0.000
1725522173,0.309,0.000
1725522173,0.293,0.000
1725522173,0.418,0.000
1725522173,0.346,0.000
1725522173,0.466,0.000
1725522173,0.287,0.000
1725522173,0.495,0.000
1725522173,0.277,0.000
1725522173,0.345,0.000
1725522173,0.347,0.000
1725522173,0.353,0.000
1725522173,0.318,0.000
1725522173,0.294,0.000
1725522173,0.303,0.000
1725522173,0.266,0.000
1725522173,0.273,0.000
1725522173,0.314,0.000
1725522173,0.363,0.000
1725522174,0.355,0.000
1725522174,0.297,0.000
1725522174,0.266,0.000
1725522174,0.307,0.000
1725522174,0.343,0.000
1725522174,0.346,0.000
1725522174,0.307,0.000
1725522174,0.315,0.000
1725522174,0.244,0.000
1725522174,0.447,0.000
1725522174,0.332,0.000
1725522174,0.363,0.000
1725522174,0.243,0.000
1725522174,0.329,0.000
1725522174,0.307,0.000
1725522174,0.306,0.000
1725522174,0.429,0.000
1725522174,0.265,0.000
1725522174,0.271,0.000
1725522174,0.278,0.000
1725522174,0.344,0.000
1725522174,0.355,0.000
1725522174,0.364,0.000
1725522174,0.339,0.000
1725522174,0.519,0.000
1725522174,0.338,0.000
1725522174,0.317,0.000
1725522174,0.340,0.000
1725522174,0.377,0.000
1725522174,0.307,0.000
1725522174,0.270,0.000
1725522174,0.293,0.000
1725522174,0.292,0.000
1725522174,0.443,0.000
1725522174,0.286,0.000
1725522174,0.270,0.000
1725522174,0.295,0.000
1725522174,0.316,0.000
1725522174,0.229,0.000
1725522174,0.349,0.000
1725522174,0.283,0.000
1725522174,0.352,0.000
1725522174,0.317,0.000
1725522174,0.270,0.000
1725522174,0.316,0.000
1725522174,0.468,0.000
1725522174,0.358,0.000
1725522174,0.308,0.000
1725522174,0.416,0.000
1725522174,0.213,0.000
1725522174,0.313,0.000
1725522174,0.328,0.000
1725522174,0.536,0.000
1725522174,0.393,0.000
1725522174,0.390,0.000
1725522174,0.370,0.000
1725522174,0.318,0.000
1725522174,0.486,0.000
1725522174,0.334,0.000
1725522174,0.314,0.000
1725522174,0.333,0.000
1725522174,0.572,0.000
1725522174,0.360,0.000
1725522174,0.284,0.000
1725522174,0.256,0.000
1725522174,0.357,0.000
1725522174,0.296,0.000
1725522174,0.361,0.000
1725522174,0.409,0.000
1725522174,0.242,0.000
1725522174,0.347,0.000
1725522174,0.354,0.000
1725522174,0.347,0.000
1725522174,0.501,0.000
1725522174,0.339,0.000
1725522174,0.299,0.000
1725522174,0.305,0.000
1725522174,0.321,0.000
1725522174,0.243,0.000
1725522174,0.351,0.000
1725522174,0.369,0.000
1725522174,0.339,0.000
1725522174,0.318,0.000
1725522174,0.299,0.000
1725522174,0.370,0.000
1725522174,0.311,0.000
1725522174,0.377,0.000
1725522174,0.295,0.000
1725522174,0.275,0.000
1725522174,0.308,0.000
1725522174,0.283,0.000
1725522174,0.324,0.000
1725522174,0.374,0.000
1725522174,0.269,0.000
1725522174,0.226,0.000
1725522174,0.370,0.000
1725522174,0.357,0.000
1725522174,0.342,0.000
1725522174,0.359,0.000
1725522174,0.390,0.000
1725522174,0.320,0.000
1725522174,0.675,0.000
1725522174,0.248,0.000
1725522174,0.249,0.000
1725522174,0.300,0.000
1725522174,0.378,0.000
1725522174,0.356,0.000
1725522174,0.308,0.000
1725522174,0.424,0.000
1725522174,0.263,0.000
1725522174,0.286,0.000
1725522174,0.340,0.000
1725522174,0.444,0.000
1725522174,0.259,0.000
1725522174,0.320,0.000
1725522174,0.395,0.000
1725522174,0.313,0.000
1725522174,0.301,0.000
1725522174,0.273,0.000
1725522174,0.366,0.000
1725522174,0.279,0.000
1725522174,0.299,0.000
1725522174,0.364,0.000
1725522174,0.246,0.000
1725522174,0.394,0.000
1725522174,0.423,0.000
1725522174,0.302,0.000
1725522174,0.323,0.000
1725522174,0.223,0.000
1725522174,0.301,0.000
1725522174,0.269,0.000
1725522174,0.363,0.000
1725522174,0.358,0.000
1725522174,0.420,0.000
1725522174,0.304,0.000
1725522174,0.361,0.000
1725522174,0.389,0.000
1725522174,0.333,0.000
1725522174,0.265,0.000
1725522174,0.309,0.000
1725522174,0.260,0.000
1725522174,0.341,0.000
1725522174,0.322,0.000
1725522174,0.314,0.000
1725522174,0.432,0.000
1725522174,0.330,0.000
1725522174,0.281,0.000
1725522174,0.377,0.000
1725522174,0.370,0.000
1725522174,0.341,0.000
1725522174,0.326,0.000
1725522174,0.301,0.000
1725522174,0.416,0.000
1725522174,0.482,0.000
1725522174,0.307,0.000
1725522174,0.316,0.000
1725522174,0.335,0.000
1725522174,0.350,0.000
1725522174,0.390,0.000
1725522174,0.352,0.000
1725522174,0.318,0.000
1725522174,0.262,0.000
1725522174,0.453,0.000
1725522174,0.268,0.000
1725522174,0.300,0.000
1725522174,0.387,0.000
1725522174,0.366,0.000
1725522174,0.291,0.000
1725522174,0.339,0.000
1725522174,0.233,0.000
1725522174,0.369,0.000
1725522174,0.362,0.000
1725522174,0.426,0.000
1725522174,0.264,0.000
1725522174,0.241,0.000
1725522174,0.270,0.000
1725522175,0.262,0.000
1725522175,0.393,0.000
1725522175,0.366,0.000
1725522175,0.284,0.000
1725522175,0.300,0.000
1725522175,0.432,0.000
1725522175,0.281,0.000
1725522175,0.383,0.000
1725522175,0.466,0.000
1725522175,0.304,0.000
1725522175,0.370,0.000
1725522175,0.325,0.000
1725522175,0.301,0.000
1725522175,0.313,0.000
1725522175,0.423,0.000
1725522175,0.299,0.000
1725522175,0.289,0.000
1725522175,0.347,0.000
1725522175,0.374,0.000
1725522175,0.274,0.000
1725522175,0.363,0.000
1725522175,0.334,0.000
1725522175,0.326,0.000
1725522175,0.342,0.000
1725522175,0.383,0.000
1725522175,0.260,0.000
1725522175,0.356,0.000
1725522175,0.341,0.000
1725522175,0.306,0.000
1725522175,0.411,0.000
1725522175,0.322,0.000
1725522175,0.390,0.000
1725522175,0.306,0.000
1725522175,0.322,0.000
1725522175,0.366,0.000
1725522175,0.277,0.000
1725522175,0.246,0.000
1725522175,0.357,0.000
1725522175,0.367,0.000
1725522175,0.275,0.000
1725522175,0.431,0.000
1725522175,0.338,0.000
1725522175,0.340,0.000
1725522175,0.351,0.000
1725522175,0.342,0.000
1725522175,0.448,0.000
1725522175,0.573,0.000
1725522175,0.277,0.000
1725522175,0.537,0.000
1725522175,0.253,0.000
1725522175,0.371,0.000
1725522175,0.472,0.000
1725522175,0.528,0.000
1725522175,0.290,0.000
1725522175,0.433,0.000
1725522175,0.383,0.000
1725522175,0.274,0.000
1725522175,0.303,0.000
1725522175,0.266,0.000
1725522175,0.477,0.000
1725522175,0.249,0.000
1725522175,0.391,0.000
1725522175,0.335,0.000
1725522175,0.306,0.000
1725522175,0.436,0.000
1725522175,0.455,0.000
1725522175,0.272,0.000
1725522175,0.287,0.000
1725522175,0.348,0.000
1725522175,0.311,0.000
1725522175,0.326,0.000
1725522175,0.300,0.000
1725522175,0.241,0.000
1725522175,0.586,0.000
1725522175,0.349,0.000
1725522175,0.355,0.000
1725522175,0.326,0.000
1725522175,0.258,0.000
1725522175,0.318,0.000
1725522175,0.345,0.000
1725522175,0.272,0.000
1725522175,0.329,0.000
1725522175,0.319,0.000
1725522175,0.293,0.000
1725522175,0.252,0.000
1725522175,0.226,0.000
1725522175,0.314,0.000
1725522175,0.408,0.000
1725522175,0.444,0.000
1725522175,0.427,0.000
1725522175,0.354,0.000
1725522175,0.300,0.000
1725522175,0.270,0.000
1725522175,0.397,0.000
1725522175,0.476,0.000
1725522175,0.351,0.000
1725522175,0.424,0.000
1725522175,0.330,0.000
1725522175,0.292,0.000
1725522175,0.220,0.000
1725522175,0.320,0.000
1725522175,0.337,0.000
1725522175,0.277,0.000
1725522175,0.427,0.000
1725522175,0.290,0.000
1725522175,0.353,0.000
1725522175,0.371,0.000
1725522175,0.324,0.000
1725522175,0.267,0.000
1725522175,0.256,0.000
1725522175,0.342,0.000
1725522175,0.398,0.000
1725522175,0.254,0.000
1725522175,0.392,0.000
1725522175,0.392,0.000
1725522175,0.307,0.000
1725522175,0.290,0.000
1725522175,0.269,0.000
1725522175,0.371,0.000
1725522175,0.312,0.000
1725522175,0.383,0.000
1725522175,0.374,0.000
1725522175,0.321,0.000
1725522175,0.398,0.000
1725522175,0.417,0.000
1725522175,0.345,0.000
1725522175,0.327,0.000
1725522175,0.362,0.000
1725522175,0.468,0.000
1725522175,0.294,0.000
1725522175,0.354,0.000
1725522175,0.267,0.000
1725522175,0.320,0.000
1725522175,0.285,0.000
1725522175,0.262,0.000
1725522175,0.342,0.000
1725522175,0.318,0.000
1725522175,0.309,0.000
1725522175,0.309,0.000
1725522175,0.273,0.000
1725522175,0.504,0.000
1725522175,0.345,0.000
1725522175,0.345,0.000
1725522175,0.296,0.000
1725522175,0.344,0.000
1725522175,0.326,0.000
1725522175,0.413,0.000
1725522175,0.358,0.000
1725522175,0.310,0.000
1725522175,0.338,0.000
1725522175,0.287,0.000
1725522175,0.375,0.000
1725522175,0.310,0.000
1725522175,0.351,0.000
1725522175,0.492,0.000
1725522175,0.420,0.000
1725522175,0.340,0.000
1725522175,0.272,0.000
1725522175,0.426,0.000
1725522175,0.291,0.000
1725522175,0.355,0.000
1725522175,0.652,0.000
1725522175,0.519,0.000
1725522175,0.321,0.000
1725522175,0.298,0.000
1725522175,0.294,0.000
1725522175,0.304,0.000
1725522175,0.353,0.000
1725522175,0.401,0.000
1725522175,0.454,0.000
1725522176,0.308,0.000
1725522176,0.836,0.000
1725522176,0.331,0.000
1725522176,0.401,0.000
1725522176,0.499,0.000
1725522176,0.382,0.000
1725522176,0.422,0.000
1725522176,0.311,0.000
1725522176,0.408,0.000
1725522176,0.380,0.000
1725522176,0.370,0.000
1725522176,0.311,0.000
1725522176,0.297,0.000
1725522176,0.554,0.000
1725522176,0.320,0.000
1725522176,0.354,0.000
1725522176,0.320,0.000
1725522176,0.308,0.000
1725522176,0.349,0.000
1725522176,0.443,0.000
1725522176,0.322,0.000
1725522176,0.425,0.000
1725522176,0.295,0.000
1725522176,0.360,0.000
1725522176,0.288,0.000
1725522176,0.407,0.000
1725522176,0.360,0.000
1725522176,0.285,0.000
1725522176,0.292,0.000
1725522176,0.260,0.000
1725522176,0.487,0.000
1725522176,0.349,0.000
1725522176,0.299,0.000
1725522176,0.308,0.000
1725522176,0.282,0.000
1725522176,0.262,0.000
1725522176,0.356,0.000
1725522176,0.334,0.000
1725522176,0.328,0.000
1725522176,0.350,0.000
1725522176,0.304,0.000
1725522176,0.276,0.000
1725522176,0.286,0.000
1725522176,0.385,0.000
1725522176,0.329,0.000
1725522176,0.317,0.000
1725522176,0.256,0.000
1725522176,0.273,0.000
1725522176,0.341,0.000
1725522176,0.358,0.000
1725522176,0.336,0.000
1725522176,0.474,0.000
1725522176,0.333,0.000
1725522176,0.328,0.000
1725522176,0.421,0.000
1725522176,0.284,0.000
1725522176,0.331,0.000
1725522176,0.381,0.000
1725522176,0.428,0.000
1725522176,0.421,0.000
1725522176,0.390,0.000
1725522176,0.342,0.000
1725522176,0.359,0.000
1725522176,0.277,0.000
1725522176,0.384,0.000
1725522176,0.307,0.000
1725522176,0.316,0.000
1725522176,0.402,0.000
1725522176,0.381,0.000
1725522176,0.393,0.000
1725522176,0.219,0.000
1725522176,0.300,0.000
1725522176,0.390,0.000
1725522176,0.333,0.000
1725522176,0.308,0.000
1725522176,0.342,0.000
1725522176,0.354,0.000
1725522176,0.766,0.000
1725522176,0.352,0.000
1725522176,0.301,0.000
1725522176,0.258,0.000
1725522176,0.374,0.000
1725522176,0.316,0.000
1725522176,0.560,0.000
1725522176,0.348,0.000
1725522176,0.983,0.000
1725522176,0.429,0.000
1725522176,0.297,0.000
1725522176,0.312,0.000
1725522176,0.391,0.000
1725522176,0.270,0.000
1725522176,0.336,0.000
1725522176,0.303,0.000
1725522176,0.356,0.000
1725522176,0.327,0.000
1725522176,0.469,0.000
1725522176,0.307,0.000
1725522176,0.321,0.000
1725522176,0.262,0.000
1725522176,0.298,0.000
1725522176,0.318,0.000
1725522176,0.323,0.000
1725522176,0.353,0.000
1725522176,0.320,0.000
1725522176,0.337,0.000
1725522176,0.248,0.000
1725522176,0.896,0.000
1725522176,0.281,0.000
1725522176,0.340,0.000
1725522176,0.394,0.000
1725522176,0.297,0.000
1725522176,0.324,0.000
1725522176,0.331,0.000
1725522176,0.284,0.000
1725522176,0.279,0.000
1725522176,0.290,0.000
1725522176,0.286,0.000
1725522176,0.407,0.000
1725522176,0.323,0.000
1725522176,0.295,0.000
1725522176,0.286,0.000
1725522176,0.292,0.000
1725522176,0.288,0.000
1725522176,0.718,0.000
1725522176,0.326,0.000
1725522176,0.327,0.000
1725522176,0.308,0.000
1725522176,0.310,0.000
1725522176,0.308,0.000
1725522176,0.387,0.000
1725522176,0.203,0.000
1725522176,0.296,0.000
1725522176,0.358,0.000
1725522176,0.389,0.000
1725522176,0.296,0.000
1725522176,0.385,0.000
1725522176,0.329,0.000
1725522176,0.304,0.000
1725522176,0.354,0.000
1725522176,0.275,0.000
1725522176,0.302,0.000
1725522176,0.651,0.000
1725522176,0.357,0.000
1725522176,0.280,0.000
1725522176,0.341,0.000
1725522176,0.278,0.000
1725522176,0.520,0.000
1725522176,0.367,0.000
1725522176,0.281,0.000
1725522176,0.236,0.000
1725522176,0.317,0.000
1725522176,0.399,0.000
1725522176,0.331,0.000
1725522176,0.293,0.000
1725522176,0.313,0.000
1725522176,0.394,0.000
1725522176,0.289,0.000
1725522176,0.339,0.000
1725522176,0.338,0.000
1725522176,0.287,0.000
1725522176,0.369,0.000
1725522176,0.265,0.000
1725522176,0.327,0.000
1725522176,0.286,0.000
1725522176,0.349,0.000
1725522176,0.439,0.000
1725522176,0.354,0.000
1725522176,0.299,0.000
1725522176,0.337,0.000
1725522176,0.441,0.000
1725522176,0.334,0.000
1725522176,0.314,0.000
1725522176,0.235,0.000
1725522176,0.493,0.000
1725522176,0.310,0.000
1725522176,0.298,0.000
1725522176,0.277,0.000
1725522176,0.582,0.000
1725522177,0.283,0.000
1725522177,0.247,0.000
1725522177,0.329,0.000
1725522177,0.337,0.000
1725522177,0.287,0.000
1725522177,0.487,0.000
1725522177,0.239,0.000
1725522177,0.272,0.000
1725522177,0.225,0.000
1725522177,0.261,0.000
1725522177,0.301,0.000
1725522177,0.363,0.000
1725522177,0.319,0.000
1725522177,0.288,0.000
1725522177,0.272,0.000
1725522177,0.383,0.000
1725522177,0.339,0.000
1725522177,0.262,0.000
1725522177,0.518,0.000
1725522177,0.373,0.000
1725522177,0.385,0.000
1725522177,0.272,0.000
1725522177,0.288,0.000
1725522177,0.359,0.000
1725522177,0.334,0.000
1725522177,0.278,0.000
1725522177,0.430,0.000
1725522177,0.290,0.000
1725522177,0.395,0.000
1725522177,0.386,0.000
1725522177,0.407,0.000
1725522177,0.332,0.000
1725522177,0.222,0.000
1725522177,0.361,0.000
1725522177,0.258,0.000
1725522177,0.290,0.000
1725522177,0.421,0.000
1725522177,0.464,0.000
1725522177,0.356,0.000
1725522177,0.266,0.000
1725522177,0.463,0.000
1725522177,0.426,0.000
1725522177,0.251,0.000
1725522177,0.453,0.000
1725522177,0.317,0.000
1725522177,0.246,0.000
1725522177,0.302,0.000
1725522177,0.287,0.000
1725522177,0.297,0.000
1725522177,0.276,0.000
1725522177,0.243,0.000
1725522177,0.347,0.000
1725522177,0.323,0.000
1725522177,0.333,0.000
1725522177,0.344,0.000
1725522177,0.340,0.000
1725522177,0.313,0.000
1725522177,0.340,0.000
1725522177,0.395,0.000
1725522177,0.348,0.000
1725522177,0.377,0.000
1725522177,0.295,0.000
1725522177,0.278,0.000
1725522177,0.329,0.000
1725522177,0.456,0.000
1725522177,0.360,0.000
1725522177,0.404,0.000
1725522177,0.293,0.000
1725522177,0.307,0.000
1725522177,0.318,0.000
1725522177,0.271,0.000
1725522177,0.324,0.000
1725522177,0.392,0.000
1725522177,0.246,0.000
1725522177,0.300,0.000
1725522177,0.298,0.000
1725522177,0.392,0.000
1725522177,0.311,0.000
1725522177,0.325,0.000
1725522177,0.267,0.000
1725522177,0.279,0.000
1725522177,0.300,0.000
1725522177,0.386,0.000
1725522177,0.217,0.000
1725522177,0.285,0.000
1725522177,0.397,0.000
1725522177,0.319,0.000
1725522177,0.323,0.000
1725522177,0.298,0.000
1725522177,0.373,0.000
1725522177,0.720,0.000
1725522177,0.353,0.000
1725522177,0.260,0.000
1725522177,0.345,0.000
1725522177,0.247,0.000
1725522177,0.330,0.000
1725522177,0.270,0.000
1725522177,0.287,0.000
1725522177,0.285,0.000
1725522177,0.313,0.000
1725522177,0.229,0.000
1725522177,0.356,0.000
1725522177,0.304,0.000
1725522177,0.408,0.000
1725522177,0.344,0.000
1725522177,0.478,0.000
1725522177,0.413,0.000
1725522177,0.507,0.000
1725522177,0.244,0.000
1725522177,0.347,0.000
1725522177,0.289,0.000
1725522177,0.379,0.000
1725522177,0.349,0.000
1725522177,0.322,0.000
1725522177,0.279,0.000
1725522177,0.280,0.000
1725522177,0.277,0.000
1725522177,0.331,0.000
1725522177,0.389,0.000
1725522177,0.325,0.000
1725522177,0.285,0.000
1725522177,0.381,0.000
1725522177,0.481,0.000
1725522177,0.284,0.000
1725522177,0.476,0.000
1725522177,0.315,0.000
1725522177,0.239,0.000
1725522177,0.262,0.000
1725522177,0.317,0.000
1725522177,0.299,0.000
1725522177,0.263,0.000
1725522177,0.299,0.000
1725522177,0.528,0.000
1725522177,0.324,0.000
1725522177,0.481,0.000
1725522177,0.389,0.000
1725522177,0.479,0.000
1725522177,0.332,0.000
1725522177,0.246,0.000
1725522177,0.358,0.000
1725522177,0.356,0.000
1725522177,0.243,0.000
1725522177,0.450,0.000
1725522177,0.318,0.000
1725522177,0.274,0.000
1725522177,0.443,0.000
1725522177,0.287,0.000
1725522177,0.461,0.000
1725522177,0.347,0.000
1725522177,0.255,0.000
1725522177,0.267,0.000
1725522177,0.313,0.000
1725522177,0.367,0.000
1725522177,0.336,0.000
1725522177,0.322,0.000
1725522177,0.326,0.000
1725522177,0.522,0.000
1725522177,0.377,0.000
1725522177,0.270,0.000
1725522177,0.315,0.000
1725522177,0.294,0.000
1725522177,0.235,0.000
1725522177,0.620,0.000
1725522177,0.331,0.000
1725522177,0.300,0.000
1725522177,0.334,0.000
1725522177,0.364,0.000
1725522177,0.299,0.000
1725522178,0.349,0.000
1725522178,0.425,0.000
1725522178,0.298,0.000
1725522178,0.270,0.000
1725522178,0.511,0.000
1725522178,0.329,0.000
1725522178,0.326,0.000
1725522178,0.350,0.000
1725522178,0.410,0.000
1725522178,0.499,0.000
1725522178,0.368,0.000
1725522178,0.341,0.000
1725522178,0.302,0.000
1725522178,0.287,0.000
1725522178,0.393,0.000
1725522178,0.358,0.000
1725522178,0.262,0.000
1725522178,0.559,0.000
1725522178,0.307,0.000
1725522178,0.330,0.000
1725522178,0.320,0.000
1725522178,0.385,0.000
1725522178,0.303,0.000
1725522178,0.320,0.000
1725522178,0.273,0.000
1725522178,0.273,0.000
1725522178,0.305,0.000
1725522178,0.541,0.000
1725522178,0.324,0.000
1725522178,0.487,0.000
1725522178,0.262,0.000
1725522178,0.352,0.000
1725522178,0.247,0.000
1725522178,0.295,0.000
1725522178,0.297,0.000
1725522178,0.336,0.000
1725522178,0.330,0.000
1725522178,0.277,0.000
1725522178,0.317,0.000
1725522178,0.310,0.000
1725522178,0.362,0.000
1725522178,0.411,0.000
1725522178,0.374,0.000
1725522178,0.260,0.000
1725522178,0.969,0.000
1725522178,0.296,0.000
1725522178,0.500,0.000
1725522178,0.286,0.000
1725522178,0.348,0.000
1725522178,0.286,0.000
1725522178,0.406,0.000
1725522178,0.302,0.000
1725522178,0.333,0.000
1725522178,0.351,0.000
1725522178,0.273,0.000
1725522178,0.308,0.000
1725522178,0.343,0.000
1725522178,0.317,0.000
1725522178,0.303,0.000
1725522178,0.299,0.000
1725522178,0.309,0.000
1725522178,0.344,0.000
1725522178,0.330,0.000
1725522178,0.350,0.000
1725522178,0.358,0.000
1725522178,0.258,0.000
1725522178,0.334,0.000
1725522178,0.292,0.000
1725522178,0.311,0.000
1725522178,0.344,0.000
1725522178,0.300,0.000
1725522178,0.364,0.000
1725522178,0.302,0.000
1725522178,0.368,0.000
1725522178,0.252,0.000
1725522178,0.282,0.000
1725522178,0.320,0.000
1725522178,0.313,0.000
1725522178,0.323,0.000
1725522178,0.449,0.000
1725522178,0.396,0.000
1725522178,0.344,0.000
1725522178,0.273,0.000
1725522178,0.221,0.000
1725522178,0.273,0.000
1725522178,0.285,0.000
1725522178,0.336,0.000
1725522178,0.359,0.000
1725522178,0.343,0.000
1725522178,0.458,0.000
1725522178,0.266,0.000
1725522178,0.380,0.000
1725522178,0.237,0.000
1725522178,0.360,0.000
1725522178,0.352,0.000
1725522178,0.390,0.000
1725522178,0.311,0.000
1725522178,0.288,0.000
1725522178,0.390,0.000
1725522178,0.424,0.000
1725522178,0.403,0.000
1725522178,0.339,0.000
1725522178,0.484,0.000
1725522178,0.410,0.000
1725522178,0.308,0.000
1725522178,0.270,0.000
1725522178,0.329,0.000
1725522178,0.258,0.000
1725522178,0.357,0.000
1725522178,0.224,0.000
1725522178,0.307,0.000
1725522178,0.288,0.000
1725522178,0.331,0.000
1725522178,0.303,0.000
1725522178,0.366,0.000
1725522178,0.234,0.000
1725522178,0.291,0.000
1725522178,0.334,0.000
1725522178,0.310,0.000
1725522178,0.473,0.000
1725522178,0.307,0.000
1725522178,0.509,0.000
1725522178,0.412,0.000
1725522178,0.444,0.000
1725522178,0.317,0.000
1725522178,0.314,0.000
1725522178,0.287,0.000
1725522178,0.290,0.000
1725522178,0.325,0.000
1725522178,0.284,0.000
1725522178,0.260,0.000
1725522178,0.396,0.000
1725522178,0.280,0.000
1725522178,0.578,0.000
1725522178,0.326,0.000
1725522178,0.292,0.000
1725522178,0.335,0.000
1725522178,0.272,0.000
1725522178,0.319,0.000
1725522178,0.308,0.000
1725522178,0.304,0.000
1725522178,0.392,0.000
1725522178,0.379,0.000
1725522178,0.314,0.000
1725522178,0.370,0.000
1725522178,0.357,0.000
1725522178,0.212,0.000
1725522178,0.451,0.000
1725522178,0.369,0.000
1725522178,0.419,0.000
1725522178,0.302,0.000
1725522178,0.332,0.000
1725522178,0.338,0.000
1725522178,0.365,0.000
1725522178,0.461,0.000
1725522178,0.619,0.000
1725522178,0.365,0.000
1725522178,0.242,0.000
1725522178,0.368,0.000
1725522178,0.241,0.000
1725522178,0.260,0.000
1725522178,0.298,0.000
1725522178,0.373,0.000
1725522178,0.275,0.000
1725522178,0.365,0.000
1725522178,0.251,0.000
1725522178,0.274,0.000
1725522178,0.319,0.000
1725522178,0.616,0.000
1725522178,0.316,0.000
1725522178,0.298,0.000
1725522178,0.293,0.000
1725522178,0.269,0.000
1725522178,0.263,0.000
1725522178,0.374,0.000
1725522178,0.558,0.000
1725522178,0.361,0.000
1725522178,0.407,0.000
1725522178,0.302,0.000
1725522179,0.393,0.000
1725522179,0.333,0.000
1725522179,0.518,0.000
1725522179,0.279,0.000
1725522179,0.423,0.000
1725522179,0.384,0.000
1725522179,0.322,0.000
1725522179,0.387,0.000
1725522179,0.328,0.000
1725522179,0.375,0.000
1725522179,0.367,0.000
1725522179,0.325,0.000
1725522179,0.248,0.000
1725522179,0.407,0.000
1725522179,0.301,0.000
1725522179,0.283,0.000
1725522179,0.356,0.000
1725522179,0.344,0.000
1725522179,0.262,0.000
1725522179,0.341,0.000
1725522179,0.359,0.000
1725522179,0.362,0.000
1725522179,0.274,0.000
1725522179,0.316,0.000
1725522179,0.332,0.000
1725522179,0.334,0.000
1725522179,0.260,0.000
1725522179,0.286,0.000
1725522179,0.403,0.000
1725522179,0.402,0.000
1725522179,0.412,0.000
1725522179,0.336,0.000
1725522179,0.524,0.000
1725522179,0.289,0.000
1725522179,0.410,0.000
1725522179,0.367,0.000
1725522179,0.476,0.000
1725522179,0.394,0.000
1725522179,0.557,0.000
1725522179,0.372,0.000
1725522179,0.267,0.000
1725522179,0.391,0.000
1725522179,0.394,0.000
1725522179,0.316,0.000
1725522179,0.481,0.000
1725522179,0.406,0.000
1725522179,0.258,0.000
1725522179,0.427,0.000
1725522179,0.304,0.000
1725522179,0.434,0.000
1725522179,0.393,0.000
1725522179,0.378,0.000
1725522179,0.321,0.000
1725522179,0.309,0.000
1725522179,0.347,0.000
1725522179,0.322,0.000
1725522179,0.366,0.000
1725522179,0.335,0.000
1725522179,0.273,0.000
1725522179,0.340,0.000
1725522179,0.367,0.000
1725522179,0.260,0.000
1725522179,0.270,0.000
1725522179,0.304,0.000
1725522179,0.331,0.000
1725522179,0.273,0.000
1725522179,0.280,0.000
1725522179,0.294,0.000
1725522179,0.293,0.000
1725522179,0.287,0.000
1725522179,0.278,0.000
1725522179,0.313,0.000
1725522179,0.272,0.000
1725522179,0.341,0.000
1725522179,0.244,0.000
1725522179,0.305,0.000
1725522179,0.412,0.000
1725522179,0.336,0.000
1725522179,0.262,0.000
1725522179,0.289,0.000
1725522179,0.307,0.000
1725522179,0.387,0.000
1725522179,0.331,0.000
1725522179,0.380,0.000
1725522179,0.397,0.000
1725522179,0.308,0.000
1725522179,0.291,0.000
1725522179,0.308,0.000
1725522179,0.458,0.000
1725522179,0.296,0.000
1725522179,0.453,0.000
1725522179,0.267,0.000
1725522179,0.291,0.000
1725522179,0.268,0.000
1725522179,0.320,0.000
1725522179,0.278,0.000
1725522179,0.326,0.000
1725522179,0.336,0.000
1725522179,0.361,0.000
1725522179,0.250,0.000
1725522179,0.257,0.000
1725522179,0.362,0.000
1725522179,0.311,0.000
1725522179,0.393,0.000
1725522179,0.356,0.000
1725522179,0.336,0.000
1725522179,0.393,0.000
1725522179,0.416,0.000
1725522179,0.381,0.000
1725522179,0.291,0.000
1725522179,0.241,0.000
1725522179,0.351,0.000
1725522179,0.235,0.000
1725522179,0.357,0.000
1725522179,0.271,0.000
1725522179,0.352,0.000
1725522179,0.407,0.000
1725522179,0.385,0.000
1725522179,0.313,0.000
1725522179,0.366,0.000
1725522179,0.252,0.000
1725522179,0.401,0.000
1725522179,0.340,0.000
1725522179,0.346,0.000
1725522179,0.497,0.000
1725522179,0.321,0.000
1725522179,0.305,0.000
1725522179,0.300,0.000
1725522179,0.428,0.000
1725522179,0.343,0.000
1725522179,0.310,0.000
1725522179,0.329,0.000
1725522179,0.332,0.000
1725522179,0.300,0.000
1725522179,0.307,0.000
1725522179,0.513,0.000
1725522179,0.345,0.000
1725522179,0.279,0.000
1725522179,0.355,0.000
1725522179,0.301,0.000
1725522179,0.381,0.000
1725522179,0.323,0.000
1725522179,0.346,0.000
1725522179,0.332,0.000
1725522179,0.292,0.000
1725522179,0.368,0.000
1725522179,0.508,0.000
1725522179,0.298,0.000
1725522179,0.329,0.000
1725522179,0.302,0.000
1725522179,0.310,0.000
1725522179,0.407,0.000
1725522179,0.299,0.000
1725522179,0.295,0.000
1725522179,0.264,0.000
1725522179,0.239,0.000
1725522179,0.661,0.000
1725522179,0.331,0.000
1725522179,0.301,0.000
1725522179,0.295,0.000
1725522179,0.318,0.000
1725522179,0.292,0.000
1725522179,0.245,0.000
1725522179,0.283,0.000
1725522179,0.360,0.000
1725522179,0.415,0.000
1725522179,0.289,0.000
1725522179,0.322,0.000
1725522179,0.337,0.000
1725522179,0.363,0.000
1725522179,0.418,0.000
1725522179,0.365,0.000
1725522179,0.521,0.000
1725522179,0.318,0.000
1725522179,0.287,0.000
1725522180,0.324,0.000
1725522180,0.360,0.000
1725522180,0.414,0.000
1725522180,0.298,0.000
1725522180,0.381,0.000
1725522180,0.331,0.000
1725522180,0.258,0.000
1725522180,0.325,0.000
1725522180,0.375,0.000
1725522180,0.305,0.000
1725522180,0.369,0.000
1725522180,0.393,0.000
1725522180,0.321,0.000
1725522180,0.274,0.000
1725522180,0.352,0.000
1725522180,0.343,0.000
1725522180,0.314,0.000
1725522180,0.364,0.000
1725522180,0.338,0.000
1725522180,0.358,0.000
1725522180,0.365,0.000
1725522180,0.407,0.000
1725522180,0.330,0.000
1725522180,0.314,0.000
1725522180,0.313,0.000
1725522180,0.326,0.000
1725522180,0.289,0.000
1725522180,0.306,0.000
1725522180,0.321,0.000
1725522180,0.379,0.000
1725522180,0.295,0.000
1725522180,0.534,0.000
1725522180,0.355,0.000
1725522180,0.300,0.000
1725522180,0.288,0.000
1725522180,0.453,0.000
1725522180,0.286,0.000
1725522180,0.336,0.000
1725522180,0.338,0.000
1725522180,0.338,0.000
1725522180,0.339,0.000
1725522180,0.370,0.000
1725522180,0.413,0.000
1725522180,0.367,0.000
1725522180,0.358,0.000
1725522180,0.406,0.000
1725522180,0.344,0.000
1725522180,0.371,0.000
1725522180,0.354,0.000
1725522180,0.328,0.000
1725522180,0.407,0.000
1725522180,0.527,0.000
1725522180,0.365,0.000
1725522180,0.364,0.000
1725522180,0.310,0.000
1725522180,0.320,0.000
1725522180,0.427,0.000
1725522180,0.302,0.000
1725522180,0.314,0.000
1725522180,0.313,0.000
1725522180,0.318,0.000
1725522180,0.378,0.000
1725522180,0.527,0.000
1725522180,0.266,0.000
1725522180,0.324,0.000
1725522180,0.379,0.000
1725522180,0.417,0.000
1725522180,0.287,0.000
1725522180,0.292,0.000
1725522180,0.381,0.000
1725522180,0.302,0.000
1725522180,0.308,0.000
1725522180,0.350,0.000
1725522180,0.417,0.000
1725522180,0.408,0.000
1725522180,0.332,0.000
1725522180,0.296,0.000
1725522180,0.334,0.000
1725522180,0.440,0.000
1725522180,0.405,0.000
1725522180,0.352,0.000
1725522180,0.345,0.000
1725522180,0.278,0.000
1725522180,0.268,0.000
1725522180,0.367,0.000
1725522180,0.375,0.000
1725522180,0.301,0.000
1725522180,0.248,0.000
1725522180,0.320,0.000
1725522180,0.332,0.000
1725522180,0.317,0.000
1725522180,0.306,0.000
1725522180,0.535,0.000
1725522180,0.304,0.000
1725522180,0.293,0.000
1725522180,0.326,0.000
1725522180,0.328,0.000
1725522180,0.273,0.000
1725522180,0.438,0.000
1725522180,0.420,0.000
1725522180,0.355,0.000
1725522180,0.395,0.000
1725522180,0.336,0.000
1725522180,0.499,0.000
1725522180,0.338,0.000
1725522180,0.378,0.000
1725522180,0.357,0.000
1725522180,0.367,0.000
1725522180,0.275,0.000
1725522180,0.293,0.000
1725522180,0.456,0.000
1725522180,0.262,0.000
1725522180,0.329,0.000
1725522180,0.287,0.000
1725522180,0.352,0.000
1725522180,0.316,0.000
1725522180,0.341,0.000
1725522180,0.321,0.000
1725522180,0.354,0.000
1725522180,0.338,0.000
1725522180,0.373,0.000
1725522180,0.300,0.000
1725522180,0.625,0.000
1725522180,0.369,0.000
1725522180,0.354,0.000
1725522180,0.255,0.000
1725522180,0.348,0.000
1725522180,0.331,0.000
1725522180,0.402,0.000
1725522180,0.475,0.000
1725522180,0.294,0.000
1725522180,0.307,0.000
1725522180,0.311,0.000
1725522180,0.484,0.000
1725522180,0.339,0.000
1725522180,0.288,0.000
1725522180,0.284,0.000
1725522180,0.309,0.000
1725522180,0.336,0.000
1725522180,0.426,0.000
1725522180,0.286,0.000
1725522180,0.358,0.000
1725522180,0.356,0.000
1725522180,0.436,0.000
1725522180,0.287,0.000
1725522180,0.287,0.000
1725522180,0.346,0.000
1725522180,0.401,0.000
1725522180,0.395,0.000
1725522180,0.402,0.000
1725522180,0.386,0.000
1725522180,0.297,0.000
1725522180,0.380,0.000
1725522180,0.368,0.000
1725522180,0.265,0.000
1725522180,0.305,0.000
1725522180,0.383,0.000
1725522180,0.330,0.000
1725522180,0.311,0.000
1725522180,0.301,0.000
1725522180,0.312,0.000
1725522180,0.296,0.000
1725522180,0.342,0.000
1725522180,0.376,0.000
1725522180,0.369,0.000
1725522180,0.293,0.000
1725522180,0.314,0.000
1725522180,0.348,0.000
1725522180,0.277,0.000
1725522180,0.278,0.000
1725522180,0.312,0.000
1725522180,0.409,0.000
1725522180,0.320,0.000
1725522180,0.376,0.000
1725522181,0.261,0.000
1725522181,0.353,0.000
1725522181,0.370,0.000
1725522181,0.380,0.000
1725522181,0.280,0.000
1725522181,0.387,0.000
1725522181,0.219,0.000
1725522181,0.275,0.000
1725522181,0.367,0.000
1725522181,0.452,0.000
1725522181,0.310,0.000
1725522181,0.301,0.000
1725522181,0.360,0.000
1725522181,0.305,0.000
1725522181,0.319,0.000
1725522181,0.338,0.000
1725522181,0.385,0.000
1725522181,0.332,0.000
1725522181,0.319,0.000
1725522181,0.395,0.000
1725522181,0.344,0.000
1725522181,0.322,0.000
1725522181,0.263,0.000
1725522181,0.320,0.000
1725522181,0.427,0.000
1725522181,0.408,0.000
1725522181,0.316,0.000
1725522181,0.246,0.000
1725522181,0.364,0.000
1725522181,0.646,0.000
1725522181,0.307,0.000
1725522181,0.431,0.000
1725522181,0.332,0.000
1725522181,0.366,0.000
1725522181,0.300,0.000
1725522181,0.319,0.000
1725522181,0.308,0.000
1725522181,0.440,0.000
1725522181,0.461,0.000
1725522181,0.298,0.000
1725522181,0.469,0.000
1725522181,0.298,0.000
1725522181,0.421,0.000
1725522181,0.350,0.000
1725522181,0.288,0.000
1725522181,0.437,0.000
1725522181,0.434,0.000
1725522181,0.275,0.000
1725522181,0.428,0.000
1725522181,0.417,0.000
1725522181,0.318,0.000
1725522181,0.404,0.000
1725522181,0.488,0.000
1725522181,0.312,0.000
1725522181,0.326,0.000
1725522181,0.407,0.000
1725522181,0.355,0.000
1725522181,0.298,0.000
1725522181,0.267,0.000
1725522181,0.244,0.000
1725522181,0.312,0.000
1725522181,0.278,0.000
1725522181,0.307,0.000
1725522181,0.335,0.000
1725522181,0.435,0.000
1725522181,0.406,0.000
1725522181,0.379,0.000
1725522181,0.314,0.000
1725522181,0.286,0.000
1725522181,0.308,0.000
1725522181,0.348,0.000
1725522181,0.280,0.000
1725522181,0.314,0.000
1725522181,0.316,0.000
1725522181,0.280,0.000
1725522181,0.606,0.000
1725522181,0.407,0.000
1725522181,0.330,0.000
1725522181,0.280,0.000
1725522181,0.370,0.000
1725522181,0.312,0.000
1725522181,0.321,0.000
1725522181,0.261,0.000
1725522181,0.379,0.000
1725522181,0.306,0.000
1725522181,0.333,0.000
1725522181,0.382,0.000
1725522181,0.278,0.000
1725522181,0.399,0.000
1725522181,0.441,0.000
1725522181,0.336,0.000
1725522181,0.290,0.000
1725522181,0.364,0.000
1725522181,0.407,0.000
1725522181,0.365,0.000
1725522181,0.293,0.000
1725522181,0.245,0.000
1725522181,0.245,0.000
1725522181,0.332,0.000
1725522181,0.322,0.000
1725522181,0.266,0.000
1725522181,0.400,0.000
1725522181,0.399,0.000
1725522181,0.299,0.000
1725522181,0.272,0.000
1725522181,0.257,0.000
1725522181,0.362,0.000
1725522181,0.412,0.000
1725522181,0.455,0.000
1725522181,0.292,0.000
1725522181,0.419,0.000
1725522181,0.361,0.000
1725522181,0.316,0.000
1725522181,0.438,0.000
1725522181,0.358,0.000
1725522181,0.339,0.000
1725522181,0.316,0.000
1725522181,0.411,0.000
1725522181,0.425,0.000
1725522181,0.526,0.000
1725522181,0.413,0.000
1725522181,0.332,0.000
1725522181,0.349,0.000
1725522181,0.361,0.000
1725522181,0.280,0.000
1725522181,0.377,0.000
1725522181,0.280,0.000
1725522181,0.424,0.000
1725522181,0.338,0.000
1725522181,0.370,0.000
1725522181,0.274,0.000
1725522181,0.348,0.000
1725522181,0.517,0.000
1725522181,0.288,0.000
1725522181,0.345,0.000
1725522181,0.411,0.000
1725522181,0.356,0.000
1725522181,0.312,0.000
1725522181,0.399,0.000
1725522181,0.331,0.000
1725522181,0.318,0.000
1725522181,0.316,0.000
1725522181,0.660,0.000
1725522181,0.264,0.000
1725522181,0.364,0.000
1725522181,0.544,0.000
1725522181,0.309,0.000
1725522181,0.329,0.000
1725522181,0.307,0.000
1725522181,0.348,0.000
1725522181,0.354,0.000
1725522181,0.291,0.000
1725522181,0.267,0.000
1725522181,0.528,0.000
1725522181,0.296,0.000
1725522181,0.271,0.000
1725522181,0.440,0.000
1725522181,0.287,0.000
1725522181,0.390,0.000
1725522181,0.272,0.000
1725522181,0.291,0.000
1725522181,0.404,0.000
1725522181,0.361,0.000
1725522181,0.415,0.000
1725522181,0.339,0.000
1725522181,0.348,0.000
1725522181,0.335,0.000
1725522181,0.348,0.000
1725522181,0.352,0.000
1725522181,0.396,0.000
1725522181,0.351,0.000
1725522182,0.256,0.000
1725522182,0.334,0.000
1725522182,0.367,0.000
1725522182,0.250,0.000
1725522182,0.335,0.000
1725522182,0.313,0.000
1725522182,0.363,0.000
1725522182,0.297,0.000
1725522182,0.318,0.000
1725522182,0.278,0.000
1725522182,0.322,0.000
1725522182,0.337,0.000
1725522182,0.250,0.000
1725522182,0.414,0.000
1725522182,0.434,0.000
1725522182,0.353,0.000
1725522182,0.315,0.000
1725522182,0.371,0.000
1725522182,0.265,0.000
1725522182,0.379,0.000
1725522182,0.343,0.000
1725522182,0.324,0.000
1725522182,0.326,0.000
1725522182,0.288,0.000
1725522182,0.228,0.000
1725522182,0.429,0.000
1725522182,0.289,0.000
1725522182,0.340,0.000
1725522182,0.255,0.000
1725522182,0.257,0.000
1725522182,0.299,0.000
1725522182,0.519,0.000
1725522182,0.378,0.000
1725522182,0.489,0.000
1725522182,0.359,0.000
1725522182,0.352,0.000
1725522182,0.330,0.000
1725522182,0.515,0.000
1725522182,0.370,0.000
1725522182,0.419,0.000
1725522182,0.382,0.000
1725522182,0.275,0.000
1725522182,0.369,0.000
1725522182,0.312,0.000
1725522182,0.302,0.000
1725522182,0.258,0.000
1725522182,0.218,0.000
1725522182,0.286,0.000
1725522182,0.328,0.000
1725522182,0.279,0.000
1725522182,0.274,0.000
1725522182,0.319,0.000
1725522182,0.310,0.000
1725522182,0.352,0.000
1725522182,0.324,0.000
1725522182,0.362,0.000
1725522182,0.282,0.000
1725522182,0.371,0.000
1725522182,0.295,0.000
1725522182,0.342,0.000
1725522182,0.649,0.000
1725522182,0.289,0.000
1725522182,0.282,0.000
1725522182,0.232,0.000
1725522182,0.327,0.000
1725522182,0.265,0.000
1725522182,0.306,0.000
1725522182,0.368,0.000
1725522182,0.494,0.000
1725522182,0.241,0.000
1725522182,0.342,0.000
1725522182,0.398,0.000
1725522182,0.566,0.000
1725522182,0.331,0.000
1725522182,0.327,0.000
1725522182,0.432,0.000
1725522182,0.415,0.000
1725522182,0.292,0.000
1725522182,0.312,0.000
1725522182,0.374,0.000
1725522182,0.331,0.000
1725522182,0.404,0.000
1725522182,0.310,0.000
1725522182,0.413,0.000
1725522182,0.431,0.000
1725522182,0.330,0.000
1725522182,0.268,0.000
1725522182,0.274,0.000
1725522182,0.394,0.000
1725522182,0.264,0.000
1725522182,0.320,0.000
1725522182,0.481,0.000
1725522182,0.327,0.000
1725522182,0.447,0.000
1725522182,0.292,0.000
1725522182,0.348,0.000
1725522182,0.283,0.000
1725522182,0.378,0.000
1725522182,0.277,0.000
1725522182,0.346,0.000
1725522182,0.291,0.000
1725522182,0.319,0.000
1725522182,0.384,0.000
1725522182,0.336,0.000
1725522182,0.350,0.000
1725522182,0.317,0.000
1725522182,0.274,0.000
1725522182,0.303,0.000
1725522182,0.267,0.000
1725522182,0.461,0.000
1725522182,0.498,0.000
1725522182,0.499,0.000
1725522182,0.305,0.000
1725522182,0.466,0.000
1725522182,0.300,0.000
1725522182,0.293,0.000
1725522182,0.350,0.000
1725522182,0.253,0.000
1725522182,0.523,0.000
1725522182,0.306,0.000
1725522182,0.504,0.000
1725522182,0.412,0.000
1725522182,0.286,0.000
1725522182,0.347,0.000
1725522182,0.321,0.000
1725522182,0.375,0.000
1725522182,0.281,0.000
1725522182,0.435,0.000
1725522182,0.363,0.000
1725522182,0.323,0.000
1725522182,0.449,0.000
1725522182,0.346,0.000
1725522182,0.285,0.000
1725522182,0.406,0.000
1725522182,0.268,0.000
1725522182,0.420,0.000
1725522182,0.336,0.000
1725522182,0.335,0.000
1725522182,0.337,0.000
1725522182,0.532,0.000
1725522182,0.343,0.000
1725522182,0.367,0.000
1725522182,0.475,0.000
1725522182,0.380,0.000
1725522182,0.429,0.000
1725522182,0.412,0.000
1725522182,0.264,0.000
1725522182,0.312,0.000
1725522182,0.465,0.000
1725522182,0.304,0.000
1725522182,0.251,0.000
1725522182,0.254,0.000
1725522182,0.271,0.000
1725522182,0.376,0.000
1725522182,0.284,0.000
1725522182,0.279,0.000
1725522182,0.321,0.000
1725522182,0.322,0.000
1725522182,0.360,0.000
1725522182,0.347,0.000
1725522182,0.301,0.000
1725522182,0.462,0.000
1725522182,0.261,0.000
1725522182,0.322,0.000
1725522182,0.300,0.000
1725522182,0.333,0.000
1725522182,0.328,0.000
1725522182,0.426,0.000
1725522182,0.411,0.000
1725522182,0.382,0.000
1725522182,0.307,0.000
1725522182,0.287,0.000
1725522182,0.252,0.000
1725522182,0.417,0.000
1725522182,0.413,0.000
1725522183,0.396,0.000
1725522183,0.317,0.000
1725522183,0.494,0.000
1725522183,0.259,0.000
1725522183,0.405,0.000
1725522183,0.346,0.000
1725522183,0.338,0.000
1725522183,0.314,0.000
1725522183,0.377,0.000
1725522183,0.312,0.000
1725522183,0.444,0.000
1725522183,0.334,0.000
1725522183,0.302,0.000
1725522183,0.279,0.000
1725522183,0.381,0.000
1725522183,0.300,0.000
1725522183,0.309,0.000
1725522183,0.422,0.000
1725522183,0.376,0.000
1725522183,0.262,0.000
1725522183,0.299,0.000
1725522183,0.423,0.000
1725522183,0.233,0.000
1725522183,0.330,0.000
1725522183,0.305,0.000
1725522183,0.294,0.000
1725522183,0.349,0.000
1725522183,0.449,0.000
1725522183,0.367,0.000
1725522183,0.501,0.000
1725522183,0.381,0.000
1725522183,0.424,0.000
1725522183,0.338,0.000
1725522183,0.698,0.000
1725522183,0.414,0.000
1725522183,0.280,0.000
1725522183,0.426,0.000
1725522183,0.351,0.000
1725522183,0.267,0.000
1725522183,0.305,0.000
1725522183,0.292,0.000
1725522183,0.328,0.000
1725522183,0.315,0.000
1725522183,0.296,0.000
1725522183,0.295,0.000
1725522183,0.306,0.000
1725522183,0.354,0.000
1725522183,0.374,0.000
1725522183,0.481,0.000
1725522183,0.283,0.000
1725522183,0.421,0.000
1725522183,0.451,0.000
1725522183,0.357,0.000
1725522183,0.319,0.000
1725522183,0.275,0.000
1725522183,0.290,0.000
1725522183,0.482,0.000
1725522183,0.263,0.000
1725522183,0.349,0.000
1725522183,0.300,0.000
1725522183,0.457,0.000
1725522183,0.298,0.000
1725522183,0.314,0.000
1725522183,0.512,0.000
1725522183,0.429,0.000
1725522183,0.429,0.000
1725522183,0.318,0.000
1725522183,0.232,0.000
1725522183,0.475,0.000
1725522183,0.285,0.000
1725522183,0.302,0.000
1725522183,0.439,0.000
1725522183,0.281,0.000
1725522183,0.263,0.000
1725522183,0.376,0.000
1725522183,0.260,0.000
1725522183,0.358,0.000
1725522183,0.378,0.000
1725522183,0.346,0.000
1725522183,0.333,0.000
1725522183,0.296,0.000
1725522183,0.442,0.000
1725522183,0.389,0.000
1725522183,0.289,0.000
1725522183,0.467,0.000
1725522183,0.261,0.000
1725522183,0.260,0.000
1725522183,0.345,0.000
1725522183,0.252,0.000
1725522183,0.273,0.000
1725522183,0.398,0.000
1725522183,0.407,0.000
1725522183,0.361,0.000
1725522183,0.504,0.000
1725522183,0.316,0.000
1725522183,0.336,0.000
1725522183,0.407,0.000
1725522183,0.350,0.000
1725522183,0.410,0.000
1725522183,0.351,0.000
1725522183,0.413,0.000
1725522183,0.447,0.000
1725522183,0.357,0.000
1725522183,0.305,0.000
1725522183,0.324,0.000
1725522183,0.899,0.000
1725522183,0.317,0.000
1725522183,0.306,0.000
1725522183,0.434,0.000
1725522183,0.368,0.000
1725522183,0.381,0.000
1725522183,0.348,0.000
1725522183,0.351,0.000
1725522183,0.311,0.000
1725522183,0.381,0.000
1725522183,0.294,0.000
1725522183,0.289,0.000
1725522183,0.400,0.000
1725522183,0.291,0.000
1725522183,0.287,0.000
1725522183,0.378,0.000
1725522183,0.291,0.000
1725522183,0.363,0.000
1725522183,0.423,0.000
1725522183,0.272,0.000
1725522183,0.399,0.000
1725522183,0.334,0.000
1725522183,0.289,0.000
1725522183,0.368,0.000
1725522183,0.451,0.000
1725522183,0.302,0.000
1725522183,0.440,0.000
1725522183,0.335,0.000
1725522183,0.309,0.000
1725522183,0.390,0.000
1725522183,0.308,0.000
1725522183,0.335,0.000
1725522183,0.346,0.000
1725522183,0.481,0.000
1725522183,0.292,0.000
1725522183,0.259,0.000
1725522183,0.381,0.000
1725522183,0.212,0.000
1725522183,0.312,0.000
1725522183,0.341,0.000
1725522183,0.461,0.000
1725522183,0.327,0.000
1725522183,0.342,0.000
1725522183,0.469,0.000
1725522183,0.410,0.000
1725522183,0.236,0.000
1725522183,0.328,0.000
1725522183,0.312,0.000
1725522183,0.352,0.000
1725522183,0.531,0.000
1725522183,0.460,0.000
1725522183,0.456,0.000
1725522183,0.416,0.000
1725522183,0.377,0.000
1725522183,0.331,0.000
1725522183,0.449,0.000
1725522184,0.300,0.000
1725522184,0.314,0.000
1725522184,0.300,0.000
1725522184,0.272,0.000
1725522184,0.345,0.000
1725522184,0.267,0.000
1725522184,0.382,0.000
1725522184,0.406,0.000
1725522184,0.326,0.000
1725522184,0.338,0.000
1725522184,0.321,0.000
1725522184,0.342,0.000
1725522184,0.345,0.000
1725522184,0.281,0.000
1725522184,0.395,0.000
1725522184,0.490,0.000
1725522184,0.505,0.000
1725522184,0.332,0.000
1725522184,0.453,0.000
1725522184,0.417,0.000
1725522184,0.406,0.000
1725522184,0.333,0.000
1725522184,0.417,0.000
1725522184,0.388,0.000
1725522184,0.422,0.000
1725522184,0.260,0.000
1725522184,0.455,0.000
1725522184,0.336,0.000
1725522184,0.331,0.000
1725522184,0.374,0.000
1725522184,0.411,0.000
1725522184,0.347,0.000
1725522184,0.359,0.000
1725522184,0.285,0.000
1725522184,0.317,0.000
1725522184,0.372,0.000
1725522184,0.362,0.000
1725522184,0.362,0.000
1725522184,0.303,0.000
1725522184,0.340,0.000
1725522184,0.336,0.000
1725522184,0.366,0.000
1725522184,0.277,0.000
1725522184,0.346,0.000
1725522184,0.275,0.000
1725522184,0.525,0.000
1725522184,0.311,0.000
1725522184,0.370,0.000
1725522184,0.382,0.000
1725522184,0.349,0.000
1725522184,0.252,0.000
1725522184,0.294,0.000
1725522184,0.482,0.000
1725522184,0.381,0.000
1725522184,0.287,0.000
1725522184,0.319,0.000
1725522184,0.290,0.000
1725522184,0.341,0.000
1725522184,0.306,0.000
1725522184,0.355,0.000
1725522184,0.347,0.000
1725522184,0.279,0.000
1725522184,0.353,0.000
1725522184,0.321,0.000
1725522184,0.292,0.000
1725522184,0.352,0.000
1725522184,0.434,0.000
1725522184,0.399,0.000
1725522184,0.341,0.000
1725522184,0.279,0.000
1725522184,0.334,0.000
1725522184,0.275,0.000
1725522184,0.346,0.000
1725522184,0.392,0.000
1725522184,0.307,0.000
1725522184,0.283,0.000
1725522184,0.243,0.000
1725522184,0.312,0.000
1725522184,0.313,0.000
1725522184,0.249,0.000
1725522184,0.325,0.000
1725522184,0.490,0.000
1725522184,0.279,0.000
1725522184,0.442,0.000
1725522184,0.318,0.000
1725522184,0.352,0.000
1725522184,0.397,0.000
1725522184,0.286,0.000
1725522184,0.358,0.000
1725522184,0.412,0.000
1725522184,0.326,0.000
1725522184,0.298,0.000
1725522184,0.419,0.000
1725522184,0.338,0.000
1725522184,0.534,0.000
1725522184,0.265,0.000
1725522184,0.435,0.000
1725522184,0.318,0.000
1725522184,0.415,0.000
1725522184,0.332,0.000
1725522184,0.394,0.000
1725522184,0.384,0.000
1725522184,0.326,0.000
1725522184,0.386,0.000
1725522184,0.839,0.000
1725522184,0.400,0.000
1725522184,0.317,0.000
1725522184,0.348,0.000
1725522184,0.389,0.000
1725522184,0.376,0.000
1725522184,0.262,0.000
1725522184,0.371,0.000
1725522184,0.357,0.000
1725522184,0.235,0.000
1725522184,0.276,0.000
1725522184,0.501,0.000
1725522184,0.342,0.000
1725522184,0.295,0.000
1725522184,0.457,0.000
1725522184,0.441,0.000
1725522184,0.405,0.000
1725522184,0.338,0.000
1725522184,0.368,0.000
1725522184,0.325,0.000
1725522184,0.351,0.000
1725522184,0.345,0.000
1725522184,0.380,0.000
1725522184,0.354,0.000
1725522184,0.447,0.000
1725522184,0.371,0.000
1725522184,0.372,0.000
1725522184,0.401,0.000
1725522184,0.392,0.000
1725522184,0.368,0.000
1725522184,0.334,0.000
1725522184,0.395,0.000
1725522184,0.314,0.000
1725522184,0.447,0.000
1725522184,0.365,0.000
1725522184,0.418,0.000
1725522184,0.335,0.000
1725522184,0.280,0.000
1725522184,0.328,0.000
1725522184,0.304,0.000
1725522184,0.225,0.000
1725522184,0.478,0.000
1725522184,0.328,0.000
1725522184,0.387,0.000
1725522184,0.372,0.000
1725522184,0.335,0.000
1725522184,0.367,0.000
1725522184,0.405,0.000
1725522184,0.357,0.000
1725522184,0.394,0.000
1725522184,0.448,0.000
1725522184,0.492,0.000
1725522184,0.257,0.000
1725522184,0.228,0.000
1725522184,0.378,0.000
1725522184,0.316,0.000
1725522184,0.368,0.000
1725522184,0.383,0.000
1725522184,0.800,0.000
1725522184,0.328,0.000
1725522184,0.373,0.000
1725522184,0.289,0.000
1725522184,0.331,0.000
1725522184,0.438,0.000
1725522184,0.337,0.000
1725522185,0.303,0.000
1725522185,0.334,0.000
1725522185,0.286,0.000
1725522185,0.288,0.000
1725522185,0.298,0.000
1725522185,0.518,0.000
1725522185,0.309,0.000
1725522185,0.357,0.000
1725522185,0.259,0.000
1725522185,0.324,0.000
1725522185,0.352,0.000
1725522185,0.276,0.000
1725522185,0.313,0.000
1725522185,0.554,0.000
1725522185,0.349,0.000
1725522185,0.369,0.000
1725522185,0.499,0.000
1725522185,0.376,0.000
1725522185,0.261,0.000
1725522185,0.586,0.000
1725522185,0.301,0.000
1725522185,0.406,0.000
1725522185,0.651,0.000
1725522185,0.314,0.000
1725522185,0.316,0.000
1725522185,0.345,0.000
1725522185,0.235,0.000
1725522185,0.330,0.000
1725522185,0.250,0.000
1725522185,0.379,0.000
1725522185,0.350,0.000
1725522185,0.290,0.000
1725522185,0.339,0.000
1725522185,0.404,0.000
1725522185,0.333,0.000
1725522185,0.331,0.000
1725522185,0.406,0.000
1725522185,0.313,0.000
1725522185,0.364,0.000
1725522185,0.361,0.000
1725522185,0.397,0.000
1725522185,0.489,0.000
1725522185,0.286,0.000
1725522185,0.459,0.000
1725522185,0.323,0.000
1725522185,0.281,0.000
1725522185,0.361,0.000
1725522185,0.402,0.000
1725522185,0.245,0.000
1725522185,0.363,0.000
1725522185,0.425,0.000
1725522185,0.277,0.000
1725522185,0.499,0.000
1725522185,0.347,0.000
1725522185,0.274,0.000
1725522185,0.566,0.000
1725522185,0.329,0.000
1725522185,0.364,0.000
1725522185,0.486,0.000
1725522185,0.310,0.000
1725522185,0.351,0.000
1725522185,0.291,0.000
1725522185,0.394,0.000
1725522185,0.376,0.000
1725522185,0.479,0.000
1725522185,0.254,0.000
1725522185,0.316,0.000
1725522185,0.332,0.000
1725522185,0.479,0.000
1725522185,0.374,0.000
1725522185,0.375,0.000
1725522185,0.370,0.000
1725522185,0.341,0.000
1725522185,0.301,0.000
1725522185,0.251,0.000
1725522185,0.288,0.000
1725522185,0.281,0.000
1725522185,0.354,0.000
1725522185,0.347,0.000
1725522185,0.424,0.000
1725522185,0.278,0.000
1725522185,0.323,0.000
1725522185,0.251,0.000
1725522185,0.357,0.000
1725522185,0.329,0.000
1725522185,0.371,0.000
1725522185,0.603,0.000
1725522185,0.454,0.000
1725522185,0.410,0.000
1725522185,0.426,0.000
1725522185,0.319,0.000
1725522185,0.300,0.000
1725522185,0.362,0.000
1725522185,0.360,0.000
1725522185,0.334,0.000
1725522185,0.293,0.000
1725522185,0.279,0.000
1725522185,0.283,0.000
1725522185,0.405,0.000
1725522185,0.275,0.000
1725522185,0.565,0.000
1725522185,0.395,0.000
1725522185,0.453,0.000
1725522185,0.225,0.000
1725522185,0.369,0.000
1725522185,0.377,0.000
1725522185,0.564,0.000
1725522185,0.332,0.000
1725522185,0.365,0.000
1725522185,0.291,0.000
1725522185,0.552,0.000
1725522185,0.243,0.000
1725522185,0.446,0.000
1725522185,0.364,0.000
1725522185,0.341,0.000
1725522185,0.341,0.000
1725522185,0.397,0.000
1725522185,0.279,0.000
1725522185,0.298,0.000
1725522185,0.393,0.000
1725522185,0.439,0.000
1725522185,0.334,0.000
1725522185,0.351,0.000
1725522185,0.263,0.000
1725522185,0.432,0.000
1725522185,0.426,0.000
1725522185,0.310,0.000
1725522185,0.763,0.000
1725522185,0.350,0.000
1725522185,0.353,0.000
1725522185,0.345,0.000
1725522185,0.431,0.000
1725522185,0.310,0.000
1725522185,0.395,0.000
1725522185,0.264,0.000
1725522185,0.423,0.000
1725522185,0.432,0.000
1725522185,0.367,0.000
1725522185,0.357,0.000
1725522185,0.486,0.000
1725522185,0.522,0.000
1725522185,0.295,0.000
1725522185,0.310,0.000
1725522185,0.433,0.000
1725522185,0.334,0.000
1725522185,0.348,0.000
1725522185,0.272,0.000
1725522185,0.312,0.000
1725522185,0.525,0.000
1725522185,0.366,0.000
1725522185,0.341,0.000
1725522185,0.338,0.000
1725522185,0.254,0.000
1725522185,0.552,0.000
1725522185,0.316,0.000
1725522185,0.386,0.000
1725522185,0.261,0.000
1725522185,0.248,0.000
1725522185,0.252,0.000
1725522185,0.259,0.000
1725522185,0.333,0.000
1725522185,0.561,0.000
1725522185,0.430,0.000
1725522185,0.263,0.000
1725522185,0.281,0.000
1725522186,0.292,0.000
1725522186,0.317,0.000
1725522186,0.365,0.000
1725522186,0.318,0.000
1725522186,0.283,0.000
1725522186,0.362,0.000
1725522186,0.321,0.000
1725522186,0.370,0.000
1725522186,0.382,0.000
1725522186,0.419,0.000
1725522186,0.281,0.000
1725522186,0.381,0.000
1725522186,0.554,0.000
1725522186,0.322,0.000
1725522186,0.316,0.000
1725522186,0.443,0.000
1725522186,0.365,0.000
1725522186,0.407,0.000
1725522186,0.364,0.000
1725522186,0.326,0.000
1725522186,0.397,0.000
1725522186,0.359,0.000
1725522186,0.306,0.000
1725522186,0.356,0.000
1725522186,0.516,0.000
1725522186,0.522,0.000
1725522186,0.422,0.000
1725522186,0.320,0.000
1725522186,0.239,0.000
1725522186,0.323,0.000
1725522186,0.567,0.000
1725522186,0.414,0.000
1725522186,0.330,0.000
1725522186,0.330,0.000
1725522186,0.347,0.000
1725522186,0.398,0.000
1725522186,0.810,0.000
1725522186,0.271,0.000
1725522186,0.516,0.000
1725522186,0.357,0.000
1725522186,0.349,0.000
1725522186,0.377,0.000
1725522186,0.490,0.000
1725522186,0.607,0.000
1725522186,0.353,0.000
1725522186,0.303,0.000
1725522186,0.296,0.000
1725522186,0.307,0.000
1725522186,0.288,0.000
1725522186,0.265,0.000
1725522186,0.324,0.000
1725522186,0.272,0.000
1725522186,0.287,0.000
1725522186,0.403,0.000
1725522186,0.371,0.000
1725522186,0.309,0.000
1725522186,0.274,0.000
1725522186,0.439,0.000
1725522186,0.310,0.000
1725522186,0.323,0.000
1725522186,0.442,0.000
1725522186,0.298,0.000
1725522186,0.498,0.000
1725522186,0.308,0.000
1725522186,0.390,0.000
1725522186,0.322,0.000
1725522186,0.489,0.000
1725522186,0.300,0.000
1725522186,0.292,0.000
1725522186,0.310,0.000
1725522186,0.526,0.000
1725522186,0.336,0.000
1725522186,0.574,0.000
1725522186,0.225,0.000
1725522186,0.323,0.000
1725522186,0.299,0.000
1725522186,0.325,0.000
1725522186,0.618,0.000
1725522186,0.431,0.000
1725522186,0.374,0.000
1725522186,0.317,0.000
1725522186,0.268,0.000
1725522186,0.322,0.000
1725522186,0.433,0.000
1725522186,0.516,0.000
1725522186,0.398,0.000
1725522186,0.317,0.000
1725522186,0.368,0.000
1725522186,0.311,0.000
1725522186,0.340,0.000
1725522186,0.286,0.000
1725522186,0.338,0.000
1725522186,0.376,0.000
1725522186,0.318,0.000
1725522186,0.407,0.000
1725522186,0.366,0.000
1725522186,0.385,0.000
1725522186,0.365,0.000
1725522186,0.263,0.000
1725522186,0.268,0.000
1725522186,0.342,0.000
1725522186,0.512,0.000
1725522186,0.274,0.000
1725522186,0.357,0.000
1725522186,0.307,0.000
1725522186,0.512,0.000
1725522186,0.292,0.000
1725522186,0.331,0.000
1725522186,0.315,0.000
1725522186,0.473,0.000
1725522186,0.391,0.000
1725522186,0.314,0.000
1725522186,0.272,0.000
1725522186,0.425,0.000
1725522186,0.408,0.000
1725522186,0.292,0.000
1725522186,0.348,0.000
1725522186,0.268,0.000
1725522186,0.339,0.000
1725522186,0.247,0.000
1725522186,0.296,0.000
1725522186,0.361,0.000
1725522186,0.478,0.000
1725522186,0.302,0.000
1725522186,0.471,0.000
1725522186,0.313,0.000
1725522186,0.297,0.000
1725522186,0.347,0.000
1725522186,0.523,0.000
1725522186,0.429,0.000
1725522186,0.316,0.000
1725522186,0.357,0.000
1725522186,0.400,0.000
1725522186,0.282,0.000
1725522186,0.349,0.000
1725522186,0.482,0.000
1725522186,0.301,0.000
1725522186,0.425,0.000
1725522186,0.273,0.000
1725522186,0.398,0.000
1725522186,0.346,0.000
1725522186,0.402,0.000
1725522186,0.320,0.000
1725522186,0.303,0.000
1725522186,0.329,0.000
1725522186,0.355,0.000
1725522186,0.373,0.000
1725522186,0.258,0.000
1725522186,0.386,0.000
1725522186,0.445,0.000
1725522186,0.314,0.000
1725522186,0.319,0.000
1725522186,0.287,0.000
1725522186,0.370,0.000
1725522186,0.313,0.000
1725522186,0.345,0.000
1725522186,0.322,0.000
1725522186,0.338,0.000
1725522186,0.288,0.000
1725522186,0.416,0.000
1725522186,0.329,0.000
1725522186,0.394,0.000
1725522186,0.359,0.000
1725522186,0.370,0.000
1725522187,0.244,0.000
1725522187,0.293,0.000
1725522187,0.339,0.000
1725522187,0.393,0.000
1725522187,0.307,0.000
1725522187,0.330,0.000
1725522187,0.464,0.000
1725522187,0.326,0.000
1725522187,0.496,0.000
1725522187,0.402,0.000
1725522187,0.440,0.000
1725522187,0.398,0.000
1725522187,0.438,0.000
1725522187,0.391,0.000
1725522187,0.330,0.000
1725522187,0.355,0.000
1725522187,0.375,0.000
1725522187,0.411,0.000
1725522187,0.318,0.000
1725522187,0.468,0.000
1725522187,0.325,0.000
1725522187,0.369,0.000
1725522187,0.329,0.000
1725522187,0.361,0.000
1725522187,0.302,0.000
1725522187,0.337,0.000
1725522187,0.513,0.000
1725522187,0.307,0.000
1725522187,0.375,0.000
1725522187,0.380,0.000
1725522187,0.354,0.000
1725522187,0.339,0.000
1725522187,0.337,0.000
1725522187,0.278,0.000
1725522187,0.265,0.000
1725522187,0.311,0.000
1725522187,0.311,0.000
1725522187,0.334,0.000
1725522187,0.403,0.000
1725522187,0.295,0.000
1725522187,0.626,0.000
1725522187,0.312,0.000
1725522187,0.380,0.000
1725522187,0.405,0.000
1725522187,0.317,0.000
1725522187,0.291,0.000
1725522187,0.283,0.000
1725522187,0.300,0.000
1725522187,0.383,0.000
1725522187,0.343,0.000
1725522187,0.324,0.000
1725522187,0.276,0.000
1725522187,0.282,0.000
1725522187,0.383,0.000
1725522187,0.313,0.000
1725522187,0.369,0.000
1725522187,0.319,0.000
1725522187,0.342,0.000
1725522187,0.334,0.000
1725522187,0.346,0.000
1725522187,0.370,0.000
1725522187,0.224,0.000
1725522187,0.366,0.000
1725522187,0.334,0.000
1725522187,0.337,0.000
1725522187,0.335,0.000
1725522187,0.341,0.000
1725522187,0.299,0.000
1725522187,0.378,0.000
1725522187,0.300,0.000
1725522187,0.482,0.000
1725522187,0.264,0.000
1725522187,0.394,0.000
1725522187,0.517,0.000
1725522187,0.275,0.000
1725522187,0.377,0.000
1725522187,0.322,0.000
1725522187,0.500,0.000
1725522187,0.514,0.000
1725522187,0.379,0.000
1725522187,0.375,0.000
1725522187,0.349,0.000
1725522187,0.345,0.000
1725522187,0.465,0.000
1725522187,0.289,0.000
1725522187,0.335,0.000
1725522187,0.287,0.000
1725522187,0.322,0.000
1725522187,0.458,0.000
1725522187,0.510,0.000
1725522187,0.289,0.000
1725522187,0.338,0.000
1725522187,0.302,0.000
1725522187,0.249,0.000
1725522187,0.351,0.000
1725522187,0.369,0.000
1725522187,0.307,0.000
1725522187,0.292,0.000
1725522187,0.534,0.000
1725522187,0.247,0.000
1725522187,0.422,0.000
1725522187,0.369,0.000
1725522187,0.340,0.000
1725522187,0.309,0.000
1725522187,0.247,0.000
1725522187,0.380,0.000
1725522187,0.402,0.000
1725522187,0.389,0.000
1725522187,0.436,0.000
1725522187,0.312,0.000
1725522187,0.273,0.000
1725522187,0.509,0.000
1725522187,0.368,0.000
1725522187,0.352,0.000
1725522187,0.406,0.000
1725522187,0.397,0.000
1725522187,0.261,0.000
1725522187,0.310,0.000
1725522187,0.310,0.000
1725522187,0.374,0.000
1725522187,0.299,0.000
1725522187,0.488,0.000
1725522187,0.360,0.000
1725522187,0.359,0.000
1725522187,0.277,0.000
1725522187,0.405,0.000
1725522187,0.355,0.000
1725522187,0.341,0.000
1725522187,0.361,0.000
1725522187,0.312,0.000
1725522187,0.365,0.000
1725522187,0.312,0.000
1725522187,0.229,0.000
1725522187,0.317,0.000
1725522187,0.396,0.000
1725522187,0.460,0.000
1725522187,0.310,0.000
1725522187,0.304,0.000
1725522187,0.327,0.000
1725522187,0.364,0.000
1725522187,0.304,0.000
1725522187,0.372,0.000
1725522187,0.375,0.000
1725522187,0.444,0.000
1725522187,0.352,0.000
1725522187,0.388,0.000
1725522187,0.297,0.000
1725522187,0.362,0.000
1725522187,0.349,0.000
1725522187,0.342,0.000
1725522187,0.255,0.000
1725522187,0.331,0.000
1725522187,0.326,0.000
1725522187,0.261,0.000
1725522187,0.374,0.000
1725522187,0.334,0.000
1725522187,0.346,0.000
1725522187,0.323,0.000
1725522187,0.342,0.000
1725522187,0.357,0.000
1725522187,0.353,0.000
1725522187,0.290,0.000
1725522187,0.373,0.000
1725522187,0.273,0.000
1725522187,0.306,0.000
1725522187,0.393,0.000
1725522188,0.399,0.000
1725522188,0.385,0.000
1725522188,0.448,0.000
1725522188,0.356,0.000
1725522188,0.404,0.000
1725522188,0.358,0.000
1725522188,0.319,0.000
1725522188,0.515,0.000
1725522188,0.330,0.000
1725522188,0.437,0.000
1725522188,0.338,0.000
1725522188,0.388,0.000
1725522188,0.597,0.000
1725522188,0.331,0.000
1725522188,0.380,0.000
1725522188,0.301,0.000
1725522188,0.305,0.000
1725522188,0.321,0.000
1725522188,0.331,0.000
1725522188,0.328,0.000
1725522188,0.578,0.000
1725522188,0.346,0.000
1725522188,0.322,0.000
1725522188,0.266,0.000
1725522188,0.333,0.000
1725522188,0.372,0.000
1725522188,0.371,0.000
1725522188,0.392,0.000
1725522188,0.467,0.000
1725522188,0.415,0.000
1725522188,0.304,0.000
1725522188,0.343,0.000
1725522188,0.400,0.000
1725522188,0.468,0.000
1725522188,0.349,0.000
1725522188,0.308,0.000
1725522188,0.317,0.000
1725522188,0.292,0.000
1725522188,0.328,0.000
1725522188,0.555,0.000
1725522188,0.465,0.000
1725522188,0.383,0.000
1725522188,0.388,0.000
1725522188,0.339,0.000
1725522188,0.255,0.000
1725522188,0.291,0.000
1725522188,0.326,0.000
1725522188,0.355,0.000
1725522188,0.245,0.000
1725522188,0.230,0.000
1725522188,0.276,0.000
1725522188,0.410,0.000
1725522188,0.407,0.000
1725522188,0.341,0.000
1725522188,0.307,0.000
1725522188,0.350,0.000
1725522188,0.256,0.000
1725522188,0.260,0.000
1725522188,0.334,0.000
1725522188,0.369,0.000
1725522188,0.246,0.000
1725522188,0.339,0.000
1725522188,0.234,0.000
1725522188,0.293,0.000
1725522188,0.307,0.000
1725522188,0.442,0.000
1725522188,0.368,0.000
1725522188,0.359,0.000
1725522188,0.453,0.000
1725522188,0.280,0.000
1725522188,0.398,0.000
1725522188,2.155,0.000
1725522188,0.301,0.000
1725522188,0.346,0.000
1725522188,0.352,0.000
1725522188,0.286,0.000
1725522188,0.367,0.000
1725522188,0.244,0.000
1725522188,0.303,0.000
1725522188,0.323,0.000
1725522188,0.337,0.000
1725522188,0.416,0.000
1725522188,0.294,0.000
1725522188,0.340,0.000
1725522188,0.268,0.000
1725522188,0.531,0.000
1725522188,0.341,0.000
1725522188,0.273,0.000
1725522188,0.287,0.000
1725522188,0.308,0.000
1725522188,0.488,0.000
1725522188,0.300,0.000
1725522188,0.288,0.000
1725522188,0.336,0.000
1725522188,0.264,0.000
1725522188,0.273,0.000
1725522188,0.320,0.000
1725522188,0.437,0.000
1725522188,0.322,0.000
1725522188,0.462,0.000
1725522188,0.427,0.000
1725522188,0.385,0.000
1725522188,0.327,0.000
1725522188,0.331,0.000
1725522188,0.269,0.000
1725522188,0.463,0.000
1725522188,0.421,0.000
1725522188,0.289,0.000
1725522188,0.274,0.000
1725522188,0.296,0.000
1725522188,0.406,0.000
1725522188,0.409,0.000
1725522188,0.345,0.000
1725522188,0.383,0.000
1725522188,0.617,0.000
1725522188,0.414,0.000
1725522188,0.446,0.000
1725522188,0.330,0.000
1725522188,0.510,0.000
1725522188,0.457,0.000
1725522188,0.329,0.000
1725522188,0.324,0.000
1725522188,0.508,0.000
1725522188,0.319,0.000
1725522188,0.539,0.000
1725522188,0.327,0.000
1725522188,0.309,0.000
1725522188,0.200,0.000
1725522188,0.370,0.000
1725522188,0.360,0.000
1725522188,0.356,0.000
1725522188,0.299,0.000
1725522188,0.310,0.000
1725522188,0.358,0.000
1725522188,0.296,0.000
1725522188,0.404,0.000
1725522188,0.270,0.000
1725522188,0.362,0.000
1725522188,0.211,0.000
1725522188,0.283,0.000
1725522188,0.292,0.000
1725522188,0.308,0.000
1725522188,0.334,0.000
1725522188,0.251,0.000
1725522188,0.249,0.000
1725522188,0.362,0.000
1725522188,0.286,0.000
1725522188,0.298,0.000
1725522188,0.443,0.000
1725522188,0.733,0.000
1725522188,0.259,0.000
1725522188,0.278,0.000
1725522188,0.301,0.000
1725522188,0.360,0.000
1725522188,0.266,0.000
1725522188,0.306,0.000
1725522188,0.482,0.000
1725522188,0.290,0.000
1725522188,0.281,0.000
1725522188,0.316,0.000
1725522188,0.309,0.000
1725522188,0.319,0.000
1725522188,0.340,0.000
1725522188,0.296,0.000
1725522188,0.349,0.000
1725522188,0.363,0.000
1725522188,0.301,0.000
1725522188,0.375,0.000
1725522188,0.313,0.000
1725522188,0.335,0.000
1725522188,0.371,0.000
1725522188,0.292,0.000
1725522188,0.290,0.000
1725522188,0.393,0.000
1725522188,0.308,0.000
1725522189,0.343,0.000
1725522189,0.280,0.000
1725522189,0.384,0.000
1725522189,0.511,0.000
1725522189,0.399,0.000
1725522189,0.389,0.000
1725522189,0.305,0.000
1725522189,0.304,0.000
1725522189,0.310,0.000
1725522189,0.303,0.000
1725522189,0.626,0.000
1725522189,0.279,0.000
1725522189,0.303,0.000
1725522189,0.270,0.000
1725522189,0.324,0.000
1725522189,0.286,0.000
1725522189,0.460,0.000
1725522189,0.279,0.000
1725522189,0.364,0.000
1725522189,0.328,0.000
1725522189,0.325,0.000
1725522189,0.304,0.000
1725522189,0.317,0.000
1725522189,0.298,0.000
1725522189,0.393,0.000
1725522189,0.279,0.000
1725522189,0.540,0.000
1725522189,0.329,0.000
1725522189,0.351,0.000
1725522189,0.374,0.000
1725522189,0.375,0.000
1725522189,0.332,0.000
1725522189,0.282,0.000
1725522189,0.321,0.000
1725522189,0.341,0.000
1725522189,0.352,0.000
1725522189,0.291,0.000
1725522189,0.352,0.000
1725522189,0.310,0.000
1725522189,0.295,0.000
1725522189,0.282,0.000
1725522189,0.337,0.000
1725522189,0.298,0.000
1725522189,0.276,0.000
1725522189,0.392,0.000
1725522189,0.570,0.000
1725522189,0.342,0.000
1725522189,0.287,0.000
1725522189,0.370,0.000
1725522189,0.322,0.000
1725522189,0.356,0.000
1725522189,0.292,0.000
1725522189,0.334,0.000
1725522189,0.293,0.000
1725522189,0.304,0.000
1725522189,0.360,0.000
1725522189,0.303,0.000
1725522189,0.481,0.000
1725522189,0.307,0.000
1725522189,0.284,0.000
1725522189,0.374,0.000
1725522189,0.289,0.000
1725522189,0.390,0.000
1725522189,0.374,0.000
1725522189,0.298,0.000
1725522189,0.416,0.000
1725522189,0.434,0.000
1725522189,0.366,0.000
1725522189,0.366,0.000
1725522189,0.372,0.000
1725522189,0.337,0.000
1725522189,0.294,0.000
1725522189,0.252,0.000
1725522189,0.345,0.000
1725522189,0.290,0.000
1725522189,0.284,0.000
1725522189,0.329,0.000
1725522189,0.329,0.000
1725522189,0.425,0.000
1725522189,0.287,0.000
1725522189,0.301,0.000
1725522189,0.347,0.000
1725522189,0.339,0.000
1725522189,0.363,0.000
1725522189,0.435,0.000
1725522189,0.307,0.000
1725522189,0.633,0.000
1725522189,0.391,0.000
1725522189,0.356,0.000
1725522189,0.316,0.000
1725522189,0.332,0.000
1725522189,0.291,0.000
1725522189,0.289,0.000
1725522189,0.495,0.000
1725522189,0.328,0.000
1725522189,0.364,0.000
1725522189,0.329,0.000
1725522189,0.308,0.000
1725522189,0.320,0.000
1725522189,0.425,0.000
1725522189,0.285,0.000
1725522189,0.342,0.000
1725522189,0.366,0.000
1725522189,0.338,0.000
1725522189,0.453,0.000
1725522189,0.276,0.000
1725522189,0.294,0.000
1725522189,0.283,0.000
1725522189,0.383,0.000
1725522189,0.296,0.000
1725522189,0.307,0.000
1725522189,0.271,0.000
1725522189,0.322,0.000
1725522189,0.287,0.000
1725522189,0.352,0.000
1725522189,0.299,0.000
1725522189,0.398,0.000
1725522189,0.352,0.000
1725522189,0.327,0.000
1725522189,0.274,0.000
1725522189,0.275,0.000
1725522189,0.268,0.000
1725522189,0.245,0.000
1725522189,0.255,0.000
1725522189,0.325,0.000
1725522189,0.268,0.000
1725522189,0.324,0.000
1725522189,0.286,0.000
1725522189,0.285,0.000
1725522189,0.367,0.000
1725522189,0.357,0.000
1725522189,0.318,0.000
1725522189,0.247,0.000
1725522189,0.479,0.000
1725522189,0.293,0.000
1725522189,0.401,0.000
1725522189,0.333,0.000
1725522189,0.438,0.000
1725522189,0.246,0.000
1725522189,0.344,0.000
1725522189,0.308,0.000
1725522189,0.353,0.000
1725522189,0.531,0.000
1725522189,0.487,0.000
1725522189,0.244,0.000
1725522189,0.293,0.000
1725522189,0.293,0.000
1725522189,0.335,0.000
1725522189,0.352,0.000
1725522189,0.412,0.000
1725522189,0.351,0.000
1725522189,0.306,0.000
1725522189,0.266,0.000
1725522189,0.303,0.000
1725522189,0.297,0.000
1725522189,0.435,0.000
1725522189,0.321,0.000
1725522189,0.516,0.000
1725522189,0.274,0.000
1725522189,0.446,0.000
1725522189,0.275,0.000
1725522189,0.293,0.000
1725522189,0.309,0.000
1725522189,0.553,0.000
1725522189,0.300,0.000
1725522189,0.287,0.000
1725522189,0.463,0.000
1725522189,0.312,0.000
1725522189,0.272,0.000
1725522189,0.471,0.000
1725522189,0.275,0.000
1725522189,0.271,0.000
1725522189,0.457,0.000
1725522189,0.283,0.000
1725522189,0.390,0.000
1725522189,0.364,0.000
1725522190,0.327,0.000
1725522190,0.279,0.000
1725522190,0.421,0.000
1725522190,0.267,0.000
1725522190,0.307,0.000
1725522190,0.297,0.000
1725522190,0.419,0.000
1725522190,0.325,0.000
1725522190,0.377,0.000
1725522190,0.339,0.000
1725522190,0.342,0.000
1725522190,0.434,0.000
1725522190,0.352,0.000
1725522190,0.255,0.000
1725522190,0.217,0.000
1725522190,0.318,0.000
1725522190,0.396,0.000
1725522190,0.255,0.000
1725522190,0.258,0.000
1725522190,0.634,0.000
1725522190,0.284,0.000
1725522190,0.392,0.000
1725522190,0.382,0.000
1725522190,0.322,0.000
1725522190,0.475,0.000
1725522190,0.342,0.000
1725522190,0.333,0.000
1725522190,0.336,0.000
1725522190,0.279,0.000
1725522190,0.308,0.000
1725522190,0.279,0.000
1725522190,0.304,0.000
1725522190,0.272,0.000
1725522190,0.418,0.000
1725522190,0.244,0.000
1725522190,0.469,0.000
1725522190,0.319,0.000
1725522190,0.268,0.000
1725522190,0.342,0.000
1725522190,0.290,0.000
1725522190,0.347,0.000
1725522190,0.432,0.000
1725522190,0.348,0.000
1725522190,0.282,0.000
1725522190,0.456,0.000
1725522190,0.274,0.000
1725522190,0.381,0.000
1725522190,0.358,0.000
1725522190,0.297,0.000
1725522190,0.296,0.000
1725522190,0.403,0.000
1725522190,0.252,0.000
1725522190,0.332,0.000
1725522190,0.391,0.000
1725522190,0.317,0.000
1725522190,0.371,0.000
1725522190,0.279,0.000
1725522190,0.335,0.000
1725522190,0.416,0.000
1725522190,0.269,0.000
1725522190,0.302,0.000
1725522190,0.245,0.000
1725522190,0.323,0.000
1725522190,0.310,0.000
1725522190,0.351,0.000
1725522190,0.250,0.000
1725522190,0.403,0.000
1725522190,0.293,0.000
1725522190,0.353,0.000
1725522190,0.504,0.000
1725522190,0.309,0.000
1725522190,0.351,0.000
1725522190,0.322,0.000
1725522190,0.341,0.000
1725522190,0.362,0.000
1725522190,0.307,0.000
1725522190,0.326,0.000
1725522190,0.279,0.000
1725522190,0.305,0.000
1725522190,0.296,0.000
1725522190,0.283,0.000
1725522190,0.304,0.000
1725522190,0.417,0.000
1725522190,0.343,0.000
1725522190,0.351,0.000
1725522190,0.384,0.000
1725522190,0.309,0.000
1725522190,0.315,0.000
1725522190,0.400,0.000
1725522190,0.422,0.000
1725522190,0.433,0.000
1725522190,0.309,0.000
1725522190,0.366,0.000
1725522190,0.260,0.000
1725522190,0.404,0.000
1725522190,0.345,0.000
1725522190,0.324,0.000
1725522190,0.278,0.000
1725522190,0.356,0.000
1725522190,0.271,0.000
1725522190,0.445,0.000
1725522190,0.363,0.000
1725522190,0.282,0.000
1725522190,0.367,0.000
1725522190,0.239,0.000
1725522190,0.364,0.000
1725522190,0.354,0.000
1725522190,0.267,0.000
1725522190,0.319,0.000
1725522190,0.302,0.000
1725522190,0.310,0.000
1725522190,0.279,0.000
1725522190,0.419,0.000
1725522190,0.273,0.000
1725522190,0.363,0.000
1725522190,0.335,0.000
1725522190,0.417,0.000
1725522190,0.411,0.000
1725522190,0.380,0.000
1725522190,0.272,0.000
1725522190,0.268,0.000
1725522190,0.348,0.000
1725522190,0.321,0.000
1725522190,0.285,0.000
1725522190,0.348,0.000
1725522190,0.257,0.000
1725522190,0.277,0.000
1725522190,0.283,0.000
1725522190,0.296,0.000
1725522190,0.282,0.000
1725522190,0.367,0.000
1725522190,0.293,0.000
1725522190,0.433,0.000
1725522190,0.268,0.000
1725522190,0.415,0.000
1725522190,0.367,0.000
1725522190,0.316,0.000
1725522190,0.443,0.000
1725522190,0.340,0.000
1725522190,0.269,0.000
1725522190,0.399,0.000
1725522190,0.528,0.000
1725522190,0.280,0.000
1725522190,0.245,0.000
1725522190,0.248,0.000
1725522190,0.478,0.000
1725522190,0.343,0.000
1725522190,0.276,0.000
1725522190,0.381,0.000
1725522190,0.299,0.000
1725522190,0.307,0.000
1725522190,0.319,0.000
1725522190,0.299,0.000
1725522190,0.343,0.000
1725522190,0.333,0.000
1725522190,0.350,0.000
1725522190,0.293,0.000
1725522190,0.296,0.000
1725522190,0.350,0.000
1725522190,0.365,0.000
1725522190,0.409,0.000
1725522190,0.303,0.000
1725522190,0.310,0.000
1725522190,0.280,0.000
1725522190,0.304,0.000
1725522190,0.259,0.000
1725522190,0.270,0.000
1725522190,0.438,0.000
1725522190,0.272,0.000
1725522190,0.385,0.000
1725522190,0.332,0.000
1725522190,0.378,0.000
1725522190,0.257,0.000
1725522190,0.280,0.000
1725522190,0.413,0.000
1725522190,0.289,0.000
1725522190,0.304,0.000
1725522190,0.254,0.000
1725522190,0.407,0.000
1725522190,0.297,0.000
1725522190,0.258,0.000
1725522191,0.340,0.000
1725522191,0.386,0.000
1725522191,0.294,0.000
1725522191,0.392,0.000
1725522191,0.378,0.000
1725522191,0.490,0.000
1725522191,0.350,0.000
1725522191,0.272,0.000
1725522191,0.242,0.000
1725522191,0.358,0.000
1725522191,0.315,0.000
1725522191,0.367,0.000
1725522191,0.506,0.000
1725522191,0.359,0.000
1725522191,0.345,0.000
1725522191,0.316,0.000
1725522191,0.495,0.000
1725522191,0.383,0.000
1725522191,0.318,0.000
1725522191,0.539,0.000
1725522191,0.414,0.000
1725522191,0.269,0.000
1725522191,0.309,0.000
1725522191,0.301,0.000
1725522191,0.234,0.000
1725522191,0.282,0.000
1725522191,0.265,0.000
1725522191,0.294,0.000
1725522191,0.274,0.000
1725522191,0.492,0.000
1725522191,0.361,0.000
1725522191,0.290,0.000
1725522191,0.264,0.000
1725522191,0.338,0.000
1725522191,0.322,0.000
1725522191,0.221,0.000
1725522191,0.397,0.000
1725522191,0.282,0.000
1725522191,0.327,0.000
1725522191,0.293,0.000
1725522191,0.257,0.000
1725522191,0.334,0.000
1725522191,0.245,0.000
1725522191,0.341,0.000
1725522191,0.315,0.000
1725522191,0.302,0.000
1725522191,0.348,0.000
1725522191,0.316,0.000
1725522191,0.438,0.000
1725522191,0.378,0.000
1725522191,0.307,0.000
1725522191,0.340,0.000
1725522191,0.298,0.000
1725522191,0.391,0.000
1725522191,0.392,0.000
1725522191,0.261,0.000
1725522191,0.490,0.000
1725522191,0.346,0.000
1725522191,0.248,0.000
1725522191,0.296,0.000
1725522191,0.330,0.000
1725522191,0.367,0.000
1725522191,0.326,0.000
1725522191,0.358,0.000
1725522191,0.321,0.000
1725522191,0.277,0.000
1725522191,0.314,0.000
1725522191,0.311,0.000
1725522191,0.416,0.000
1725522191,0.391,0.000
1725522191,0.501,0.000
1725522191,0.343,0.000
1725522191,0.333,0.000
1725522191,0.380,0.000
1725522191,0.354,0.000
1725522191,0.334,0.000
1725522191,0.337,0.000
1725522191,0.276,0.000
1725522191,0.391,0.000
1725522191,0.331,0.000
1725522191,0.307,0.000
1725522191,0.317,0.000
1725522191,0.407,0.000
1725522191,0.442,0.000
1725522191,0.254,0.000
1725522191,0.274,0.000
1725522191,0.309,0.000
1725522191,0.407,0.000
1725522191,0.445,0.000
1725522191,0.311,0.000
1725522191,0.338,0.000
1725522191,0.273,0.000
1725522191,0.314,0.000
1725522191,0.284,0.000
1725522191,0.334,0.000
1725522191,0.337,0.000
1725522191,0.552,0.000
1725522191,0.317,0.000
1725522191,0.311,0.000
1725522191,0.307,0.000
1725522191,0.279,0.000
1725522191,0.357,0.000
1725522191,0.360,0.000
1725522191,0.255,0.000
1725522191,0.314,0.000
1725522191,0.305,0.000
1725522191,0.282,0.000
1725522191,0.396,0.000
1725522191,0.340,0.000
1725522191,0.345,0.000
1725522191,0.305,0.000
1725522191,0.365,0.000
1725522191,0.377,0.000
1725522191,0.419,0.000
1725522191,0.369,0.000
1725522191,0.265,0.000
1725522191,0.328,0.000
1725522191,0.343,0.000
1725522191,0.579,0.000
1725522191,0.355,0.000
1725522191,0.417,0.000
1725522191,0.249,0.000
1725522191,0.286,0.000
1725522191,0.378,0.000
1725522191,0.295,0.000
1725522191,0.327,0.000
1725522191,0.377,0.000
1725522191,0.304,0.000
1725522191,0.252,0.000
1725522191,0.287,0.000
1725522191,0.376,0.000
1725522191,0.288,0.000
1725522191,0.312,0.000
1725522191,0.334,0.000
1725522191,0.348,0.000
1725522191,0.284,0.000
1725522191,0.315,0.000
1725522191,0.262,0.000
1725522191,0.303,0.000
1725522191,0.518,0.000
1725522191,0.292,0.000
1725522191,0.419,0.000
1725522191,0.327,0.000
1725522191,0.345,0.000
1725522191,0.299,0.000
1725522191,0.361,0.000
1725522191,0.381,0.000
1725522191,0.410,0.000
1725522191,0.487,0.000
1725522191,0.415,0.000
1725522191,0.359,0.000
1725522191,0.349,0.000
1725522191,0.279,0.000
1725522191,0.317,0.000
1725522191,0.279,0.000
1725522191,0.311,0.000
1725522191,0.295,0.000
1725522191,0.396,0.000
1725522191,0.336,0.000
1725522191,0.293,0.000
1725522191,0.304,0.000
1725522191,0.265,0.000
1725522191,0.459,0.000
1725522191,0.475,0.000
1725522191,0.336,0.000
1725522191,0.365,0.000
1725522191,0.300,0.000
1725522191,0.291,0.000
1725522191,0.415,0.000
1725522191,0.338,0.000
1725522191,0.318,0.000
1725522191,0.368,0.000
1725522191,0.307,0.000
1725522191,0.357,0.000
1725522192,0.355,0.000
1725522192,0.325,0.000
1725522192,0.298,0.000
1725522192,0.529,0.000
1725522192,0.289,0.000
1725522192,0.269,0.000
1725522192,0.287,0.000
1725522192,0.274,0.000
1725522192,0.274,0.000
1725522192,0.278,0.000
1725522192,0.273,0.000
1725522192,0.295,0.000
1725522192,0.324,0.000
1725522192,0.317,0.000
1725522192,0.280,0.000
1725522192,0.255,0.000
1725522192,0.308,0.000
1725522192,0.313,0.000
1725522192,0.312,0.000
1725522192,0.323,0.000
1725522192,0.382,0.000
1725522192,0.486,0.000
1725522192,0.321,0.000
1725522192,0.282,0.000
1725522192,0.314,0.000
1725522192,0.388,0.000
1725522192,0.335,0.000
1725522192,0.254,0.000
1725522192,0.290,0.000
1725522192,0.311,0.000
1725522192,0.445,0.000
1725522192,0.349,0.000
1725522192,0.282,0.000
1725522192,0.270,0.000
1725522192,0.422,0.000
1725522192,0.298,0.000
1725522192,0.331,0.000
1725522192,0.302,0.000
1725522192,0.346,0.000
1725522192,0.399,0.000
1725522192,0.322,0.000
1725522192,0.315,0.000
1725522192,0.539,0.000
1725522192,0.328,0.000
1725522192,0.338,0.000
1725522192,0.403,0.000
1725522192,0.404,0.000
1725522192,0.286,0.000
1725522192,0.310,0.000
1725522192,0.324,0.000
1725522192,0.351,0.000
1725522192,0.277,0.000
1725522192,0.400,0.000
1725522192,0.389,0.000
1725522192,0.362,0.000
1725522192,0.293,0.000
1725522192,0.319,0.000
1725522192,0.247,0.000
1725522192,0.275,0.000
1725522192,0.310,0.000
1725522192,0.284,0.000
1725522192,0.270,0.000
1725522192,0.302,0.000
1725522192,0.357,0.000
1725522192,0.387,0.000
1725522192,0.380,0.000
1725522192,0.277,0.000
1725522192,0.284,0.000
1725522192,0.425,0.000
1725522192,0.221,0.000
1725522192,0.258,0.000
1725522192,0.276,0.000
1725522192,0.256,0.000
1725522192,0.441,0.000
1725522192,0.407,0.000
1725522192,0.342,0.000
1725522192,0.332,0.000
1725522192,0.363,0.000
1725522192,0.264,0.000
1725522192,0.284,0.000
1725522192,0.291,0.000
1725522192,0.596,0.000
1725522192,0.398,0.000
1725522192,0.266,0.000
1725522192,0.323,0.000
1725522192,0.473,0.000
1725522192,0.341,0.000
1725522192,0.294,0.000
1725522192,0.433,0.000
1725522192,0.305,0.000
1725522192,0.314,0.000
1725522192,0.407,0.000
1725522192,0.271,0.000
1725522192,0.498,0.000
1725522192,0.332,0.000
1725522192,0.334,0.000
1725522192,0.279,0.000
1725522192,0.355,0.000
1725522192,0.433,0.000
1725522192,0.293,0.000
1725522192,0.312,0.000
1725522192,0.362,0.000
1725522192,0.313,0.000
1725522192,0.403,0.000
1725522192,0.276,0.000
1725522192,0.419,0.000
1725522192,0.314,0.000
1725522192,0.316,0.000
1725522192,0.303,0.000
1725522192,0.280,0.000
1725522192,0.343,0.000
1725522192,0.305,0.000
1725522192,0.464,0.000
1725522192,0.374,0.000
1725522192,0.242,0.000
1725522192,0.270,0.000
1725522192,0.348,0.000
1725522192,0.372,0.000
1725522192,0.243,0.000
1725522192,0.272,0.000
1725522192,0.247,0.000
1725522192,0.309,0.000
1725522192,0.247,0.000
1725522192,0.316,0.000
1725522192,0.513,0.000
1725522192,0.363,0.000
1725522192,0.479,0.000
1725522192,0.341,0.000
1725522192,0.430,0.000
1725522192,0.314,0.000
1725522192,0.306,0.000
1725522192,0.384,0.000
1725522192,0.218,0.000
1725522192,0.257,0.000
1725522192,0.304,0.000
1725522192,0.471,0.000
1725522192,0.269,0.000
1725522192,0.382,0.000
1725522192,0.355,0.000
1725522192,0.289,0.000
1725522192,0.351,0.000
1725522192,0.332,0.000
1725522192,0.345,0.000
1725522192,0.402,0.000
1725522192,0.286,0.000
1725522192,0.520,0.000
1725522192,0.328,0.000
1725522192,0.305,0.000
1725522192,0.293,0.000
1725522192,0.370,0.000
1725522192,0.267,0.000
1725522192,0.322,0.000
1725522192,0.319,0.000
1725522192,0.401,0.000
1725522192,0.390,0.000
1725522192,0.402,0.000
1725522192,0.394,0.000
1725522192,0.362,0.000
1725522192,0.303,0.000
1725522192,0.317,0.000
1725522192,0.337,0.000
1725522192,0.303,0.000
1725522192,0.317,0.000
1725522192,0.230,0.000
1725522192,0.278,0.000
1725522192,0.354,0.000
1725522192,0.259,0.000
1725522192,0.492,0.000
1725522192,0.321,0.000
1725522192,0.411,0.000
1725522192,0.365,0.000
1725522192,0.281,0.000
1725522192,0.300,0.000
1725522192,0.433,0.000
1725522192,0.333,0.000
1725522192,0.412,0.000
1725522192,0.315,0.000
1725522192,0.433,0.000
1725522192,0.300,0.000
1725522193,0.244,0.000
1725522193,0.271,0.000
1725522193,0.288,0.000
1725522193,0.302,0.000
1725522193,0.402,0.000
1725522193,0.319,0.000
1725522193,0.273,0.000
1725522193,0.301,0.000
1725522193,0.361,0.000
1725522193,0.526,0.000
1725522193,0.479,0.000
1725522193,0.342,0.000
1725522193,0.313,0.000
1725522193,0.288,0.000
1725522193,0.323,0.000
1725522193,0.346,0.000
1725522193,0.440,0.000
1725522193,0.346,0.000
1725522193,0.356,0.000
1725522193,0.270,0.000
1725522193,0.402,0.000
1725522193,0.381,0.000
1725522193,0.336,0.000
1725522193,0.334,0.000
1725522193,0.462,0.000
1725522193,0.279,0.000
1725522193,0.378,0.000
1725522193,0.448,0.000
1725522193,0.293,0.000
1725522193,0.325,0.000
1725522193,0.341,0.000
1725522193,0.335,0.000
1725522193,0.248,0.000
1725522193,0.279,0.000
1725522193,0.339,0.000
1725522193,0.284,0.000
1725522193,0.397,0.000
1725522193,0.256,0.000
1725522193,0.346,0.000
1725522193,0.317,0.000
1725522193,0.528,0.000
1725522193,0.272,0.000
1725522193,0.331,0.000
1725522193,0.328,0.000
1725522193,0.574,0.000
1725522193,0.361,0.000
1725522193,0.326,0.000
1725522193,0.275,0.000
1725522193,0.309,0.000
1725522193,0.406,0.000
1725522193,0.259,0.000
1725522193,0.295,0.000
1725522193,0.326,0.000
1725522193,0.384,0.000
1725522193,0.433,0.000
1725522193,0.365,0.000
1725522193,0.304,0.000
1725522193,0.275,0.000
1725522193,0.477,0.000
1725522193,0.265,0.000
1725522193,0.365,0.000
1725522193,0.380,0.000
1725522193,0.317,0.000
1725522193,0.385,0.000
1725522193,0.295,0.000
1725522193,0.273,0.000
1725522193,0.319,0.000
1725522193,0.299,0.000
1725522193,0.368,0.000
1725522193,0.409,0.000
1725522193,0.419,0.000
1725522193,0.349,0.000
1725522193,0.228,0.000
1725522193,0.405,0.000
1725522193,0.324,0.000
1725522193,0.353,0.000
1725522193,0.328,0.000
1725522193,0.257,0.000
1725522193,0.353,0.000
1725522193,0.353,0.000
1725522193,0.429,0.000
1725522193,0.358,0.000
1725522193,0.294,0.000
1725522193,0.267,0.000
1725522193,0.389,0.000
1725522193,0.301,0.000
1725522193,0.315,0.000
1725522193,0.348,0.000
1725522193,0.311,0.000
1725522193,0.350,0.000
1725522193,0.216,0.000
1725522193,0.465,0.000
1725522193,0.269,0.000
1725522193,0.287,0.000
1725522193,0.611,0.000
1725522193,0.300,0.000
1725522193,0.283,0.000
1725522193,0.318,0.000
1725522193,0.410,0.000
1725522193,0.356,0.000
1725522193,0.366,0.000
1725522193,0.237,0.000
1725522193,0.274,0.000
1725522193,0.287,0.000
1725522193,0.340,0.000
1725522193,0.420,0.000
1725522193,0.369,0.000
1725522193,0.341,0.000
1725522193,0.274,0.000
1725522193,0.330,0.000
1725522193,0.334,0.000
1725522193,0.464,0.000
1725522193,0.337,0.000
1725522193,0.304,0.000
1725522193,0.259,0.000
1725522193,0.341,0.000
1725522193,0.314,0.000
1725522193,0.349,0.000
1725522193,0.319,0.000
1725522193,0.304,0.000
1725522193,0.349,0.000
1725522193,0.416,0.000
1725522193,0.488,0.000
1725522193,0.389,0.000
1725522193,0.308,0.000
1725522193,0.361,0.000
1725522193,0.517,0.000
1725522193,0.265,0.000
1725522193,0.274,0.000
1725522193,0.356,0.000
1725522193,0.524,0.000
1725522193,0.301,0.000
1725522193,0.241,0.000
1725522193,0.344,0.000
1725522193,0.376,0.000
1725522193,0.240,0.000
1725522193,0.336,0.000
1725522193,0.290,0.000
1725522193,0.321,0.000
1725522193,0.339,0.000
1725522193,0.336,0.000
1725522193,0.301,0.000
1725522193,0.308,0.000
1725522193,0.373,0.000
1725522193,0.250,0.000
1725522193,0.419,0.000
1725522193,0.314,0.000
1725522193,0.332,0.000
1725522193,0.448,0.000
1725522193,0.346,0.000
1725522193,0.303,0.000
1725522193,0.288,0.000
1725522193,0.432,0.000
1725522193,0.416,0.000
1725522193,0.347,0.000
1725522193,0.351,0.000
1725522193,0.326,0.000
1725522193,0.316,0.000
1725522193,0.306,0.000
1725522193,0.339,0.000
1725522193,0.273,0.000
1725522193,0.329,0.000
1725522193,0.345,0.000
1725522193,0.292,0.000
1725522193,0.336,0.000
1725522193,0.296,0.000
1725522193,0.324,0.000
1725522193,0.295,0.000
1725522193,0.342,0.000
1725522193,0.336,0.000
1725522193,0.388,0.000
1725522194,0.308,0.000
1725522194,0.409,0.000
1725522194,0.244,0.000
1725522194,0.242,0.000
1725522194,0.336,0.000
1725522194,0.407,0.000
1725522194,0.290,0.000
1725522194,0.318,0.000
1725522194,0.266,0.000
1725522194,0.316,0.000
1725522194,0.290,0.000
1725522194,0.293,0.000
1725522194,0.425,0.000
1725522194,0.431,0.000
1725522194,0.333,0.000
1725522194,0.331,0.000
1725522194,0.598,0.000
1725522194,0.343,0.000
1725522194,0.288,0.000
1725522194,0.376,0.000
1725522194,0.520,0.000
1725522194,0.497,0.000
1725522194,0.463,0.000
1725522194,0.345,0.000
1725522194,0.337,0.000
1725522194,0.318,0.000
1725522194,0.265,0.000
1725522194,0.267,0.000
1725522194,0.458,0.000
1725522194,0.452,0.000
1725522194,0.315,0.000
1725522194,0.413,0.000
1725522194,0.367,0.000
1725522194,0.418,0.000
1725522194,0.295,0.000
1725522194,0.323,0.000
1725522194,0.436,0.000
1725522194,0.327,0.000
1725522194,0.323,0.000
1725522194,0.355,0.000
1725522194,0.372,0.000
1725522194,0.286,0.000
1725522194,0.393,0.000
1725522194,0.427,0.000
1725522194,0.368,0.000
1725522194,0.677,0.000
1725522194,0.369,0.000
1725522194,0.361,0.000
1725522194,0.329,0.000
1725522194,0.299,0.000
1725522194,0.323,0.000
1725522194,0.371,0.000
1725522194,0.360,0.000
1725522194,0.410,0.000
1725522194,0.314,0.000
1725522194,0.300,0.000
1725522194,0.288,0.000
1725522194,0.261,0.000
1725522194,0.343,0.000
1725522194,0.288,0.000
1725522194,0.368,0.000
1725522194,0.318,0.000
1725522194,0.274,0.000
1725522194,0.352,0.000
1725522194,0.431,0.000
1725522194,0.435,0.000
1725522194,0.333,0.000
1725522194,0.322,0.000
1725522194,0.330,0.000
1725522194,0.320,0.000
1725522194,0.361,0.000
1725522194,0.300,0.000
1725522194,0.299,0.000
1725522194,0.325,0.000
1725522194,0.380,0.000
1725522194,0.272,0.000
1725522194,0.357,0.000
1725522194,0.302,0.000
1725522194,0.317,0.000
1725522194,0.395,0.000
1725522194,0.358,0.000
1725522194,0.323,0.000
1725522194,0.340,0.000
1725522194,0.310,0.000
1725522194,0.355,0.000
1725522194,0.302,0.000
1725522194,0.334,0.000
1725522194,0.324,0.000
1725522194,0.581,0.000
1725522194,0.251,0.000
1725522194,0.450,0.000
1725522194,0.356,0.000
1725522194,0.279,0.000
1725522194,0.316,0.000
1725522194,0.325,0.000
1725522194,0.475,0.000
1725522194,0.416,0.000
1725522194,0.374,0.000
1725522194,0.276,0.000
1725522194,0.275,0.000
1725522194,0.392,0.000
1725522194,0.454,0.000
1725522194,0.368,0.000
1725522194,0.347,0.000
1725522194,0.335,0.000
1725522194,0.289,0.000
1725522194,0.371,0.000
1725522194,0.440,0.000
1725522194,0.259,0.000
1725522194,0.276,0.000
1725522194,0.324,0.000
1725522194,0.442,0.000
1725522194,0.322,0.000
1725522194,0.360,0.000
1725522194,0.485,0.000
1725522194,0.319,0.000
1725522194,0.375,0.000
1725522194,0.326,0.000
1725522194,0.232,0.000
1725522194,0.249,0.000
1725522194,0.466,0.000
1725522194,0.525,0.000
1725522194,0.482,0.000
1725522194,0.333,0.000
1725522194,0.354,0.000
1725522194,0.300,0.000
1725522194,0.360,0.000
1725522194,0.619,0.000
1725522194,0.481,0.000
1725522194,0.260,0.000
1725522194,0.380,0.000
1725522194,0.292,0.000
1725522194,0.274,0.000
1725522194,0.283,0.000
1725522194,0.353,0.000
1725522194,0.316,0.000
1725522194,0.354,0.000
1725522194,0.411,0.000
1725522194,0.353,0.000
1725522194,0.244,0.000
1725522194,0.340,0.000
1725522194,0.292,0.000
1725522194,0.324,0.000
1725522194,0.326,0.000
1725522194,0.638,0.000
1725522194,0.321,0.000
1725522194,0.398,0.000
1725522194,0.411,0.000
1725522194,0.306,0.000
1725522194,0.332,0.000
1725522194,0.282,0.000
1725522194,0.230,0.000
1725522194,0.380,0.000
1725522194,0.290,0.000
1725522194,0.286,0.000
1725522194,0.310,0.000
1725522194,0.279,0.000
1725522194,0.386,0.000
1725522194,0.276,0.000
1725522194,0.531,0.000
1725522194,0.308,0.000
1725522194,0.325,0.000
1725522194,0.363,0.000
1725522194,0.409,0.000
1725522194,0.248,0.000
1725522194,0.349,0.000
1725522194,0.343,0.000
1725522194,0.446,0.000
1725522194,0.281,0.000
1725522194,0.378,0.000
1725522194,0.429,0.000
1725522195,0.318,0.000
1725522195,0.341,0.000
1725522195,0.374,0.000
1725522195,0.377,0.000
1725522195,0.244,0.000
1725522195,0.348,0.000
1725522195,0.394,0.000
1725522195,0.468,0.000
1725522195,0.358,0.000
1725522195,0.304,0.000
1725522195,0.472,0.000
1725522195,0.243,0.000
1725522195,0.353,0.000
1725522195,0.295,0.000
1725522195,0.278,0.000
1725522195,0.273,0.000
1725522195,0.325,0.000
1725522195,0.377,0.000
1725522195,0.311,0.000
1725522195,0.329,0.000
1725522195,0.338,0.000
1725522195,0.257,0.000
1725522195,0.318,0.000
1725522195,0.344,0.000
1725522195,0.374,0.000
1725522195,0.435,0.000
1725522195,0.441,0.000
1725522195,0.325,0.000
1725522195,0.440,0.000
1725522195,0.298,0.000
1725522195,0.352,0.000
1725522195,0.260,0.000
1725522195,0.370,0.000
1725522195,0.250,0.000
1725522195,0.366,0.000
1725522195,0.458,0.000
1725522195,0.265,0.000
1725522195,0.378,0.000
1725522195,0.327,0.000
1725522195,0.367,0.000
1725522195,0.351,0.000
1725522195,0.410,0.000
1725522195,0.323,0.000
1725522195,0.367,0.000
1725522195,0.330,0.000
1725522195,0.320,0.000
1725522195,0.312,0.000
1725522195,0.279,0.000
1725522195,0.484,0.000
1725522195,0.402,0.000
1725522195,0.349,0.000
1725522195,0.337,0.000
1725522195,0.305,0.000
1725522195,0.294,0.000
1725522195,0.348,0.000
1725522195,0.253,0.000
1725522195,0.360,0.000
1725522195,0.289,0.000
1725522195,0.375,0.000
1725522195,0.330,0.000
1725522195,0.254,0.000
1725522195,0.372,0.000
1725522195,0.265,0.000
1725522195,0.347,0.000
1725522195,0.306,0.000
1725522195,0.316,0.000
1725522195,0.310,0.000
1725522195,0.257,0.000
1725522195,0.265,0.000
1725522195,0.296,0.000
1725522195,0.295,0.000
1725522195,0.353,0.000
1725522195,0.340,0.000
1725522195,0.241,0.000
1725522195,0.367,0.000
1725522195,0.316,0.000
1725522195,0.293,0.000
1725522195,0.394,0.000
1725522195,0.288,0.000
1725522195,0.323,0.000
1725522195,0.272,0.000
1725522195,0.286,0.000
1725522195,0.330,0.000
1725522195,0.243,0.000
1725522195,0.260,0.000
1725522195,0.388,0.000
1725522195,0.450,0.000
1725522195,0.356,0.000
1725522195,0.476,0.000
1725522195,0.302,0.000
1725522195,0.305,0.000
1725522195,0.294,0.000
1725522195,0.338,0.000
1725522195,0.274,0.000
1725522195,0.273,0.000
1725522195,0.364,0.000
1725522195,0.318,0.000
1725522195,0.336,0.000
1725522195,0.445,0.000
1725522195,0.387,0.000
1725522195,0.311,0.000
1725522195,0.292,0.000
1725522195,0.329,0.000
1725522195,0.375,0.000
1725522195,0.417,0.000
1725522195,0.309,0.000
1725522195,0.374,0.000
1725522195,0.378,0.000
1725522195,0.250,0.000
1725522195,0.225,0.000
1725522195,0.282,0.000
1725522195,0.287,0.000
1725522195,0.254,0.000
1725522195,0.324,0.000
1725522195,0.283,0.000
1725522195,0.302,0.000
1725522195,0.380,0.000
1725522195,0.433,0.000
1725522195,0.278,0.000
1725522195,0.330,0.000
1725522195,0.395,0.000
1725522195,0.330,0.000
1725522195,0.506,0.000
1725522195,0.357,0.000
1725522195,0.210,0.000
1725522195,0.411,0.000
1725522195,0.322,0.000
1725522195,0.284,0.000
1725522195,0.351,0.000
1725522195,0.271,0.000
1725522195,0.423,0.000
1725522195,0.311,0.000
1725522195,0.404,0.000
1725522195,0.289,0.000
1725522195,0.271,0.000
1725522195,0.383,0.000
1725522195,0.614,0.000
1725522195,0.385,0.000
1725522195,0.397,0.000
1725522195,0.347,0.000
1725522195,0.349,0.000
1725522195,0.302,0.000
1725522195,0.263,0.000
1725522195,0.570,0.000
1725522195,0.278,0.000
1725522195,0.324,0.000
1725522195,0.300,0.000
1725522195,0.311,0.000
1725522195,0.304,0.000
1725522195,0.293,0.000
1725522195,0.347,0.000
1725522195,0.284,0.000
1725522195,0.269,0.000
1725522195,0.394,0.000
1725522195,0.246,0.000
1725522195,0.305,0.000
1725522195,0.346,0.000
1725522195,0.395,0.000
1725522195,0.365,0.000
1725522195,0.350,0.000
1725522195,0.275,0.000
1725522195,0.362,0.000
1725522195,0.213,0.000
1725522195,0.344,0.000
1725522195,0.309,0.000
1725522195,0.282,0.000
1725522195,0.302,0.000
1725522195,0.395,0.000
1725522195,0.338,0.000
1725522195,0.310,0.000
1725522195,0.313,0.000
1725522195,0.353,0.000
1725522195,0.354,0.000
1725522195,0.405,0.000
1725522195,0.322,0.000
1725522195,0.259,0.000
1725522195,0.373,0.000
1725522195,0.328,0.000
1725522195,0.295,0.000
1725522195,0.318,0.000
1725522195,0.425,0.000
1725522195,0.367,0.000
1725522196,0.380,0.000
1725522196,0.245,0.000
1725522196,0.326,0.000
1725522196,0.349,0.000
1725522196,0.343,0.000
1725522196,0.452,0.000
1725522196,0.418,0.000
1725522196,0.264,0.000
1725522196,0.317,0.000
1725522196,0.323,0.000
1725522196,0.302,0.000
1725522196,0.300,0.000
1725522196,0.320,0.000
1725522196,0.317,0.000
1725522196,0.362,0.000
1725522196,0.268,0.000
1725522196,0.439,0.000
1725522196,0.279,0.000
1725522196,0.251,0.000
1725522196,0.299,0.000
1725522196,0.291,0.000
1725522196,0.321,0.000
1725522196,0.335,0.000
1725522196,0.262,0.000
1725522196,0.374,0.000
1725522196,0.376,0.000
1725522196,0.245,0.000
1725522196,0.266,0.000
1725522196,0.281,0.000
1725522196,0.349,0.000
1725522196,0.518,0.000
1725522196,0.252,0.000
1725522196,0.301,0.000
1725522196,0.340,0.000
1725522196,0.331,0.000
1725522196,0.298,0.000
1725522196,0.302,0.000
1725522196,0.333,0.000
1725522196,0.270,0.000
1725522196,0.297,0.000
1725522196,0.323,0.000
1725522196,0.323,0.000
1725522196,0.377,0.000
1725522196,0.484,0.000
1725522196,0.363,0.000
1725522196,0.313,0.000
1725522196,0.444,0.000
1725522196,0.216,0.000
1725522196,0.356,0.000
1725522196,0.334,0.000
1725522196,0.292,0.000
1725522196,0.383,0.000
1725522196,0.284,0.000
1725522196,0.279,0.000
1725522196,0.337,0.000
1725522196,0.349,0.000
1725522196,0.292,0.000
1725522196,0.266,0.000
1725522196,0.304,0.000
1725522196,0.407,0.000
1725522196,0.399,0.000
1725522196,0.356,0.000
1725522196,0.264,0.000
1725522196,0.278,0.000
1725522196,0.262,0.000
1725522196,0.342,0.000
1725522196,0.384,0.000
1725522196,0.330,0.000
1725522196,0.305,0.000
1725522196,0.290,0.000
1725522196,0.307,0.000
1725522196,0.366,0.000
1725522196,0.340,0.000
1725522196,0.389,0.000
1725522196,0.302,0.000
1725522196,0.357,0.000
1725522196,0.491,0.000
1725522196,0.528,0.000
1725522196,0.308,0.000
1725522196,0.259,0.000
1725522196,0.328,0.000
1725522196,0.323,0.000
1725522196,0.255,0.000
1725522196,0.351,0.000
1725522196,0.291,0.000
1725522196,0.309,0.000
1725522196,0.567,0.000
1725522196,0.324,0.000
1725522196,0.353,0.000
1725522196,0.298,0.000
1725522196,0.496,0.000
1725522196,0.367,0.000
1725522196,0.306,0.000
1725522196,0.350,0.000
1725522196,0.432,0.000
1725522196,0.403,0.000
1725522196,0.301,0.000
1725522196,0.354,0.000
1725522196,0.276,0.000
1725522196,0.295,0.000
1725522196,0.374,0.000
1725522196,0.603,0.000
1725522196,0.375,0.000
1725522196,0.357,0.000
1725522196,0.340,0.000
1725522196,0.318,0.000
1725522196,0.317,0.000
1725522196,0.273,0.000
1725522196,0.349,0.000
1725522196,0.382,0.000
1725522196,0.359,0.000
1725522196,0.327,0.000
1725522196,0.404,0.000
1725522196,0.253,0.000
1725522196,0.317,0.000
1725522196,0.298,0.000
1725522196,0.265,0.000
1725522196,0.592,0.000
1725522196,0.233,0.000
1725522196,0.323,0.000
1725522196,0.304,0.000
1725522196,0.299,0.000
1725522196,0.281,0.000
1725522196,0.329,0.000
1725522196,0.328,0.000
1725522196,0.388,0.000
1725522196,0.361,0.000
1725522196,0.256,0.000
1725522196,0.338,0.000
1725522196,0.320,0.000
1725522196,0.413,0.000
1725522196,0.318,0.000
1725522196,0.384,0.000
1725522196,0.307,0.000
1725522196,0.317,0.000
1725522196,0.357,0.000
1725522196,0.292,0.000
1725522196,0.297,0.000
1725522196,0.315,0.000
1725522196,0.286,0.000
1725522196,0.252,0.000
1725522196,0.251,0.000
1725522196,0.312,0.000
1725522196,0.335,0.000
1725522196,0.347,0.000
1725522196,0.259,0.000
1725522196,0.266,0.000
1725522196,0.361,0.000
1725522196,0.301,0.000
1725522196,0.278,0.000
1725522196,0.329,0.000
1725522196,0.451,0.000
1725522196,0.263,0.000
1725522196,0.381,0.000
1725522196,0.318,0.000
1725522196,0.302,0.000
1725522196,0.248,0.000
1725522196,0.347,0.000
1725522196,0.423,0.000
1725522196,0.268,0.000
1725522196,0.330,0.000
1725522196,0.238,0.000
1725522196,0.363,0.000
1725522196,0.577,0.000
1725522196,0.403,0.000
1725522196,0.279,0.000
1725522196,0.330,0.000
1725522196,0.286,0.000
1725522196,0.267,0.000
1725522196,0.327,0.000
1725522196,1.234,0.000
1725522196,0.296,0.000
1725522196,0.404,0.000
1725522196,0.329,0.000
1725522196,0.368,0.000
1725522196,0.362,0.000
1725522197,0.369,0.000
1725522197,0.463,0.000
1725522197,0.265,0.000
1725522197,0.297,0.000
1725522197,0.340,0.000
1725522197,0.301,0.000
1725522197,0.223,0.000
1725522197,0.323,0.000
1725522197,0.320,0.000
1725522197,0.367,0.000
1725522197,0.475,0.000
1725522197,0.270,0.000
1725522197,0.336,0.000
1725522197,0.276,0.000
1725522197,0.459,0.000
1725522197,0.344,0.000
1725522197,0.384,0.000
1725522197,0.322,0.000
1725522197,0.310,0.000
1725522197,0.379,0.000
1725522197,0.268,0.000
1725522197,0.290,0.000
1725522197,0.388,0.000
1725522197,0.353,0.000
1725522197,0.362,0.000
1725522197,0.574,0.000
1725522197,0.267,0.000
1725522197,0.323,0.000
1725522197,0.271,0.000
1725522197,0.341,0.000
1725522197,0.491,0.000
1725522197,0.330,0.000
1725522197,0.279,0.000
1725522197,0.248,0.000
1725522197,0.334,0.000
1725522197,0.328,0.000
1725522197,0.296,0.000
1725522197,0.288,0.000
1725522197,0.405,0.000
1725522197,0.327,0.000
1725522197,0.303,0.000
1725522197,0.272,0.000
1725522197,0.373,0.000
1725522197,0.277,0.000
1725522197,0.322,0.000
1725522197,0.294,0.000
1725522197,0.285,0.000
1725522197,0.312,0.000
1725522197,0.301,0.000
1725522197,0.288,0.000
1725522197,0.308,0.000
1725522197,0.396,0.000
1725522197,0.274,0.000
1725522197,0.314,0.000
1725522197,0.351,0.000
1725522197,0.353,0.000
1725522197,0.391,0.000
1725522197,0.312,0.000
1725522197,0.273,0.000
1725522197,1.291,0.000
1725522197,0.356,0.000
1725522197,0.356,0.000
1725522197,0.326,0.000
1725522197,0.328,0.000
1725522197,0.361,0.000
1725522197,0.524,0.000
1725522197,0.295,0.000
1725522197,0.411,0.000
1725522197,0.451,0.000
1725522197,0.309,0.000
1725522197,0.337,0.000
1725522197,0.314,0.000
1725522197,0.362,0.000
1725522197,0.313,0.000
1725522197,0.323,0.000
1725522197,0.307,0.000
1725522197,0.286,0.000
1725522197,0.430,0.000
1725522197,0.459,0.000
1725522197,0.322,0.000
1725522197,0.326,0.000
1725522197,0.305,0.000
1725522197,0.494,0.000
1725522197,0.217,0.000
1725522197,0.292,0.000
1725522197,0.332,0.000
1725522197,0.290,0.000
1725522197,0.431,0.000
1725522197,0.348,0.000
1725522197,0.317,0.000
1725522197,0.433,0.000
1725522197,0.253,0.000
1725522197,0.341,0.000
1725522197,0.276,0.000
1725522197,0.384,0.000
1725522197,0.324,0.000
1725522197,0.284,0.000
1725522197,0.328,0.000
1725522197,0.377,0.000
1725522197,0.306,0.000
1725522197,0.309,0.000
1725522197,0.497,0.000
1725522197,0.353,0.000
1725522197,0.276,0.000
1725522197,0.272,0.000
1725522197,0.270,0.000
1725522197,0.461,0.000
1725522197,0.296,0.000
1725522197,0.362,0.000
1725522197,0.485,0.000
1725522197,0.306,0.000
1725522197,0.436,0.000
1725522197,0.319,0.000
1725522197,0.440,0.000
1725522197,0.265,0.000
1725522197,0.325,0.000
1725522197,0.311,0.000
1725522197,0.285,0.000
1725522197,0.391,0.000
1725522197,0.346,0.000
1725522197,0.290,0.000
1725522197,0.332,0.000
1725522197,0.283,0.000
1725522197,0.261,0.000
1725522197,0.273,0.000
1725522197,0.292,0.000
1725522197,0.334,0.000
1725522197,0.325,0.000
1725522197,0.258,0.000
1725522197,0.326,0.000
1725522197,0.476,0.000
1725522197,0.414,0.000
1725522197,0.343,0.000
1725522197,0.309,0.000
1725522197,0.311,0.000
1725522197,0.450,0.000
1725522197,0.369,0.000
1725522197,0.388,0.000
1725522197,0.643,0.000
1725522197,0.583,0.000
1725522197,0.327,0.000
1725522197,0.367,0.000
1725522197,0.383,0.000
1725522197,0.317,0.000
1725522197,0.330,0.000
1725522197,0.400,0.000
1725522197,0.228,0.000
1725522197,0.324,0.000
1725522197,0.257,0.000
1725522197,0.306,0.000
1725522197,0.456,0.000
1725522197,0.346,0.000
1725522197,0.423,0.000
1725522197,0.347,0.000
1725522197,0.361,0.000
1725522197,0.286,0.000
1725522197,0.270,0.000
1725522197,0.536,0.000
1725522197,0.323,0.000
1725522197,0.373,0.000
1725522197,0.267,0.000
1725522197,0.307,0.000
1725522197,0.390,0.000
1725522197,0.327,0.000
1725522197,0.330,0.000
1725522197,0.290,0.000
1725522197,0.280,0.000
1725522197,0.311,0.000
1725522197,0.527,0.000
1725522197,0.448,0.000
1725522197,0.281,0.000
1725522197,0.269,0.000
1725522198,0.305,0.000
1725522198,0.484,0.000
1725522198,0.302,0.000
1725522198,0.300,0.000
1725522198,0.316,0.000
1725522198,0.356,0.000
1725522198,0.458,0.000
1725522198,0.350,0.000
1725522198,0.359,0.000
1725522198,0.327,0.000
1725522198,0.340,0.000
1725522198,0.273,0.000
1725522198,0.306,0.000
1725522198,0.319,0.000
1725522198,0.484,0.000
1725522198,0.213,0.000
1725522198,0.316,0.000
1725522198,0.354,0.000
1725522198,0.452,0.000
1725522198,0.310,0.000
1725522198,0.253,0.000
1725522198,0.295,0.000
1725522198,0.376,0.000
1725522198,0.459,0.000
1725522198,0.317,0.000
1725522198,0.545,0.000
1725522198,0.360,0.000
1725522198,0.298,0.000
1725522198,0.343,0.000
1725522198,0.338,0.000
1725522198,0.374,0.000
1725522198,0.423,0.000
1725522198,0.426,0.000
1725522198,0.359,0.000
1725522198,0.318,0.000
1725522198,0.310,0.000
1725522198,0.330,0.000
1725522198,0.278,0.000
1725522198,0.249,0.000
1725522198,0.372,0.000
1725522198,0.297,0.000
1725522198,0.310,0.000
1725522198,0.247,0.000
1725522198,0.325,0.000
1725522198,0.394,0.000
1725522198,0.436,0.000
1725522198,0.298,0.000
1725522198,0.421,0.000
1725522198,0.269,0.000
1725522198,0.283,0.000
1725522198,0.394,0.000
1725522198,0.331,0.000
1725522198,0.345,0.000
1725522198,0.321,0.000
1725522198,0.363,0.000
1725522198,0.340,0.000
1725522198,0.298,0.000
1725522198,0.298,0.000
1725522198,0.288,0.000
1725522198,0.244,0.000
1725522198,0.371,0.000
1725522198,0.286,0.000
1725522198,0.308,0.000
1725522198,0.368,0.000
1725522198,0.297,0.000
1725522198,0.452,0.000
1725522198,0.339,0.000
1725522198,0.339,0.000
1725522198,0.304,0.000
1725522198,0.294,0.000
1725522198,0.443,0.000
1725522198,0.344,0.000
1725522198,0.458,0.000
1725522198,0.271,0.000
1725522198,0.402,0.000
1725522198,0.335,0.000
1725522198,0.411,0.000
1725522198,0.298,0.000
1725522198,0.409,0.000
1725522198,0.412,0.000
1725522198,0.359,0.000
1725522198,0.340,0.000
1725522198,0.335,0.000
1725522198,0.261,0.000
1725522198,0.267,0.000
1725522198,0.320,0.000
1725522198,0.400,0.000
1725522198,0.488,0.000
1725522198,0.367,0.000
1725522198,0.342,0.000
1725522198,0.284,0.000
1725522198,0.341,0.000
1725522198,0.401,0.000
1725522198,0.366,0.000
1725522198,0.343,0.000
1725522198,0.295,0.000
1725522198,0.350,0.000
1725522198,0.301,0.000
1725522198,0.379,0.000
1725522198,0.517,0.000
1725522198,0.290,0.000
1725522198,0.343,0.000
1725522198,0.355,0.000
1725522198,0.247,0.000
1725522198,0.324,0.000
1725522198,0.342,0.000
1725522198,0.332,0.000
1725522198,0.342,0.000
1725522198,0.288,0.000
1725522198,0.287,0.000
1725522198,0.352,0.000
1725522198,0.289,0.000
1725522198,0.302,0.000
1725522198,0.397,0.000
1725522198,0.237,0.000
1725522198,0.320,0.000
1725522198,0.346,0.000
1725522198,0.357,0.000
1725522198,0.289,0.000
1725522198,0.298,0.000
1725522198,0.390,0.000
1725522198,0.281,0.000
1725522198,0.289,0.000
1725522198,0.237,0.000
1725522198,0.328,0.000
1725522198,0.457,0.000
1725522198,0.337,0.000
1725522198,0.342,0.000
1725522198,0.327,0.000
1725522198,0.302,0.000
1725522198,0.294,0.000
1725522198,0.331,0.000
1725522198,0.280,0.000
1725522198,0.338,0.000
1725522198,0.358,0.000
1725522198,0.252,0.000
1725522198,0.353,0.000
1725522198,0.469,0.000
1725522198,0.679,0.000
1725522198,0.209,0.000
1725522198,0.292,0.000
1725522198,0.339,0.000
1725522198,0.339,0.000
1725522198,0.310,0.000
1725522198,0.265,0.000
1725522198,0.303,0.000
1725522198,0.292,0.000
1725522198,0.240,0.000
1725522198,0.370,0.000
1725522198,0.263,0.000
1725522198,0.401,0.000
1725522198,0.330,0.000
1725522198,0.274,0.000
1725522198,0.332,0.000
1725522198,0.357,0.000
1725522198,0.326,0.000
1725522198,0.273,0.000
1725522198,0.292,0.000
1725522198,0.281,0.000
1725522198,0.364,0.000
1725522198,0.327,0.000
1725522198,0.323,0.000
1725522198,0.348,0.000
1725522198,0.400,0.000
1725522198,0.339,0.000
1725522198,0.352,0.000
1725522198,0.371,0.000
1725522198,0.442,0.000
1725522198,0.292,0.000
1725522198,0.318,0.000
1725522198,0.329,0.000
1725522198,0.355,0.000
1725522198,0.331,0.000
1725522198,0.400,0.000
1725522198,0.341,0.000
1725522198,0.453,0.000
1725522198,0.280,0.000
1725522199,0.348,0.000
1725522199,0.312,0.000
1725522199,0.258,0.000
1725522199,0.514,0.000
1725522199,0.247,0.000
1725522199,0.269,0.000
1725522199,0.262,0.000
1725522199,0.365,0.000
1725522199,0.259,0.000
1725522199,0.261,0.000
1725522199,0.428,0.000
1725522199,0.256,0.000
1725522199,0.454,0.000
1725522199,0.402,0.000
1725522199,0.310,0.000
1725522199,0.329,0.000
1725522199,0.376,0.000
1725522199,0.292,0.000
1725522199,0.311,0.000
1725522199,0.353,0.000
1725522199,0.417,0.000
1725522199,0.361,0.000
1725522199,0.332,0.000
1725522199,0.354,0.000
1725522199,0.387,0.000
1725522199,0.349,0.000
1725522199,0.307,0.000
1725522199,0.338,0.000
1725522199,0.391,0.000
1725522199,0.296,0.000
1725522199,0.312,0.000
1725522199,0.273,0.000
1725522199,0.248,0.000
1725522199,0.430,0.000
1725522199,0.429,0.000
1725522199,0.328,0.000
1725522199,0.337,0.000
1725522199,0.320,0.000
1725522199,0.241,0.000
1725522199,0.427,0.000
1725522199,0.326,0.000
1725522199,0.359,0.000
1725522199,0.352,0.000
1725522199,0.319,0.000
1725522199,0.394,0.000
1725522199,0.270,0.000
1725522199,0.315,0.000
1725522199,0.306,0.000
1725522199,0.368,0.000
1725522199,0.411,0.000
1725522199,0.253,0.000
1725522199,0.252,0.000
1725522199,0.268,0.000
1725522199,0.307,0.000
1725522199,0.431,0.000
1725522199,0.233,0.000
1725522199,0.298,0.000
1725522199,0.343,0.000
1725522199,0.320,0.000
1725522199,0.396,0.000
1725522199,0.283,0.000
1725522199,0.298,0.000
1725522199,0.463,0.000
1725522199,0.278,0.000
1725522199,0.276,0.000
1725522199,0.305,0.000
1725522199,0.277,0.000
1725522199,0.352,0.000
1725522199,0.351,0.000
1725522199,0.243,0.000
1725522199,0.492,0.000
1725522199,0.415,0.000
1725522199,0.298,0.000
1725522199,0.337,0.000
1725522199,0.272,0.000
1725522199,0.285,0.000
1725522199,0.442,0.000
1725522199,0.270,0.000
1725522199,0.374,0.000
1725522199,0.370,0.000
1725522199,0.325,0.000
1725522199,0.344,0.000
1725522199,0.381,0.000
1725522199,0.311,0.000
1725522199,0.330,0.000
1725522199,0.530,0.000
1725522199,0.330,0.000
1725522199,0.327,0.000
1725522199,0.243,0.000
1725522199,0.284,0.000
1725522199,0.332,0.000
1725522199,0.332,0.000
1725522199,0.345,0.000
1725522199,0.336,0.000
1725522199,0.388,0.000
1725522199,0.314,0.000
1725522199,0.406,0.000
1725522199,0.225,0.000
1725522199,0.307,0.000
1725522199,0.324,0.000
1725522199,0.283,0.000
1725522199,0.286,0.000
1725522199,0.458,0.000
1725522199,0.436,0.000
1725522199,0.445,0.000
1725522199,0.302,0.000
1725522199,0.288,0.000
1725522199,0.375,0.000
1725522199,0.453,0.000
1725522199,0.386,0.000
1725522199,0.490,0.000
1725522199,0.306,0.000
1725522199,0.311,0.000
1725522199,0.284,0.000
1725522199,0.277,0.000
1725522199,0.320,0.000
1725522199,0.623,0.000
1725522199,0.399,0.000
1725522199,0.402,0.000
1725522199,0.294,0.000
1725522199,0.429,0.000
1725522199,0.289,0.000
1725522199,0.362,0.000
1725522199,0.315,0.000
1725522199,0.301,0.000
1725522199,0.277,0.000
1725522199,0.350,0.000
1725522199,0.282,0.000
1725522199,0.277,0.000
1725522199,0.320,0.000
1725522199,0.335,0.000
1725522199,0.327,0.000
1725522199,0.337,0.000
1725522199,0.355,0.000
1725522199,0.446,0.000
1725522199,0.272,0.000
1725522199,0.223,0.000
1725522199,0.255,0.000
1725522199,0.328,0.000
1725522199,0.303,0.000
1725522199,0.238,0.000
1725522199,0.354,0.000
1725522199,0.292,0.000
1725522199,0.332,0.000
1725522199,0.346,0.000
1725522199,0.436,0.000
1725522199,0.362,0.000
1725522199,0.271,0.000
1725522199,0.296,0.000
1725522199,0.290,0.000
1725522199,0.248,0.000
1725522199,0.336,0.000
1725522199,0.295,0.000
1725522199,0.323,0.000
1725522199,0.333,0.000
1725522199,0.398,0.000
1725522199,0.303,0.000
1725522199,0.303,0.000
1725522199,0.392,0.000
1725522199,0.276,0.000
1725522199,0.496,0.000
1725522199,0.695,0.000
1725522199,0.284,0.000
1725522199,0.340,0.000
1725522199,0.353,0.000
1725522199,0.275,0.000
1725522199,0.343,0.000
1725522199,0.372,0.000
1725522199,0.310,0.000
1725522199,0.277,0.000
1725522199,0.303,0.000
1725522199,0.229,0.000
1725522199,0.266,0.000
1725522199,0.380,0.000
1725522199,0.258,0.000
1725522199,0.384,0.000
1725522199,0.401,0.000
1725522199,0.322,0.000
1725522199,0.313,0.000
1725522199,0.391,0.000
1725522199,0.401,0.000
1725522200,0.315,0.000
1725522200,0.307,0.000
1725522200,0.301,0.000
1725522200,0.419,0.000
1725522200,0.380,0.000
1725522200,0.207,0.000
1725522200,0.332,0.000
1725522200,0.280,0.000
1725522200,0.265,0.000
1725522200,0.324,0.000
1725522200,0.298,0.000
1725522200,0.306,0.000
1725522200,0.303,0.000
1725522200,0.437,0.000
1725522200,0.309,0.000
1725522200,0.442,0.000
1725522200,0.324,0.000
1725522200,0.274,0.000
1725522200,0.337,0.000
1725522200,0.351,0.000
1725522200,0.308,0.000
1725522200,0.288,0.000
1725522200,0.319,0.000
1725522200,0.313,0.000
1725522200,0.446,0.000
1725522200,0.305,0.000
1725522200,0.381,0.000
1725522200,0.300,0.000
1725522200,0.247,0.000
1725522200,0.299,0.000
1725522200,0.324,0.000
1725522200,0.324,0.000
1725522200,0.284,0.000
1725522200,0.340,0.000
1725522200,0.282,0.000
1725522200,0.305,0.000
1725522200,0.294,0.000
1725522200,0.259,0.000
1725522200,0.315,0.000
1725522200,0.275,0.000
1725522200,0.311,0.000
1725522200,0.245,0.000
1725522200,0.401,0.000
1725522200,0.385,0.000
1725522200,0.298,0.000
1725522200,0.599,0.000
1725522200,0.231,0.000
1725522200,0.319,0.000
1725522200,0.316,0.000
1725522200,0.329,0.000
1725522200,0.292,0.000
1725522200,0.386,0.000
1725522200,0.253,0.000
1725522200,0.318,0.000
1725522200,0.300,0.000
1725522200,0.362,0.000
1725522200,0.213,0.000
1725522200,0.354,0.000
1725522200,0.271,0.000
1725522200,0.510,0.000
1725522200,0.324,0.000
1725522200,0.461,0.000
1725522200,0.290,0.000
1725522200,0.355,0.000
1725522200,0.299,0.000
1725522200,0.300,0.000
1725522200,0.414,0.000
1725522200,0.327,0.000
1725522200,0.291,0.000
1725522200,0.272,0.000
1725522200,0.423,0.000
1725522200,0.305,0.000
1725522200,0.320,0.000
1725522200,0.441,0.000
1725522200,0.536,0.000
1725522200,0.341,0.000
1725522200,0.320,0.000
1725522200,0.300,0.000
1725522200,0.312,0.000
1725522200,0.253,0.000
1725522200,0.273,0.000
1725522200,0.316,0.000
1725522200,0.371,0.000
1725522200,0.355,0.000
1725522200,0.319,0.000
1725522200,0.293,0.000
1725522200,0.354,0.000
1725522200,0.263,0.000
1725522200,0.366,0.000
1725522200,0.424,0.000
1725522200,0.306,0.000
1725522200,0.426,0.000
1725522200,0.311,0.000
1725522200,0.366,0.000
1725522200,0.273,0.000
1725522200,0.363,0.000
1725522200,0.564,0.000
1725522200,0.327,0.000
1725522200,0.330,0.000
1725522200,0.308,0.000
1725522200,0.276,0.000
1725522200,0.514,0.000
1725522200,0.361,0.000
1725522200,0.335,0.000
1725522200,0.397,0.000
1725522200,0.351,0.000
1725522200,0.506,0.000
1725522200,0.371,0.000
1725522200,0.281,0.000
1725522200,0.328,0.000
1725522200,0.239,0.000
1725522200,0.292,0.000
1725522200,0.329,0.000
1725522200,0.283,0.000
1725522200,0.447,0.000
1725522200,0.295,0.000
1725522200,0.597,0.000
1725522200,0.291,0.000
1725522200,0.381,0.000
1725522200,0.416,0.000
1725522200,0.258,0.000
1725522200,0.409,0.000
1725522200,0.411,0.000
1725522200,0.312,0.000
1725522200,0.368,0.000
1725522200,0.390,0.000
1725522200,0.311,0.000
1725522200,0.321,0.000
1725522200,0.260,0.000
1725522200,0.352,0.000
1725522200,0.315,0.000
1725522200,0.339,0.000
1725522200,0.611,0.000
1725522200,0.326,0.000
1725522200,0.342,0.000
1725522200,0.236,0.000
1725522200,0.247,0.000
1725522200,0.452,0.000
1725522200,0.389,0.000
1725522200,0.341,0.000
1725522200,0.316,0.000
1725522200,0.281,0.000
1725522200,0.370,0.000
1725522200,0.332,0.000
1725522200,0.254,0.000
1725522200,0.362,0.000
1725522200,0.339,0.000
1725522200,0.319,0.000
1725522200,0.289,0.000
1725522200,0.254,0.000
1725522200,0.339,0.000
1725522200,0.477,0.000
1725522200,0.402,0.000
1725522200,0.345,0.000
1725522200,0.389,0.000
1725522200,0.635,0.000
1725522200,0.304,0.000
1725522200,0.306,0.000
1725522200,0.257,0.000
1725522200,0.389,0.000
1725522200,0.392,0.000
1725522200,0.330,0.000
1725522200,0.405,0.000
1725522200,0.276,0.000
1725522200,0.345,0.000
1725522200,0.330,0.000
1725522200,0.277,0.000
1725522200,0.367,0.000
1725522200,0.212,0.000
1725522200,0.429,0.000
1725522200,0.250,0.000
1725522200,0.390,0.000
1725522200,0.327,0.000
1725522201,0.331,0.000
1725522201,0.263,0.000
1725522201,0.354,0.000
1725522201,0.253,0.000
1725522201,0.353,0.000
1725522201,0.442,0.000
1725522201,0.302,0.000
1725522201,0.284,0.000
1725522201,0.353,0.000
1725522201,0.533,0.000
1725522201,0.283,0.000
1725522201,0.268,0.000
1725522201,0.317,0.000
1725522201,0.376,0.000
1725522201,0.404,0.000
1725522201,0.328,0.000
1725522201,0.294,0.000
1725522201,0.351,0.000
1725522201,0.264,0.000
1725522201,0.254,0.000
1725522201,0.374,0.000
1725522201,0.300,0.000
1725522201,0.386,0.000
1725522201,0.335,0.000
1725522201,0.302,0.000
1725522201,0.296,0.000
1725522201,0.339,0.000
1725522201,0.363,0.000
1725522201,0.312,0.000
1725522201,0.323,0.000
1725522201,0.359,0.000
1725522201,0.339,0.000
1725522201,0.331,0.000
1725522201,0.348,0.000
1725522201,0.361,0.000
1725522201,0.291,0.000
1725522201,0.253,0.000
1725522201,0.341,0.000
1725522201,0.326,0.000
1725522201,0.391,0.000
1725522201,0.386,0.000
1725522201,0.309,0.000
1725522201,0.286,0.000
1725522201,0.297,0.000
1725522201,0.304,0.000
1725522201,0.481,0.000
1725522201,0.372,0.000
1725522201,0.310,0.000
1725522201,0.464,0.000
1725522201,0.340,0.000
1725522201,0.340,0.000
1725522201,0.381,0.000
1725522201,0.296,0.000
1725522201,0.279,0.000
1725522201,0.342,0.000
1725522201,0.407,0.000
1725522201,0.366,0.000
1725522201,0.487,0.000
1725522201,0.284,0.000
1725522201,0.263,0.000
1725522201,0.282,0.000
1725522201,0.321,0.000
1725522201,0.331,0.000
1725522201,0.274,0.000
1725522201,0.249,0.000
1725522201,0.339,0.000
1725522201,0.274,0.000
1725522201,0.347,0.000
1725522201,0.381,0.000
1725522201,0.337,0.000
1725522201,0.322,0.000
1725522201,0.270,0.000
1725522201,0.286,0.000
1725522201,0.369,0.000
1725522201,0.303,0.000
1725522201,0.234,0.000
1725522201,0.320,0.000
1725522201,0.474,0.000
1725522201,0.378,0.000
1725522201,0.473,0.000
1725522201,0.397,0.000
1725522201,0.639,0.000
1725522201,0.288,0.000
1725522201,0.584,0.000
1725522201,0.447,0.000
1725522201,0.230,0.000
1725522201,0.431,0.000
1725522201,0.418,0.000
1725522201,0.373,0.000
1725522201,0.428,0.000
1725522201,0.391,0.000
1725522201,0.347,0.000
1725522201,0.329,0.000
1725522201,0.501,0.000
1725522201,0.300,0.000
1725522201,0.340,0.000
1725522201,0.335,0.000
1725522201,0.428,0.000
1725522201,0.265,0.000
1725522201,0.416,0.000
1725522201,0.254,0.000
1725522201,0.434,0.000
1725522201,0.396,0.000
1725522201,0.346,0.000
1725522201,0.221,0.000
1725522201,0.306,0.000
1725522201,0.266,0.000
1725522201,0.380,0.000
1725522201,0.383,0.000
1725522201,0.285,0.000
1725522201,0.290,0.000
1725522201,0.257,0.000
1725522201,0.311,0.000
1725522201,0.376,0.000
1725522201,0.289,0.000
1725522201,0.376,0.000
1725522201,0.293,0.000
1725522201,0.349,0.000
1725522201,0.414,0.000
1725522201,0.235,0.000
1725522201,0.458,0.000
1725522201,0.281,0.000
1725522201,0.383,0.000
1725522201,0.435,0.000
1725522201,0.306,0.000
1725522201,0.285,0.000
1725522201,0.298,0.000
1725522201,0.306,0.000
1725522201,0.388,0.000
1725522201,0.370,0.000
1725522201,0.346,0.000
1725522201,0.283,0.000
1725522201,0.386,0.000
1725522201,0.293,0.000
1725522201,0.338,0.000
1725522201,0.392,0.000
1725522201,0.235,0.000
1725522201,0.523,0.000
1725522201,0.323,0.000
1725522201,0.340,0.000
1725522201,0.349,0.000
1725522201,0.478,0.000
1725522201,0.401,0.000
1725522201,0.422,0.000
1725522201,0.357,0.000
1725522201,0.401,0.000
1725522201,0.225,0.000
1725522201,0.282,0.000
1725522201,0.380,0.000
1725522201,0.380,0.000
1725522201,0.340,0.000
1725522201,0.275,0.000
1725522201,0.410,0.000
1725522201,0.312,0.000
1725522201,0.271,0.000
1725522201,0.323,0.000
1725522201,0.283,0.000
1725522201,0.330,0.000
1725522201,0.315,0.000
1725522201,0.616,0.000
1725522201,0.356,0.000
1725522201,0.334,0.000
1725522201,0.371,0.000
1725522201,0.335,0.000
1725522201,0.278,0.000
1725522201,0.405,0.000
1725522201,0.310,0.000
1725522201,0.317,0.000
1725522201,0.629,0.000
1725522201,0.324,0.000
1725522201,0.358,0.000
1725522201,0.321,0.000
1725522201,0.274,0.000
1725522201,0.311,0.000
1725522201,0.257,0.000
1725522202,0.252,0.000
1725522202,0.500,0.000
1725522202,0.350,0.000
1725522202,0.296,0.000
1725522202,0.499,0.000
1725522202,0.392,0.000
1725522202,0.247,0.000
1725522202,0.313,0.000
1725522202,0.277,0.000
1725522202,0.382,0.000
1725522202,0.344,0.000
1725522202,0.320,0.000
1725522202,0.378,0.000
1725522202,0.609,0.000
1725522202,0.335,0.000
1725522202,0.303,0.000
1725522202,0.319,0.000
1725522202,0.303,0.000
1725522202,0.288,0.000
1725522202,0.326,0.000
1725522202,0.376,0.000
1725522202,0.310,0.000
1725522202,0.321,0.000
1725522202,0.278,0.000
1725522202,0.348,0.000
1725522202,0.302,0.000
1725522202,0.443,0.000
1725522202,0.411,0.000
1725522202,0.350,0.000
1725522202,0.300,0.000
1725522202,0.436,0.000
1725522202,0.308,0.000
1725522202,0.315,0.000
1725522202,0.286,0.000
1725522202,0.452,0.000
1725522202,0.329,0.000
1725522202,0.370,0.000
1725522202,0.315,0.000
1725522202,0.329,0.000
1725522202,0.356,0.000
1725522202,0.333,0.000
1725522202,0.330,0.000
1725522202,0.422,0.000
1725522202,0.329,0.000
1725522202,0.348,0.000
1725522202,0.372,0.000
1725522202,0.333,0.000
1725522202,0.547,0.000
1725522202,0.352,0.000
1725522202,0.280,0.000
1725522202,0.422,0.000
1725522202,0.538,0.000
1725522202,0.633,0.000
1725522202,0.329,0.000
1725522202,0.293,0.000
1725522202,0.365,0.000
1725522202,0.281,0.000
1725522202,0.302,0.000
1725522202,0.335,0.000
1725522202,0.273,0.000
1725522202,0.347,0.000
1725522202,0.348,0.000
1725522202,0.422,0.000
1725522202,0.367,0.000
1725522202,0.598,0.000
1725522202,0.431,0.000
1725522202,0.303,0.000
1725522202,0.440,0.000
1725522202,0.341,0.000
1725522202,0.463,0.000
1725522202,0.427,0.000
1725522202,0.411,0.000
1725522202,0.544,0.000
1725522202,0.285,0.000
1725522202,0.425,0.000
1725522202,0.324,0.000
1725522202,0.358,0.000
1725522202,0.300,0.000
1725522202,0.314,0.000
1725522202,0.286,0.000
1725522202,0.318,0.000
1725522202,0.315,0.000
1725522202,0.328,0.000
1725522202,0.353,0.000
1725522202,0.527,0.000
1725522202,0.380,0.000
1725522202,0.383,0.000
1725522202,0.358,0.000
1725522202,0.444,0.000
1725522202,0.524,0.000
1725522202,0.300,0.000
1725522202,0.317,0.000
1725522202,0.295,0.000
1725522202,0.268,0.000
1725522202,0.274,0.000
1725522202,0.226,0.000
1725522202,0.543,0.000
1725522202,0.343,0.000
1725522202,0.290,0.000
1725522202,0.380,0.000
1725522202,0.357,0.000
1725522202,0.364,0.000
1725522202,0.375,0.000
1725522202,0.402,0.000
1725522202,0.592,0.000
1725522202,0.365,0.000
1725522202,0.326,0.000
1725522202,0.314,0.000
1725522202,0.464,0.000
1725522202,0.348,0.000
1725522202,0.552,0.000
1725522202,0.350,0.000
1725522202,0.370,0.000
1725522202,0.299,0.000
1725522202,0.369,0.000
1725522202,0.409,0.000
1725522202,0.277,0.000
1725522202,0.329,0.000
1725522202,0.370,0.000
1725522202,0.487,0.000
1725522202,0.283,0.000
1725522202,0.369,0.000
1725522202,0.419,0.000
1725522202,0.385,0.000
1725522202,0.268,0.000
1725522202,0.535,0.000
1725522202,0.272,0.000
1725522202,0.348,0.000
1725522202,0.380,0.000
1725522202,0.259,0.000
1725522202,0.475,0.000
1725522202,0.527,0.000
1725522202,0.248,0.000
1725522202,0.301,0.000
1725522202,0.259,0.000
1725522202,0.276,0.000
1725522202,0.305,0.000
1725522202,0.548,0.000
1725522202,0.261,0.000
1725522202,0.297,0.000
1725522202,0.334,0.000
1725522202,0.297,0.000
1725522202,0.336,0.000
1725522202,0.347,0.000
1725522202,0.468,0.000
1725522202,0.373,0.000
1725522202,0.327,0.000
1725522202,0.357,0.000
1725522202,0.302,0.000
1725522202,0.610,0.000
1725522202,0.530,0.000
1725522202,0.271,0.000
1725522202,0.356,0.000
1725522202,0.336,0.000
1725522202,0.390,0.000
1725522202,0.425,0.000
1725522202,0.384,0.000
1725522202,0.367,0.000
1725522202,0.196,0.000
1725522202,0.403,0.000
1725522202,0.329,0.000
1725522202,0.353,0.000
1725522202,0.400,0.000
1725522202,0.232,0.000
1725522203,0.347,0.000
1725522203,0.341,0.000
1725522203,0.354,0.000
1725522203,0.306,0.000
1725522203,0.292,0.000
1725522203,0.329,0.000
1725522203,0.326,0.000
1725522203,0.506,0.000
1725522203,0.321,0.000
1725522203,0.366,0.000
1725522203,0.351,0.000
1725522203,0.356,0.000
1725522203,0.422,0.000
1725522203,0.765,0.000
1725522203,0.357,0.000
1725522203,0.337,0.000
1725522203,0.416,0.000
1725522203,0.521,0.000
1725522203,0.276,0.000
1725522203,0.349,0.000
1725522203,0.332,0.000
1725522203,0.333,0.000
1725522203,0.322,0.000
1725522203,0.316,0.000
1725522203,0.290,0.000
1725522203,0.318,0.000
1725522203,0.356,0.000
1725522203,0.391,0.000
1725522203,0.352,0.000
1725522203,0.365,0.000
1725522203,0.350,0.000
1725522203,0.444,0.000
1725522203,0.377,0.000
1725522203,0.382,0.000
1725522203,0.322,0.000
1725522203,0.374,0.000
1725522203,0.393,0.000
1725522203,0.377,0.000
1725522203,0.272,0.000
1725522203,0.268,0.000
1725522203,0.282,0.000
1725522203,0.249,0.000
1725522203,0.433,0.000
1725522203,0.328,0.000
1725522203,0.419,0.000
1725522203,0.349,0.000
1725522203,0.356,0.000
1725522203,0.326,0.000
1725522203,0.316,0.000
1725522203,0.332,0.000
1725522203,0.319,0.000
1725522203,0.481,0.000
1725522203,0.400,0.000
1725522203,0.384,0.000
1725522203,0.296,0.000
1725522203,0.399,0.000
1725522203,0.375,0.000
1725522203,0.459,0.000
1725522203,0.371,0.000
1725522203,0.904,0.000
1725522203,0.421,0.000
1725522203,0.513,0.000
1725522203,0.645,0.000
1725522203,0.281,0.000
1725522203,0.369,0.000
1725522203,0.343,0.000
1725522203,0.279,0.000
1725522203,0.424,0.000
1725522203,0.274,0.000
1725522203,0.308,0.000
1725522203,0.322,0.000
1725522203,0.299,0.000
1725522203,0.635,0.000
1725522203,0.441,0.000
1725522203,0.469,0.000
1725522203,0.346,0.000
1725522203,0.284,0.000
1725522203,0.250,0.000
1725522203,0.435,0.000
1725522203,0.372,0.000
1725522203,0.502,0.000
1725522203,0.265,0.000
1725522203,0.407,0.000
1725522203,0.291,0.000
1725522203,0.403,0.000
1725522203,0.462,0.000
1725522203,0.624,0.000
1725522203,0.375,0.000
1725522203,0.308,0.000
1725522203,0.364,0.000
1725522203,0.372,0.000
1725522203,0.309,0.000
1725522203,0.401,0.000
1725522203,0.382,0.000
1725522203,0.276,0.000
1725522203,0.394,0.000
1725522203,0.377,0.000
1725522203,0.318,0.000
1725522203,0.429,0.000
1725522203,0.280,0.000
1725522203,0.410,0.000
1725522203,0.345,0.000
1725522203,0.345,0.000
1725522203,0.428,0.000
1725522203,0.497,0.000
1725522203,0.365,0.000
1725522203,0.382,0.000
1725522203,0.419,0.000
1725522203,0.330,0.000
1725522203,0.633,0.000
1725522203,0.384,0.000
1725522203,0.337,0.000
1725522203,0.355,0.000
1725522203,0.638,0.000
1725522203,0.356,0.000
1725522203,0.307,0.000
1725522203,0.304,0.000
1725522203,0.331,0.000
1725522203,0.700,0.000
1725522203,0.255,0.000
1725522203,0.313,0.000
1725522203,0.315,0.000
1725522203,0.314,0.000
1725522203,0.307,0.000
1725522203,0.356,0.000
1725522203,0.284,0.000
1725522203,0.319,0.000
1725522203,0.425,0.000
1725522203,0.388,0.000
1725522203,0.299,0.000
1725522203,0.420,0.000
1725522203,0.487,0.000
1725522203,0.245,0.000
1725522203,0.451,0.000
1725522203,0.372,0.000
1725522203,0.361,0.000
1725522203,0.278,0.000
1725522203,0.265,0.000
1725522203,0.325,0.000
1725522203,0.330,0.000
1725522203,0.552,0.000
1725522203,0.451,0.000
1725522203,0.390,0.000
1725522203,0.389,0.000
1725522203,0.367,0.000
1725522203,0.362,0.000
1725522203,0.332,0.000
1725522203,0.342,0.000
1725522203,0.372,0.000
1725522203,0.476,0.000
1725522203,0.302,0.000
1725522203,0.328,0.000
1725522203,0.361,0.000
1725522203,0.254,0.000
1725522203,0.400,0.000
1725522203,0.261,0.000
1725522203,0.350,0.000
1725522204,0.320,0.000
1725522204,0.329,0.000
1725522204,0.318,0.000
1725522204,0.332,0.000
1725522204,0.438,0.000
1725522204,0.469,0.000
1725522204,0.387,0.000
1725522204,0.250,0.000
1725522204,0.543,0.000
1725522204,0.372,0.000
1725522204,0.362,0.000
1725522204,0.316,0.000
1725522204,0.381,0.000
1725522204,0.311,0.000
1725522204,0.382,0.000
1725522204,0.336,0.000
1725522204,0.373,0.000
1725522204,0.382,0.000
1725522204,0.515,0.000
1725522204,0.320,0.000
1725522204,0.386,0.000
1725522204,0.307,0.000
1725522204,0.317,0.000
1725522204,0.339,0.000
1725522204,0.469,0.000
1725522204,0.307,0.000
1725522204,0.527,0.000
1725522204,0.337,0.000
1725522204,0.332,0.000
1725522204,0.269,0.000
1725522204,0.387,0.000
1725522204,0.708,0.000
1725522204,0.508,0.000
1725522204,0.427,0.000
1725522204,0.295,0.000
1725522204,0.238,0.000
1725522204,0.358,0.000
1725522204,0.327,0.000
1725522204,0.416,0.000
1725522204,0.336,0.000
1725522204,0.396,0.000
1725522204,0.395,0.000
1725522204,0.319,0.000
1725522204,0.290,0.000
1725522204,0.457,0.000
1725522204,0.358,0.000
1725522204,0.245,0.000
1725522204,0.351,0.000
1725522204,0.403,0.000
1725522204,0.381,0.000
1725522204,0.291,0.000
1725522204,0.462,0.000
1725522204,0.378,0.000
1725522204,0.269,0.000
1725522204,0.438,0.000
1725522204,0.295,0.000
1725522204,0.360,0.000
1725522204,0.266,0.000
1725522204,0.332,0.000
1725522204,0.466,0.000
1725522204,0.306,0.000
1725522204,0.515,0.000
1725522204,0.305,0.000
1725522204,0.288,0.000
1725522204,0.388,0.000
1725522204,0.416,0.000
1725522204,0.249,0.000
1725522204,0.299,0.000
1725522204,0.468,0.000
1725522204,0.372,0.000
1725522204,0.396,0.000
1725522204,0.384,0.000
1725522204,0.433,0.000
1725522204,0.350,0.000
1725522204,0.304,0.000
1725522204,0.321,0.000
1725522204,0.371,0.000
1725522204,0.360,0.000
1725522204,0.337,0.000
1725522204,0.559,0.000
1725522204,0.334,0.000
1725522204,0.239,0.000
1725522204,0.337,0.000
1725522204,0.389,0.000
1725522204,0.451,0.000
1725522204,0.297,0.000
1725522204,0.295,0.000
1725522204,0.421,0.000
1725522204,0.272,0.000
1725522204,0.340,0.000
1725522204,0.434,0.000
1725522204,0.380,0.000
1725522204,0.351,0.000
1725522204,0.496,0.000
1725522204,0.335,0.000
1725522204,0.317,0.000
1725522204,0.341,0.000
1725522204,0.241,0.000
1725522204,0.493,0.000
1725522204,0.519,0.000
1725522204,0.273,0.000
1725522204,0.345,0.000
1725522204,0.308,0.000
1725522204,0.355,0.000
1725522204,0.338,0.000
1725522204,0.445,0.000
1725522204,0.324,0.000
1725522204,0.363,0.000
1725522204,0.317,0.000
1725522204,0.391,0.000
1725522204,0.356,0.000
1725522204,0.307,0.000
1725522204,0.335,0.000
1725522204,0.329,0.000
1725522204,0.327,0.000
1725522204,0.316,0.000
1725522204,0.370,0.000
1725522204,0.293,0.000
1725522204,0.401,0.000
1725522204,0.313,0.000
1725522204,0.303,0.000
1725522204,0.221,0.000
1725522204,0.390,0.000
1725522204,0.485,0.000
1725522204,0.253,0.000
1725522204,0.243,0.000
1725522204,0.302,0.000
1725522204,0.388,0.000
1725522204,0.293,0.000
1725522204,0.262,0.000
1725522204,0.388,0.000
1725522204,0.402,0.000
1725522204,0.388,0.000
1725522204,0.504,0.000
1725522204,0.283,0.000
1725522204,0.369,0.000
1725522204,1.068,0.000
1725522204,0.301,0.000
1725522204,0.313,0.000
1725522204,0.354,0.000
1725522204,0.400,0.000
1725522204,0.458,0.000
1725522204,0.302,0.000
1725522204,0.282,0.000
1725522204,0.381,0.000
1725522204,0.351,0.000
1725522204,0.358,0.000
1725522204,0.321,0.000
1725522204,0.303,0.000
1725522204,0.309,0.000
1725522204,0.411,0.000
1725522204,0.369,0.000
1725522204,0.391,0.000
1725522204,0.378,0.000
1725522204,0.262,0.000
1725522204,0.336,0.000
1725522204,0.361,0.000
1725522204,0.213,0.000
1725522204,0.249,0.000
1725522204,0.353,0.000
1725522204,0.263,0.000
1725522204,0.324,0.000
1725522204,0.388,0.000
1725522204,0.465,0.000
1725522204,0.303,0.000
1725522204,0.576,0.000
1725522204,0.238,0.000
1725522204,0.310,0.000
1725522204,0.301,0.000
1725522205,0.275,0.000
1725522205,0.348,0.000
1725522205,0.349,0.000
1725522205,0.371,0.000
1725522205,0.402,0.000
1725522205,0.332,0.000
1725522205,0.346,0.000
1725522205,0.378,0.000
1725522205,0.535,0.000
1725522205,0.482,0.000
1725522205,0.357,0.000
1725522205,0.294,0.000
1725522205,0.297,0.000
1725522205,0.529,0.000
1725522205,0.383,0.000
1725522205,0.247,0.000
1725522205,0.399,0.000
1725522205,0.293,0.000
1725522205,0.337,0.000
1725522205,0.379,0.000
1725522205,0.341,0.000
1725522205,0.384,0.000
1725522205,0.354,0.000
1725522205,0.290,0.000
1725522205,0.280,0.000
1725522205,0.303,0.000
1725522205,0.437,0.000
1725522205,0.315,0.000
1725522205,0.287,0.000
1725522205,0.367,0.000
1725522205,0.334,0.000
1725522205,0.426,0.000
1725522205,0.355,0.000
1725522205,0.261,0.000
1725522205,0.259,0.000
1725522205,0.271,0.000
1725522205,0.310,0.000
1725522205,0.283,0.000
1725522205,0.341,0.000
1725522205,0.445,0.000
1725522205,0.304,0.000
1725522205,0.823,0.000
1725522205,0.345,0.000
1725522205,0.387,0.000
1725522205,0.235,0.000
1725522205,0.353,0.000
1725522205,0.301,0.000
1725522205,0.302,0.000
1725522205,0.410,0.000
1725522205,0.304,0.000
1725522205,0.312,0.000
1725522205,0.246,0.000
1725522205,0.316,0.000
1725522205,0.397,0.000
1725522205,0.253,0.000
1725522205,0.333,0.000
1725522205,0.360,0.000
1725522205,0.335,0.000
1725522205,0.420,0.000
1725522205,0.235,0.000
1725522205,0.302,0.000
1725522205,0.340,0.000
1725522205,0.399,0.000
1725522205,0.338,0.000
1725522205,0.380,0.000
1725522205,0.245,0.000
1725522205,0.469,0.000
1725522205,0.539,0.000
1725522205,0.296,0.000
1725522205,0.366,0.000
1725522205,0.355,0.000
1725522205,0.293,0.000
1725522205,0.370,0.000
1725522205,0.229,0.000
1725522205,0.326,0.000
1725522205,0.397,0.000
1725522205,0.341,0.000
1725522205,0.399,0.000
1725522205,0.248,0.000
1725522205,0.264,0.000
1725522205,0.268,0.000
1725522205,0.317,0.000
1725522205,0.350,0.000
1725522205,0.323,0.000
1725522205,0.354,0.000
1725522205,0.254,0.000
1725522205,0.280,0.000
1725522205,0.467,0.000
1725522205,0.268,0.000
1725522205,0.488,0.000
1725522205,0.342,0.000
1725522205,0.381,0.000
1725522205,0.364,0.000
1725522205,0.454,0.000
1725522205,0.263,0.000
1725522205,0.399,0.000
1725522205,0.273,0.000
1725522205,0.357,0.000
1725522205,0.251,0.000
1725522205,0.358,0.000
1725522205,0.299,0.000
1725522205,0.421,0.000
1725522205,0.294,0.000
1725522205,0.398,0.000
1725522205,0.303,0.000
1725522205,0.359,0.000
1725522205,0.365,0.000
1725522205,0.282,0.000
1725522205,0.351,0.000
1725522205,0.246,0.000
1725522205,0.563,0.000
1725522205,0.458,0.000
1725522205,0.338,0.000
1725522205,0.252,0.000
1725522205,0.363,0.000
1725522205,0.244,0.000
1725522205,0.420,0.000
1725522205,0.322,0.000
1725522205,0.236,0.000
1725522205,0.454,0.000
1725522205,0.244,0.000
1725522205,0.250,0.000
1725522205,0.353,0.000
1725522205,0.223,0.000
1725522205,0.559,0.000
1725522205,0.361,0.000
1725522205,0.425,0.000
1725522205,0.307,0.000
1725522205,0.326,0.000
1725522205,0.515,0.000
1725522205,0.328,0.000
1725522205,0.398,0.000
1725522205,0.425,0.000
1725522205,0.384,0.000
1725522205,0.226,0.000
1725522205,0.332,0.000
1725522205,0.318,0.000
1725522205,0.384,0.000
1725522205,0.337,0.000
1725522205,0.288,0.000
1725522205,0.286,0.000
1725522205,0.291,0.000
1725522205,0.424,0.000
1725522205,0.326,0.000
1725522205,0.278,0.000
1725522205,0.377,0.000
1725522205,0.389,0.000
1725522205,0.498,0.000
1725522205,0.300,0.000
1725522205,0.289,0.000
1725522205,0.281,0.000
1725522205,0.305,0.000
1725522205,0.321,0.000
1725522205,0.263,0.000
1725522205,0.303,0.000
1725522205,0.381,0.000
1725522205,0.310,0.000
1725522205,0.344,0.000
1725522205,0.354,0.000
1725522205,0.286,0.000
1725522205,0.282,0.000
1725522205,0.324,0.000
1725522205,0.386,0.000
1725522205,0.293,0.000
1725522205,0.337,0.000
1725522205,0.349,0.000
1725522205,0.363,0.000
1725522205,0.279,0.000
1725522205,0.263,0.000
1725522205,0.266,0.000
1725522205,0.272,0.000
1725522206,0.364,0.000
1725522206,0.248,0.000
1725522206,0.284,0.000
1725522206,0.266,0.000
1725522206,0.382,0.000
1725522206,0.353,0.000
1725522206,0.298,0.000
1725522206,0.303,0.000
1725522206,0.409,0.000
1725522206,0.281,0.000
1725522206,0.516,0.000
1725522206,0.366,0.000
1725522206,0.256,0.000
1725522206,0.318,0.000
1725522206,0.820,0.000
1725522206,0.334,0.000
1725522206,0.357,0.000
1725522206,0.342,0.000
1725522206,0.357,0.000
1725522206,0.418,0.000
1725522206,0.448,0.000
1725522206,0.360,0.000
1725522206,0.451,0.000
1725522206,0.359,0.000
1725522206,0.293,0.000
1725522206,0.393,0.000
1725522206,0.301,0.000
1725522206,0.370,0.000
1725522206,0.328,0.000
1725522206,0.364,0.000
1725522206,0.324,0.000
1725522206,0.401,0.000
1725522206,0.367,0.000
1725522206,0.546,0.000
1725522206,0.272,0.000
1725522206,0.444,0.000
1725522206,0.314,0.000
1725522206,0.310,0.000
1725522206,0.290,0.000
1725522206,0.280,0.000
1725522206,0.367,0.000
1725522206,0.455,0.000
1725522206,0.289,0.000
1725522206,0.260,0.000
1725522206,0.385,0.000
1725522206,0.245,0.000
1725522206,0.418,0.000
1725522206,0.254,0.000
1725522206,0.291,0.000
1725522206,0.334,0.000
1725522206,0.317,0.000
1725522206,0.287,0.000
1725522206,0.255,0.000
1725522206,0.341,0.000
1725522206,0.371,0.000
1725522206,0.281,0.000
1725522206,0.243,0.000
1725522206,0.344,0.000
1725522206,0.324,0.000
1725522206,0.326,0.000
1725522206,0.296,0.000
1725522206,0.418,0.000
1725522206,0.295,0.000
1725522206,0.293,0.000
1725522206,0.395,0.000
1725522206,0.355,0.000
1725522206,0.317,0.000
1725522206,0.280,0.000
1725522206,0.410,0.000
1725522206,0.451,0.000
1725522206,0.272,0.000
1725522206,0.333,0.000
1725522206,0.397,0.000
1725522206,0.439,0.000
1725522206,0.395,0.000
1725522206,0.325,0.000
1725522206,0.377,0.000
1725522206,0.374,0.000
1725522206,0.273,0.000
1725522206,0.369,0.000
1725522206,0.265,0.000
1725522206,0.272,0.000
1725522206,0.318,0.000
1725522206,0.372,0.000
1725522206,0.387,0.000
1725522206,0.280,0.000
1725522206,0.305,0.000
1725522206,0.446,0.000
1725522206,0.428,0.000
1725522206,0.358,0.000
1725522206,0.411,0.000
1725522206,0.356,0.000
1725522206,0.367,0.000
1725522206,0.267,0.000
1725522206,0.311,0.000
1725522206,0.246,0.000
1725522206,0.358,0.000
1725522206,0.405,0.000
1725522206,0.259,0.000
1725522206,0.331,0.000
1725522206,0.271,0.000
1725522206,0.255,0.000
1725522206,0.426,0.000
1725522206,0.326,0.000
1725522206,0.478,0.000
1725522206,0.344,0.000
1725522206,0.357,0.000
1725522206,0.263,0.000
1725522206,0.307,0.000
1725522206,0.313,0.000
1725522206,0.422,0.000
1725522206,0.319,0.000
1725522206,0.368,0.000
1725522206,0.327,0.000
1725522206,0.276,0.000
1725522206,0.350,0.000
1725522206,0.352,0.000
1725522206,0.279,0.000
1725522206,0.406,0.000
1725522206,0.269,0.000
1725522206,0.284,0.000
1725522206,0.357,0.000
1725522206,0.248,0.000
1725522206,0.303,0.000
1725522206,0.329,0.000
1725522206,0.372,0.000
1725522206,0.362,0.000
1725522206,0.439,0.000
1725522206,0.313,0.000
1725522206,0.347,0.000
1725522206,0.356,0.000
1725522206,0.275,0.000
1725522206,0.303,0.000
1725522206,0.346,0.000
1725522206,0.247,0.000
1725522206,0.279,0.000
1725522206,0.328,0.000
1725522206,0.301,0.000
1725522206,0.343,0.000
1725522206,0.329,0.000
1725522206,0.261,0.000
1725522206,0.328,0.000
1725522206,0.291,0.000
1725522206,0.272,0.000
1725522206,0.257,0.000
1725522206,0.385,0.000
1725522206,0.381,0.000
1725522206,0.244,0.000
1725522206,0.357,0.000
1725522206,0.384,0.000
1725522206,0.361,0.000
1725522206,0.247,0.000
1725522206,0.289,0.000
1725522206,0.271,0.000
1725522206,0.250,0.000
1725522206,0.317,0.000
1725522206,0.287,0.000
1725522206,0.422,0.000
1725522206,0.353,0.000
1725522206,0.272,0.000
1725522206,0.266,0.000
1725522206,0.392,0.000
1725522206,0.384,0.000
1725522206,0.300,0.000
1725522206,0.357,0.000
1725522206,0.277,0.000
1725522206,0.281,0.000
1725522206,0.437,0.000
1725522206,0.284,0.000
1725522206,0.312,0.000
1725522206,0.319,0.000
1725522206,0.301,0.000
1725522206,0.360,0.000
1725522206,0.323,0.000
1725522206,0.385,0.000
1725522206,0.378,0.000
1725522206,0.235,0.000
1725522206,0.467,0.000
1725522206,0.396,0.000
1725522206,0.368,0.000
1725522206,0.458,0.000
1725522207,0.298,0.000
1725522207,0.518,0.000
1725522207,0.227,0.000
1725522207,0.392,0.000
1725522207,0.254,0.000
1725522207,0.316,0.000
1725522207,0.445,0.000
1725522207,0.288,0.000
1725522207,0.378,0.000
1725522207,0.258,0.000
1725522207,0.403,0.000
1725522207,0.363,0.000
1725522207,0.243,0.000
1725522207,0.314,0.000
1725522207,0.276,0.000
1725522207,0.285,0.000
1725522207,0.286,0.000
1725522207,0.301,0.000
1725522207,0.264,0.000
1725522207,0.306,0.000
1725522207,0.271,0.000
1725522207,0.361,0.000
1725522207,0.445,0.000
1725522207,0.289,0.000
1725522207,0.279,0.000
1725522207,0.289,0.000
1725522207,0.284,0.000
1725522207,0.248,0.000
1725522207,0.298,0.000
1725522207,0.312,0.000
1725522207,0.341,0.000
1725522207,0.364,0.000
1725522207,0.293,0.000
1725522207,0.365,0.000
1725522207,0.289,0.000
1725522207,0.303,0.000
1725522207,0.249,0.000
1725522207,0.274,0.000
1725522207,0.358,0.000
1725522207,0.372,0.000
1725522207,0.317,0.000
1725522207,0.321,0.000
1725522207,0.325,0.000
1725522207,0.291,0.000
1725522207,0.362,0.000
1725522207,0.342,0.000
1725522207,0.325,0.000
1725522207,0.329,0.000
1725522207,0.406,0.000
1725522207,0.393,0.000
1725522207,0.414,0.000
1725522207,0.251,0.000
1725522207,0.267,0.000
1725522207,0.245,0.000
1725522207,0.406,0.000
1725522207,0.388,0.000
1725522207,0.323,0.000
1725522207,0.315,0.000
1725522207,0.489,0.000
1725522207,0.274,0.000
1725522207,0.245,0.000
1725522207,0.325,0.000
1725522207,0.377,0.000
1725522207,0.266,0.000
1725522207,0.284,0.000
1725522207,0.393,0.000
1725522207,0.309,0.000
1725522207,0.246,0.000
1725522207,0.336,0.000
1725522207,0.352,0.000
1725522207,0.326,0.000
1725522207,0.373,0.000
1725522207,0.394,0.000
1725522207,0.337,0.000
1725522207,0.314,0.000
1725522207,0.414,0.000
1725522207,0.383,0.000
1725522207,0.390,0.000
1725522207,0.434,0.000
1725522207,0.362,0.000
1725522207,0.246,0.000
1725522207,0.351,0.000
1725522207,0.292,0.000
1725522207,0.511,0.000
1725522207,0.415,0.000
1725522207,0.281,0.000
1725522207,0.463,0.000
1725522207,0.388,0.000
1725522207,0.296,0.000
1725522207,0.343,0.000
1725522207,0.335,0.000
1725522207,0.397,0.000
1725522207,0.300,0.000
1725522207,0.378,0.000
1725522207,0.297,0.000
1725522207,0.287,0.000
1725522207,0.282,0.000
1725522207,0.272,0.000
1725522207,0.360,0.000
1725522207,0.294,0.000
1725522207,0.278,0.000
1725522207,0.269,0.000
1725522207,0.358,0.000
1725522207,0.506,0.000
1725522207,0.322,0.000
1725522207,0.266,0.000
1725522207,0.332,0.000
1725522207,0.323,0.000
1725522207,0.290,0.000
1725522207,0.351,0.000
1725522207,0.271,0.000
1725522207,0.380,0.000
1725522207,0.303,0.000
1725522207,0.310,0.000
1725522207,0.352,0.000
1725522207,0.362,0.000
1725522207,0.286,0.000
1725522207,0.353,0.000
1725522207,0.294,0.000
1725522207,0.280,0.000
1725522207,0.344,0.000
1725522207,0.448,0.000
1725522207,0.270,0.000
1725522207,0.548,0.000
1725522207,0.389,0.000
1725522207,0.320,0.000
1725522207,0.350,0.000
1725522207,0.322,0.000
1725522207,0.288,0.000
1725522207,0.261,0.000
1725522207,0.258,0.000
1725522207,0.349,0.000
1725522207,0.340,0.000
1725522207,0.342,0.000
1725522207,0.309,0.000
1725522207,0.389,0.000
1725522207,0.369,0.000
1725522207,0.339,0.000
1725522207,0.267,0.000
1725522207,0.278,0.000
1725522207,0.287,0.000
1725522207,0.294,0.000
1725522207,0.367,0.000
1725522207,0.273,0.000
1725522207,0.348,0.000
1725522207,0.429,0.000
1725522207,0.331,0.000
1725522207,0.357,0.000
1725522207,0.272,0.000
1725522207,0.337,0.000
1725522207,0.315,0.000
1725522207,0.363,0.000
1725522207,0.546,0.000
1725522207,0.340,0.000
1725522207,0.299,0.000
1725522207,0.308,0.000
1725522207,0.325,0.000
1725522207,0.367,0.000
1725522207,0.330,0.000
1725522207,0.298,0.000
1725522207,0.467,0.000
1725522207,0.355,0.000
1725522207,0.383,0.000
1725522207,0.266,0.000
1725522207,0.376,0.000
1725522207,0.355,0.000
1725522207,0.347,0.000
1725522207,0.259,0.000
1725522207,0.530,0.000
1725522207,0.409,0.000
1725522207,0.357,0.000
1725522207,0.303,0.000
1725522207,0.316,0.000
1725522207,0.363,0.000
1725522208,0.338,0.000
1725522208,0.326,0.000
1725522208,0.421,0.000
1725522208,0.520,0.000
1725522208,0.216,0.000
1725522208,0.311,0.000
1725522208,0.438,0.000
1725522208,0.553,0.000
1725522208,0.340,0.000
1725522208,0.359,0.000
1725522208,0.292,0.000
1725522208,0.240,0.000
1725522208,0.399,0.000
1725522208,0.310,0.000
1725522208,0.282,0.000
1725522208,0.435,0.000
1725522208,0.493,0.000
1725522208,0.223,0.000
1725522208,0.280,0.000
1725522208,0.325,0.000
1725522208,0.315,0.000
1725522208,0.416,0.000
1725522208,0.382,0.000
1725522208,0.327,0.000
1725522208,0.274,0.000
1725522208,0.311,0.000
1725522208,0.470,0.000
1725522208,0.388,0.000
1725522208,0.327,0.000
1725522208,0.291,0.000
1725522208,0.745,0.000
1725522208,0.381,0.000
1725522208,0.319,0.000
1725522208,0.268,0.000
1725522208,0.366,0.000
1725522208,0.389,0.000
1725522208,0.280,0.000
1725522208,0.290,0.000
1725522208,0.290,0.000
1725522208,0.314,0.000
1725522208,0.277,0.000
1725522208,0.471,0.000
1725522208,0.235,0.000
1725522208,0.339,0.000
1725522208,0.319,0.000
1725522208,0.286,0.000
1725522208,0.348,0.000
1725522208,0.418,0.000
1725522208,0.523,0.000
1725522208,0.417,0.000
1725522208,0.434,0.000
1725522208,0.463,0.000
1725522208,0.359,0.000
1725522208,0.255,0.000
1725522208,0.299,0.000
1725522208,0.293,0.000
1725522208,0.535,0.000
1725522208,0.381,0.000
1725522208,0.336,0.000
1725522208,0.383,0.000
1725522208,0.312,0.000
1725522208,0.276,0.000
1725522208,0.392,0.000
1725522208,0.402,0.000
1725522208,0.231,0.000
1725522208,0.310,0.000
1725522208,0.378,0.000
1725522208,0.314,0.000
1725522208,0.529,0.000
1725522208,0.387,0.000
1725522208,0.254,0.000
1725522208,0.316,0.000
1725522208,0.334,0.000
1725522208,0.261,0.000
1725522208,0.303,0.000
1725522208,0.402,0.000
1725522208,0.303,0.000
1725522208,0.420,0.000
1725522208,0.368,0.000
1725522208,0.329,0.000
1725522208,0.275,0.000
1725522208,0.457,0.000
1725522208,0.511,0.000
1725522208,0.321,0.000
1725522208,0.279,0.000
1725522208,0.369,0.000
1725522208,0.383,0.000
1725522208,0.324,0.000
1725522208,0.280,0.000
1725522208,0.281,0.000
1725522208,0.311,0.000
1725522208,0.475,0.000
1725522208,0.293,0.000
1725522208,0.377,0.000
1725522208,0.384,0.000
1725522208,0.311,0.000
1725522208,0.299,0.000
1725522208,0.255,0.000
1725522208,0.289,0.000
1725522208,0.365,0.000
1725522208,0.340,0.000
1725522208,0.293,0.000
1725522208,0.409,0.000
1725522208,0.302,0.000
1725522208,0.341,0.000
1725522208,0.276,0.000
1725522208,0.405,0.000
1725522208,0.350,0.000
1725522208,0.260,0.000
1725522208,0.482,0.000
1725522208,0.372,0.000
1725522208,0.361,0.000
1725522208,0.302,0.000
1725522208,0.335,0.000
1725522208,0.429,0.000
1725522208,0.346,0.000
1725522208,0.333,0.000
1725522208,0.372,0.000
1725522208,0.485,0.000
1725522208,0.348,0.000
1725522208,0.525,0.000
1725522208,0.301,0.000
1725522208,0.294,0.000
1725522208,0.392,0.000
1725522208,0.306,0.000
1725522208,0.438,0.000
1725522208,0.493,0.000
1725522208,0.298,0.000
1725522208,0.390,0.000
1725522208,0.332,0.000
1725522208,0.376,0.000
1725522208,0.249,0.000
1725522208,0.307,0.000
1725522208,0.276,0.000
1725522208,0.437,0.000
1725522208,0.385,0.000
1725522208,0.368,0.000
1725522208,0.262,0.000
1725522208,0.373,0.000
1725522208,0.275,0.000
1725522208,0.291,0.000
1725522208,0.425,0.000
1725522208,0.298,0.000
1725522208,0.283,0.000
1725522208,0.530,0.000
1725522208,0.359,0.000
1725522208,0.385,0.000
1725522208,0.295,0.000
1725522208,0.273,0.000
1725522208,0.335,0.000
1725522208,0.316,0.000
1725522208,0.250,0.000
1725522208,0.332,0.000
1725522208,0.379,0.000
1725522208,0.313,0.000
1725522208,0.277,0.000
1725522208,0.402,0.000
1725522208,0.321,0.000
1725522208,0.461,0.000
1725522208,0.434,0.000
1725522208,0.313,0.000
1725522208,0.376,0.000
1725522208,0.237,0.000
1725522208,0.312,0.000
1725522208,0.286,0.000
1725522208,0.357,0.000
1725522208,0.438,0.000
1725522208,0.314,0.000
1725522208,0.301,0.000
1725522208,0.305,0.000
1725522208,0.332,0.000
1725522208,0.386,0.000
1725522209,0.261,0.000
1725522209,0.308,0.000
1725522209,0.313,0.000
1725522209,0.339,0.000
1725522209,0.297,0.000
1725522209,0.301,0.000
1725522209,0.357,0.000
1725522209,0.273,0.000
1725522209,0.404,0.000
1725522209,0.367,0.000
1725522209,0.347,0.000
1725522209,0.397,0.000
1725522209,0.288,0.000
1725522209,0.287,0.000
1725522209,0.311,0.000
1725522209,0.285,0.000
1725522209,0.334,0.000
1725522209,0.240,0.000
1725522209,0.263,0.000
1725522209,0.288,0.000
1725522209,0.311,0.000
1725522209,0.430,0.000
1725522209,0.362,0.000
1725522209,0.363,0.000
1725522209,0.313,0.000
1725522209,0.326,0.000
1725522209,0.285,0.000
1725522209,0.428,0.000
1725522209,0.305,0.000
1725522209,0.353,0.000
1725522209,0.425,0.000
1725522209,0.344,0.000
1725522209,0.308,0.000
1725522209,0.260,0.000
1725522209,0.354,0.000
1725522209,0.328,0.000
1725522209,0.319,0.000
1725522209,0.304,0.000
1725522209,0.325,0.000
1725522209,0.330,0.000
1725522209,0.284,0.000
1725522209,0.275,0.000
1725522209,0.306,0.000
1725522209,0.283,0.000
1725522209,0.358,0.000
1725522209,0.403,0.000
1725522209,0.285,0.000
1725522209,0.344,0.000
1725522209,0.300,0.000
1725522209,0.335,0.000
1725522209,0.217,0.000
1725522209,0.344,0.000
1725522209,0.284,0.000
1725522209,0.667,0.000
1725522209,0.424,0.000
1725522209,0.444,0.000
1725522209,0.288,0.000
1725522209,0.363,0.000
1725522209,0.278,0.000
1725522209,0.360,0.000
1725522209,0.231,0.000
1725522209,0.431,0.000
1725522209,0.253,0.000
1725522209,0.504,0.000
1725522209,0.251,0.000
1725522209,0.326,0.000
1725522209,0.258,0.000
1725522209,0.404,0.000
1725522209,0.289,0.000
1725522209,0.339,0.000
1725522209,0.348,0.000
1725522209,0.270,0.000
1725522209,0.506,0.000
1725522209,0.646,0.000
1725522209,0.279,0.000
1725522209,0.729,0.000
1725522209,0.322,0.000
1725522209,0.335,0.000
1725522209,0.376,0.000
1725522209,0.279,0.000
1725522209,0.247,0.000
1725522209,0.390,0.000
1725522209,0.315,0.000
1725522209,0.300,0.000
1725522209,0.354,0.000
1725522209,0.315,0.000
1725522209,0.341,0.000
1725522209,0.336,0.000
1725522209,0.266,0.000
1725522209,0.281,0.000
1725522209,0.338,0.000
1725522209,0.435,0.000
1725522209,0.310,0.000
1725522209,0.334,0.000
1725522209,0.278,0.000
1725522209,0.264,0.000
1725522209,0.282,0.000
1725522209,0.217,0.000
1725522209,0.353,0.000
1725522209,0.413,0.000
1725522209,0.320,0.000
1725522209,0.292,0.000
1725522209,0.380,0.000
1725522209,0.276,0.000
1725522209,0.257,0.000
1725522209,0.287,0.000
1725522209,0.300,0.000
1725522209,0.288,0.000
1725522209,0.267,0.000
1725522209,0.413,0.000
1725522209,0.416,0.000
1725522209,0.328,0.000
1725522209,0.357,0.000
1725522209,0.355,0.000
1725522209,0.402,0.000
1725522209,0.311,0.000
1725522209,0.362,0.000
1725522209,0.283,0.000
1725522209,0.346,0.000
1725522209,0.289,0.000
1725522209,0.396,0.000
1725522209,0.389,0.000
1725522209,0.366,0.000
1725522209,0.364,0.000
1725522209,0.434,0.000
1725522209,0.351,0.000
1725522209,0.295,0.000
1725522209,0.285,0.000
1725522209,0.275,0.000
1725522209,0.336,0.000
1725522209,0.370,0.000
1725522209,0.299,0.000
1725522209,0.346,0.000
1725522209,0.281,0.000
1725522209,0.296,0.000
1725522209,0.484,0.000
1725522209,0.337,0.000
1725522209,0.389,0.000
1725522209,0.472,0.000
1725522209,0.337,0.000
1725522209,0.301,0.000
1725522209,0.408,0.000
1725522209,0.272,0.000
1725522209,0.406,0.000
1725522209,0.250,0.000
1725522209,0.276,0.000
1725522209,0.424,0.000
1725522209,0.394,0.000
1725522209,0.266,0.000
1725522209,0.400,0.000
1725522209,0.370,0.000
1725522209,0.372,0.000
1725522209,0.314,0.000
1725522209,0.542,0.000
1725522209,0.470,0.000
1725522209,0.307,0.000
1725522209,0.416,0.000
1725522209,0.261,0.000
1725522209,0.317,0.000
1725522209,0.396,0.000
1725522209,0.285,0.000
1725522209,0.350,0.000
1725522209,0.339,0.000
1725522209,0.380,0.000
1725522209,0.297,0.000
1725522209,0.287,0.000
1725522209,0.276,0.000
1725522209,0.343,0.000
1725522209,0.280,0.000
1725522209,0.312,0.000
1725522209,0.365,0.000
1725522209,0.334,0.000
1725522209,0.491,0.000
1725522210,0.336,0.000
1725522210,0.341,0.000
1725522210,0.320,0.000
1725522210,0.289,0.000
1725522210,0.367,0.000
1725522210,0.285,0.000
1725522210,0.341,0.000
1725522210,0.327,0.000
1725522210,0.303,0.000
1725522210,0.259,0.000
1725522210,0.264,0.000
1725522210,0.284,0.000
1725522210,0.363,0.000
1725522210,0.267,0.000
1725522210,0.242,0.000
1725522210,0.262,0.000
1725522210,0.316,0.000
1725522210,0.387,0.000
1725522210,0.267,0.000
1725522210,0.353,0.000
1725522210,0.309,0.000
1725522210,0.381,0.000
1725522210,0.418,0.000
1725522210,0.315,0.000
1725522210,0.303,0.000
1725522210,0.563,0.000
1725522210,0.731,0.000
1725522210,0.280,0.000
1725522210,0.257,0.000
1725522210,0.338,0.000
1725522210,0.316,0.000
1725522210,0.277,0.000
1725522210,0.320,0.000
1725522210,0.353,0.000
1725522210,0.300,0.000
1725522210,0.318,0.000
1725522210,0.286,0.000
1725522210,0.242,0.000
1725522210,0.263,0.000
1725522210,0.337,0.000
1725522210,0.350,0.000
1725522210,0.286,0.000
1725522210,0.519,0.000
1725522210,0.301,0.000
1725522210,0.298,0.000
1725522210,0.449,0.000
1725522210,0.397,0.000
1725522210,0.313,0.000
1725522210,0.364,0.000
1725522210,0.328,0.000
1725522210,0.322,0.000
1725522210,0.284,0.000
1725522210,0.282,0.000
1725522210,0.378,0.000
1725522210,0.262,0.000
1725522210,0.339,0.000
1725522210,0.288,0.000
1725522210,0.333,0.000
1725522210,0.536,0.000
1725522210,0.534,0.000
1725522210,0.286,0.000
1725522210,0.393,0.000
1725522210,0.338,0.000
1725522210,0.271,0.000
1725522210,0.290,0.000
1725522210,0.369,0.000
1725522210,0.269,0.000
1725522210,0.340,0.000
1725522210,0.535,0.000
1725522210,0.419,0.000
1725522210,0.288,0.000
1725522210,0.384,0.000
1725522210,0.458,0.000
1725522210,0.326,0.000
1725522210,0.312,0.000
1725522210,0.288,0.000
1725522210,0.341,0.000
1725522210,0.258,0.000
1725522210,0.288,0.000
1725522210,0.307,0.000
1725522210,0.290,0.000
1725522210,0.417,0.000
1725522210,0.300,0.000
1725522210,0.314,0.000
1725522210,0.323,0.000
1725522210,0.478,0.000
1725522210,0.433,0.000
1725522210,0.308,0.000
1725522210,0.346,0.000
1725522210,0.398,0.000
1725522210,0.383,0.000
1725522210,0.279,0.000
1725522210,0.280,0.000
1725522210,0.397,0.000
1725522210,0.321,0.000
1725522210,0.311,0.000
1725522210,0.369,0.000
1725522210,0.352,0.000
1725522210,0.477,0.000
1725522210,0.364,0.000
1725522210,0.409,0.000
1725522210,0.459,0.000
1725522210,0.304,0.000
1725522210,0.377,0.000
1725522210,0.350,0.000
1725522210,0.269,0.000
1725522210,0.445,0.000
1725522210,0.326,0.000
1725522210,0.441,0.000
1725522210,0.332,0.000
1725522210,0.376,0.000
1725522210,0.296,0.000
1725522210,0.302,0.000
1725522210,0.384,0.000
1725522210,0.391,0.000
1725522210,0.329,0.000
1725522210,0.344,0.000
1725522210,0.447,0.000
1725522210,0.290,0.000
1725522210,0.341,0.000
1725522210,0.447,0.000
1725522210,0.389,0.000
1725522210,0.281,0.000
1725522210,0.260,0.000
1725522210,0.287,0.000
1725522210,0.313,0.000
1725522210,0.414,0.000
1725522210,0.357,0.000
1725522210,0.436,0.000
1725522210,0.401,0.000
1725522210,0.326,0.000
1725522210,0.618,0.000
1725522210,0.336,0.000
1725522210,0.444,0.000
1725522210,0.335,0.000
1725522210,0.292,0.000
1725522210,0.311,0.000
1725522210,0.295,0.000
1725522210,0.399,0.000
1725522210,0.319,0.000
1725522210,0.290,0.000
1725522210,0.240,0.000
1725522210,0.279,0.000
1725522210,0.272,0.000
1725522210,0.443,0.000
1725522210,0.433,0.000
1725522210,0.292,0.000
1725522210,0.381,0.000
1725522210,0.366,0.000
1725522210,0.335,0.000
1725522210,0.357,0.000
1725522210,0.340,0.000
1725522210,0.282,0.000
1725522210,0.230,0.000
1725522210,0.417,0.000
1725522210,0.367,0.000
1725522210,0.319,0.000
1725522210,0.355,0.000
1725522210,0.419,0.000
1725522210,0.310,0.000
1725522210,0.380,0.000
1725522210,0.270,0.000
1725522210,0.361,0.000
1725522210,0.484,0.000
1725522210,0.381,0.000
1725522210,0.298,0.000
1725522210,0.275,0.000
1725522211,0.363,0.000
1725522211,0.312,0.000
1725522211,0.292,0.000
1725522211,0.348,0.000
1725522211,0.233,0.000
1725522211,0.261,0.000
1725522211,0.298,0.000
1725522211,0.198,0.000
1725522211,0.288,0.000
1725522211,0.360,0.000
1725522211,0.357,0.000
1725522211,0.328,0.000
1725522211,0.288,0.000
1725522211,0.306,0.000
1725522211,0.290,0.000
1725522211,0.507,0.000
1725522211,0.358,0.000
1725522211,0.292,0.000
1725522211,0.329,0.000
1725522211,0.341,0.000
1725522211,0.361,0.000
1725522211,0.302,0.000
1725522211,0.258,0.000
1725522211,0.280,0.000
1725522211,0.369,0.000
1725522211,0.232,0.000
1725522211,0.483,0.000
1725522211,0.344,0.000
1725522211,0.453,0.000
1725522211,0.311,0.000
1725522211,0.348,0.000
1725522211,0.299,0.000
1725522211,0.376,0.000
1725522211,0.240,0.000
1725522211,0.292,0.000
1725522211,0.346,0.000
1725522211,0.331,0.000
1725522211,0.366,0.000
1725522211,0.367,0.000
1725522211,0.258,0.000
1725522211,0.279,0.000
1725522211,0.279,0.000
1725522211,0.426,0.000
1725522211,0.465,0.000
1725522211,0.339,0.000
1725522211,0.474,0.000
1725522211,0.234,0.000
1725522211,0.573,0.000
1725522211,0.375,0.000
1725522211,0.505,0.000
1725522211,0.247,0.000
1725522211,0.353,0.000
1725522211,0.400,0.000
1725522211,0.267,0.000
1725522211,0.351,0.000
1725522211,0.302,0.000
1725522211,0.309,0.000
1725522211,0.234,0.000
1725522211,0.383,0.000
1725522211,0.346,0.000
1725522211,0.292,0.000
1725522211,0.336,0.000
1725522211,0.376,0.000
1725522211,0.275,0.000
1725522211,0.328,0.000
1725522211,0.369,0.000
1725522211,0.465,0.000
1725522211,0.328,0.000
1725522211,0.261,0.000
1725522211,0.427,0.000
1725522211,0.416,0.000
1725522211,0.298,0.000
1725522211,0.287,0.000
1725522211,0.299,0.000
1725522211,0.239,0.000
1725522211,0.481,0.000
1725522211,0.395,0.000
1725522211,0.334,0.000
1725522211,0.332,0.000
1725522211,0.350,0.000
1725522211,0.358,0.000
1725522211,0.263,0.000
1725522211,0.349,0.000
1725522211,0.298,0.000
1725522211,0.287,0.000
1725522211,0.386,0.000
1725522211,0.310,0.000
1725522211,0.470,0.000
1725522211,0.316,0.000
1725522211,0.348,0.000
1725522211,0.304,0.000
1725522211,0.339,0.000
1725522211,0.346,0.000
1725522211,0.296,0.000
1725522211,0.288,0.000
1725522211,0.356,0.000
1725522211,0.339,0.000
1725522211,0.399,0.000
1725522211,0.281,0.000
1725522211,0.312,0.000
1725522211,0.276,0.000
1725522211,0.263,0.000
1725522211,0.271,0.000
1725522211,0.332,0.000
1725522211,0.533,0.000
1725522211,0.381,0.000
1725522211,0.311,0.000
1725522211,0.382,0.000
1725522211,0.330,0.000
1725522211,0.280,0.000
1725522211,0.357,0.000
1725522211,0.404,0.000
1725522211,0.305,0.000
1725522211,0.477,0.000
1725522211,0.336,0.000
1725522211,0.278,0.000
1725522211,0.315,0.000
1725522211,0.240,0.000
1725522211,0.394,0.000
1725522211,0.310,0.000
1725522211,0.338,0.000
1725522211,0.464,0.000
1725522211,0.322,0.000
1725522211,0.389,0.000
1725522211,0.508,0.000
1725522211,0.322,0.000
1725522211,0.435,0.000
1725522211,0.652,0.000
1725522211,0.283,0.000
1725522211,0.346,0.000
1725522211,0.418,0.000
1725522211,0.241,0.000
1725522211,0.287,0.000
1725522211,0.284,0.000
1725522211,0.293,0.000
1725522211,0.246,0.000
1725522211,0.347,0.000
1725522211,0.280,0.000
1725522211,0.336,0.000
1725522211,0.375,0.000
1725522211,0.390,0.000
1725522211,0.412,0.000
1725522211,0.310,0.000
1725522211,0.374,0.000
1725522211,0.320,0.000
1725522211,0.499,0.000
1725522211,0.500,0.000
1725522211,0.297,0.000
1725522211,0.308,0.000
1725522211,0.447,0.000
1725522211,0.297,0.000
1725522211,0.326,0.000
1725522211,0.421,0.000
1725522211,0.319,0.000
1725522211,0.265,0.000
1725522211,0.297,0.000
1725522211,0.262,0.000
1725522211,0.363,0.000
1725522211,0.366,0.000
1725522211,0.275,0.000
1725522211,0.345,0.000
1725522212,0.476,0.000
1725522212,0.374,0.000
1725522212,0.351,0.000
1725522212,0.460,0.000
1725522212,0.291,0.000
1725522212,0.353,0.000
1725522212,0.309,0.000
1725522212,0.485,0.000
1725522212,0.315,0.000
1725522212,0.332,0.000
1725522212,0.273,0.000
1725522212,0.306,0.000
1725522212,0.235,0.000
1725522212,0.420,0.000
1725522212,0.384,0.000
1725522212,0.327,0.000
1725522212,0.286,0.000
1725522212,0.340,0.000
1725522212,0.239,0.000
1725522212,0.411,0.000
1725522212,0.198,0.000
1725522212,0.317,0.000
1725522212,0.277,0.000
1725522212,0.480,0.000
1725522212,0.294,0.000
1725522212,0.281,0.000
1725522212,0.310,0.000
1725522212,0.269,0.000
1725522212,0.308,0.000
1725522212,0.324,0.000
1725522212,0.326,0.000
1725522212,0.305,0.000
1725522212,0.361,0.000
1725522212,0.306,0.000
1725522212,0.260,0.000
1725522212,0.362,0.000
1725522212,0.367,0.000
1725522212,0.315,0.000
1725522212,0.345,0.000
1725522212,0.491,0.000
1725522212,0.329,0.000
1725522212,0.327,0.000
1725522212,0.619,0.000
1725522212,0.338,0.000
1725522212,0.487,0.000
1725522212,0.472,0.000
1725522212,0.449,0.000
1725522212,0.246,0.000
1725522212,0.307,0.000
1725522212,0.367,0.000
1725522212,0.347,0.000
1725522212,0.397,0.000
1725522212,0.317,0.000
1725522212,0.540,0.000
1725522212,0.292,0.000
1725522212,0.238,0.000
1725522212,0.278,0.000
1725522212,0.367,0.000
1725522212,0.248,0.000
1725522212,0.288,0.000
1725522212,0.282,0.000
1725522212,0.251,0.000
1725522212,0.309,0.000
1725522212,0.362,0.000
1725522212,0.494,0.000
1725522212,0.356,0.000
1725522212,0.350,0.000
1725522212,0.360,0.000
1725522212,0.496,0.000
1725522212,0.334,0.000
1725522212,0.294,0.000
1725522212,0.257,0.000
1725522212,0.225,0.000
1725522212,0.338,0.000
1725522212,0.259,0.000
1725522212,0.386,0.000
1725522212,0.353,0.000
1725522212,0.386,0.000
1725522212,0.318,0.000
1725522212,0.332,0.000
1725522212,0.309,0.000
1725522212,0.406,0.000
1725522212,0.326,0.000
1725522212,0.466,0.000
1725522212,0.307,0.000
1725522212,0.274,0.000
1725522212,0.506,0.000
1725522212,0.263,0.000
1725522212,0.297,0.000
1725522212,0.372,0.000
1725522212,0.348,0.000
1725522212,0.351,0.000
1725522212,0.271,0.000
1725522212,0.236,0.000
1725522212,0.358,0.000
1725522212,0.321,0.000
1725522212,0.308,0.000
1725522212,0.280,0.000
1725522212,0.280,0.000
1725522212,0.380,0.000
1725522212,0.345,0.000
1725522212,0.339,0.000
1725522212,0.340,0.000
1725522212,0.314,0.000
1725522212,0.226,0.000
1725522212,0.319,0.000
1725522212,0.395,0.000
1725522212,0.460,0.000
1725522212,0.434,0.000
1725522212,0.281,0.000
1725522212,0.434,0.000
1725522212,0.343,0.000
1725522212,0.317,0.000
1725522212,0.276,0.000
1725522212,0.260,0.000
1725522212,0.275,0.000
1725522212,0.305,0.000
1725522212,0.282,0.000
1725522212,0.317,0.000
1725522212,0.457,0.000
1725522212,0.271,0.000
1725522212,0.480,0.000
1725522212,0.317,0.000
1725522212,0.362,0.000
1725522212,0.294,0.000
1725522212,0.276,0.000
1725522212,0.228,0.000
1725522212,0.403,0.000
1725522212,0.333,0.000
1725522212,0.323,0.000
1725522212,0.483,0.000
1725522212,0.279,0.000
1725522212,0.408,0.000
1725522212,0.320,0.000
1725522212,0.364,0.000
1725522212,0.375,0.000
1725522212,0.436,0.000
1725522212,0.356,0.000
1725522212,0.376,0.000
1725522212,0.319,0.000
1725522212,0.316,0.000
1725522212,0.301,0.000
1725522212,0.290,0.000
1725522212,0.577,0.000
1725522212,0.556,0.000
1725522212,0.279,0.000
1725522212,0.547,0.000
1725522212,0.336,0.000
1725522212,0.439,0.000
1725522212,0.268,0.000
1725522212,0.286,0.000
1725522212,0.254,0.000
1725522212,0.302,0.000
1725522212,0.350,0.000
1725522212,0.314,0.000
1725522212,0.248,0.000
1725522212,0.340,0.000
1725522212,0.287,0.000
1725522212,0.261,0.000
1725522212,0.299,0.000
1725522212,0.266,0.000
1725522212,0.320,0.000
1725522212,0.314,0.000
1725522212,0.291,0.000
1725522212,0.344,0.000
1725522213,0.306,0.000
1725522213,0.277,0.000
1725522213,0.337,0.000
1725522213,0.320,0.000
1725522213,0.261,0.000
1725522213,0.415,0.000
1725522213,0.273,0.000
1725522213,0.386,0.000
1725522213,0.343,0.000
1725522213,0.422,0.000
1725522213,0.286,0.000
1725522213,0.309,0.000
1725522213,0.434,0.000
1725522213,0.290,0.000
1725522213,0.281,0.000
1725522213,0.308,0.000
1725522213,0.371,0.000
1725522213,0.405,0.000
1725522213,0.267,0.000
1725522213,0.315,0.000
1725522213,0.318,0.000
1725522213,3.154,0.000
1725522213,0.300,0.000
1725522213,0.310,0.000
1725522213,0.337,0.000
1725522213,0.326,0.000
1725522213,0.338,0.000
1725522213,0.394,0.000
1725522213,0.395,0.000
1725522213,0.318,0.000
1725522213,0.366,0.000
1725522213,0.605,0.000
1725522213,0.272,0.000
1725522213,0.317,0.000
1725522213,0.379,0.000
1725522213,0.277,0.000
1725522213,0.268,0.000
1725522213,0.314,0.000
1725522213,0.259,0.000
1725522213,0.329,0.000
1725522213,0.309,0.000
1725522213,0.467,0.000
1725522213,0.386,0.000
1725522213,0.329,0.000
1725522213,0.259,0.000
1725522213,0.307,0.000
1725522213,0.539,0.000
1725522213,0.372,0.000
1725522213,0.411,0.000
1725522213,0.498,0.000
1725522213,0.311,0.000
1725522213,0.284,0.000
1725522213,0.267,0.000
1725522213,0.352,0.000
1725522213,0.358,0.000
1725522213,0.486,0.000
1725522213,0.290,0.000
1725522213,0.316,0.000
1725522213,0.270,0.000
1725522213,0.534,0.000
1725522213,0.347,0.000
1725522213,0.441,0.000
1725522213,0.264,0.000
1725522213,0.348,0.000
1725522213,0.290,0.000
1725522213,0.435,0.000
1725522213,0.290,0.000
1725522213,0.333,0.000
1725522213,0.269,0.000
1725522213,0.327,0.000
1725522213,0.317,0.000
1725522213,0.303,0.000
1725522213,0.307,0.000
1725522213,0.445,0.000
1725522213,0.299,0.000
1725522213,0.328,0.000
1725522213,0.237,0.000
1725522213,0.336,0.000
1725522213,0.366,0.000
1725522213,0.430,0.000
1725522213,0.335,0.000
1725522213,0.274,0.000
1725522213,0.404,0.000
1725522213,0.274,0.000
1725522213,0.277,0.000
1725522213,0.375,0.000
1725522213,0.283,0.000
1725522213,0.364,0.000
1725522213,0.347,0.000
1725522213,0.390,0.000
1725522213,0.424,0.000
1725522213,0.312,0.000
1725522213,0.292,0.000
1725522213,0.375,0.000
1725522213,0.282,0.000
1725522213,0.344,0.000
1725522213,0.288,0.000
1725522213,0.355,0.000
1725522213,0.382,0.000
1725522213,0.528,0.000
1725522213,0.298,0.000
1725522213,0.441,0.000
1725522213,0.329,0.000
1725522213,0.390,0.000
1725522213,0.353,0.000
1725522213,0.348,0.000
1725522213,0.338,0.000
1725522213,0.293,0.000
1725522213,0.277,0.000
1725522213,0.275,0.000
1725522213,0.317,0.000
1725522213,0.430,0.000
1725522213,0.346,0.000
1725522213,0.339,0.000
1725522213,0.315,0.000
1725522213,0.303,0.000
1725522213,0.315,0.000
1725522213,0.368,0.000
1725522213,0.278,0.000
1725522213,0.236,0.000
1725522213,0.309,0.000
1725522213,0.259,0.000
1725522213,0.337,0.000
1725522213,0.363,0.000
1725522213,0.336,0.000
1725522213,0.276,0.000
1725522213,0.337,0.000
1725522213,0.341,0.000
1725522213,0.357,0.000
1725522213,0.392,0.000
1725522213,0.286,0.000
1725522213,0.470,0.000
1725522213,0.441,0.000
1725522213,0.280,0.000
1725522213,0.311,0.000
1725522213,0.399,0.000
1725522213,0.281,0.000
1725522213,0.467,0.000
1725522213,0.345,0.000
1725522213,0.426,0.000
1725522213,0.414,0.000
1725522213,0.610,0.000
1725522213,0.357,0.000
1725522213,0.350,0.000
1725522213,0.301,0.000
1725522213,0.370,0.000
1725522213,0.304,0.000
1725522213,0.276,0.000
1725522213,0.343,0.000
1725522213,0.422,0.000
1725522213,0.344,0.000
1725522213,0.340,0.000
1725522213,0.247,0.000
1725522213,0.344,0.000
1725522213,0.264,0.000
1725522213,0.328,0.000
1725522213,0.325,0.000
1725522213,0.295,0.000
1725522213,0.318,0.000
1725522214,0.265,0.000
1725522214,0.349,0.000
1725522214,0.386,0.000
1725522214,0.370,0.000
1725522214,0.252,0.000
1725522214,0.364,0.000
1725522214,0.293,0.000
1725522214,0.321,0.000
1725522214,0.345,0.000
1725522214,0.255,0.000
1725522214,0.407,0.000
1725522214,0.266,0.000
1725522214,0.504,0.000
1725522214,0.236,0.000
1725522214,0.327,0.000
1725522214,0.304,0.000
1725522214,0.299,0.000
1725522214,0.340,0.000
1725522214,0.329,0.000
1725522214,0.349,0.000
1725522214,0.382,0.000
1725522214,0.316,0.000
1725522214,0.350,0.000
1725522214,0.321,0.000
1725522214,0.314,0.000
1725522214,0.395,0.000
1725522214,0.312,0.000
1725522214,0.369,0.000
1725522214,0.262,0.000
1725522214,0.468,0.000
1725522214,0.229,0.000
1725522214,0.380,0.000
1725522214,0.419,0.000
1725522214,0.363,0.000
1725522214,0.261,0.000
1725522214,0.303,0.000
1725522214,0.306,0.000
1725522214,0.267,0.000
1725522214,0.329,0.000
1725522214,0.361,0.000
1725522214,0.295,0.000
1725522214,0.243,0.000
1725522214,0.384,0.000
1725522214,0.319,0.000
1725522214,0.365,0.000
1725522214,0.341,0.000
1725522214,0.306,0.000
1725522214,0.471,0.000
1725522214,0.299,0.000
1725522214,0.346,0.000
1725522214,0.272,0.000
1725522214,0.361,0.000
1725522214,0.315,0.000
1725522214,0.314,0.000
1725522214,0.286,0.000
1725522214,0.252,0.000
1725522214,0.356,0.000
1725522214,0.494,0.000
1725522214,0.276,0.000
1725522214,0.296,0.000
1725522214,0.324,0.000
1725522214,0.365,0.000
1725522214,0.352,0.000
1725522214,0.359,0.000
1725522214,0.378,0.000
1725522214,0.263,0.000
1725522214,0.268,0.000
1725522214,0.270,0.000
1725522214,0.350,0.000
1725522214,0.330,0.000
1725522214,0.321,0.000
1725522214,0.238,0.000
1725522214,0.572,0.000
1725522214,0.348,0.000
1725522214,0.354,0.000
1725522214,0.407,0.000
1725522214,0.268,0.000
1725522214,0.349,0.000
1725522214,0.368,0.000
1725522214,0.279,0.000
1725522214,0.301,0.000
1725522214,0.279,0.000
1725522214,0.277,0.000
1725522214,0.447,0.000
1725522214,0.421,0.000
1725522214,0.290,0.000
1725522214,0.377,0.000
1725522214,0.311,0.000
1725522214,0.610,0.000
1725522214,0.375,0.000
1725522214,0.296,0.000
1725522214,0.400,0.000
1725522214,0.229,0.000
1725522214,0.277,0.000
1725522214,0.474,0.000
1725522214,0.296,0.000
1725522214,0.337,0.000
1725522214,0.372,0.000
1725522214,0.367,0.000
1725522214,0.326,0.000
1725522214,0.335,0.000
1725522214,0.385,0.000
1725522214,0.310,0.000
1725522214,0.351,0.000
1725522214,0.321,0.000
1725522214,0.301,0.000
1725522214,0.461,0.000
1725522214,0.260,0.000
1725522214,0.294,0.000
1725522214,0.320,0.000
1725522214,0.354,0.000
1725522214,0.370,0.000
1725522214,0.307,0.000
1725522214,0.355,0.000
1725522214,0.316,0.000
1725522214,0.252,0.000
1725522214,0.472,0.000
1725522214,0.286,0.000
1725522214,0.325,0.000
1725522214,0.585,0.000
1725522214,0.302,0.000
1725522214,0.316,0.000
1725522214,0.388,0.000
1725522214,0.268,0.000
1725522214,0.332,0.000
1725522214,0.466,0.000
1725522214,0.592,0.000
1725522214,0.295,0.000
1725522214,0.222,0.000
1725522214,0.263,0.000
1725522214,0.245,0.000
1725522214,0.363,0.000
1725522214,0.302,0.000
1725522214,0.230,0.000
1725522214,0.440,0.000
1725522214,0.329,0.000
1725522214,0.384,0.000
1725522214,0.282,0.000
1725522214,0.371,0.000
1725522214,0.391,0.000
1725522214,0.254,0.000
1725522214,0.329,0.000
1725522214,0.360,0.000
1725522214,0.357,0.000
1725522214,0.340,0.000
1725522214,0.316,0.000
1725522214,0.263,0.000
1725522214,0.414,0.000
1725522214,0.300,0.000
1725522214,0.662,0.000
1725522214,0.300,0.000
1725522214,0.400,0.000
1725522214,0.508,0.000
1725522214,0.375,0.000
1725522214,0.452,0.000
1725522214,0.323,0.000
1725522214,0.324,0.000
1725522215,0.277,0.000
1725522215,0.371,0.000
1725522215,0.331,0.000
1725522215,0.279,0.000
1725522215,0.296,0.000
1725522215,0.298,0.000
1725522215,0.260,0.000
1725522215,0.413,0.000
1725522215,0.335,0.000
1725522215,0.235,0.000
1725522215,0.252,0.000
1725522215,0.270,0.000
1725522215,0.333,0.000
1725522215,0.283,0.000
1725522215,0.299,0.000
1725522215,0.503,0.000
1725522215,0.313,0.000
1725522215,0.302,0.000
1725522215,0.276,0.000
1725522215,0.363,0.000
1725522215,0.311,0.000
1725522215,0.396,0.000
1725522215,0.338,0.000
1725522215,0.312,0.000
1725522215,0.333,0.000
1725522215,0.268,0.000
1725522215,0.449,0.000
1725522215,0.333,0.000
1725522215,0.379,0.000
1725522215,0.417,0.000
1725522215,0.376,0.000
1725522215,0.299,0.000
1725522215,0.366,0.000
1725522215,0.332,0.000
1725522215,0.333,0.000
1725522215,0.348,0.000
1725522215,0.308,0.000
1725522215,0.432,0.000
1725522215,0.355,0.000
1725522215,0.486,0.000
1725522215,0.356,0.000
1725522215,0.342,0.000
1725522215,0.323,0.000
1725522215,0.359,0.000
1725522215,0.358,0.000
1725522215,0.303,0.000
1725522215,0.316,0.000
1725522215,0.222,0.000
1725522215,0.260,0.000
1725522215,0.354,0.000
1725522215,0.428,0.000
1725522215,0.377,0.000
1725522215,0.299,0.000
1725522215,0.358,0.000
1725522215,0.326,0.000
1725522215,0.325,0.000
1725522215,0.301,0.000
1725522215,0.365,0.000
1725522215,0.293,0.000
1725522215,0.395,0.000
1725522215,0.366,0.000
1725522215,0.366,0.000
1725522215,0.278,0.000
1725522215,0.295,0.000
1725522215,0.412,0.000
1725522215,0.384,0.000
1725522215,0.279,0.000
1725522215,0.307,0.000
1725522215,0.515,0.000
1725522215,0.391,0.000
1725522215,0.339,0.000
1725522215,0.274,0.000
1725522215,0.410,0.000
1725522215,0.566,0.000
1725522215,0.325,0.000
1725522215,0.485,0.000
1725522215,0.347,0.000
1725522215,0.339,0.000
1725522215,0.352,0.000
1725522215,0.250,0.000
1725522215,0.237,0.000
1725522215,0.254,0.000
1725522215,0.338,0.000
1725522215,0.506,0.000
1725522215,0.514,0.000
1725522215,0.341,0.000
1725522215,0.364,0.000
1725522215,0.351,0.000
1725522215,0.299,0.000
1725522215,0.524,0.000
1725522215,0.275,0.000
1725522215,0.366,0.000
1725522215,0.494,0.000
1725522215,0.354,0.000
1725522215,0.268,0.000
1725522215,0.459,0.000
1725522215,0.220,0.000
1725522215,0.250,0.000
1725522215,0.414,0.000
1725522215,0.305,0.000
1725522215,0.345,0.000
1725522215,0.380,0.000
1725522215,0.355,0.000
1725522215,0.370,0.000
1725522215,0.347,0.000
1725522215,0.348,0.000
1725522215,0.337,0.000
1725522215,0.380,0.000
1725522215,0.404,0.000
1725522215,0.280,0.000
1725522215,0.321,0.000
1725522215,0.482,0.000
1725522215,0.367,0.000
1725522215,0.483,0.000
1725522215,0.236,0.000
1725522215,0.253,0.000
1725522215,0.456,0.000
1725522215,0.343,0.000
1725522215,0.300,0.000
1725522215,0.384,0.000
1725522215,0.300,0.000
1725522215,0.281,0.000
1725522215,0.290,0.000
1725522215,0.313,0.000
1725522215,0.274,0.000
1725522215,0.336,0.000
1725522215,0.331,0.000
1725522215,0.353,0.000
1725522215,0.278,0.000
1725522215,0.486,0.000
1725522215,0.834,0.000
1725522215,0.287,0.000
1725522215,0.361,0.000
1725522215,0.243,0.000
1725522215,0.279,0.000
1725522215,0.430,0.000
1725522215,0.365,0.000
1725522215,0.316,0.000
1725522215,0.347,0.000
1725522215,0.423,0.000
1725522215,0.308,0.000
1725522215,0.359,0.000
1725522215,0.386,0.000
1725522215,0.291,0.000
1725522215,0.318,0.000
1725522215,0.431,0.000
1725522215,0.326,0.000
1725522215,0.424,0.000
1725522216,0.344,0.000
1725522216,0.340,0.000
1725522216,0.393,0.000
1725522216,0.247,0.000
1725522216,0.322,0.000
1725522216,0.335,0.000
1725522216,0.326,0.000
1725522216,0.371,0.000
1725522216,0.420,0.000
1725522216,0.328,0.000
1725522216,0.535,0.000
1725522216,0.342,0.000
1725522216,0.336,0.000
1725522216,0.331,0.000
1725522216,0.449,0.000
1725522216,0.303,0.000
1725522216,0.284,0.000
1725522216,0.234,0.000
1725522216,0.209,0.000
1725522216,0.286,0.000
1725522216,0.346,0.000
1725522216,0.268,0.000
1725522216,0.308,0.000
1725522216,0.315,0.000
1725522216,0.307,0.000
1725522216,0.351,0.000
1725522216,0.399,0.000
1725522216,0.346,0.000
1725522216,0.363,0.000
1725522216,0.291,0.000
1725522216,0.269,0.000
1725522216,0.348,0.000
1725522216,0.266,0.000
1725522216,0.297,0.000
1725522216,0.495,0.000
1725522216,0.274,0.000
1725522216,0.234,0.000
1725522216,0.334,0.000
1725522216,0.446,0.000
1725522216,0.415,0.000
1725522216,0.381,0.000
1725522216,0.390,0.000
1725522216,0.313,0.000
1725522216,0.370,0.000
1725522216,0.317,0.000
1725522216,0.283,0.000
1725522216,0.393,0.000
1725522216,0.281,0.000
1725522216,0.220,0.000
1725522216,0.369,0.000
1725522216,0.235,0.000
1725522216,0.248,0.000
1725522216,0.298,0.000
1725522216,0.230,0.000
1725522216,0.345,0.000
1725522216,0.296,0.000
1725522216,0.342,0.000
1725522216,0.483,0.000
1725522216,0.359,0.000
1725522216,0.398,0.000
1725522216,0.381,0.000
1725522216,0.426,0.000
1725522216,0.295,0.000
1725522216,0.334,0.000
1725522216,0.370,0.000
1725522216,0.313,0.000
1725522216,0.269,0.000
1725522216,0.341,0.000
1725522216,0.323,0.000
1725522216,0.263,0.000
1725522216,0.392,0.000
1725522216,0.310,0.000
1725522216,0.325,0.000
1725522216,0.508,0.000
1725522216,0.324,0.000
1725522216,0.247,0.000
1725522216,0.277,0.000
1725522216,0.304,0.000
1725522216,0.464,0.000
1725522216,0.337,0.000
1725522216,0.352,0.000
1725522216,0.219,0.000
1725522216,0.499,0.000
1725522216,0.304,0.000
1725522216,0.357,0.000
1725522216,0.238,0.000
1725522216,0.293,0.000
1725522216,0.280,0.000
1725522216,0.269,0.000
1725522216,0.303,0.000
1725522216,0.266,0.000
1725522216,0.442,0.000
1725522216,0.330,0.000
1725522216,0.648,0.000
1725522216,0.328,0.000
1725522216,0.411,0.000
1725522216,0.294,0.000
1725522216,0.317,0.000
1725522216,0.382,0.000
1725522216,0.345,0.000
1725522216,0.309,0.000
1725522216,0.401,0.000
1725522216,0.281,0.000
1725522216,0.275,0.000
1725522216,0.285,0.000
1725522216,0.328,0.000
1725522216,0.282,0.000
1725522216,0.273,0.000
1725522216,0.325,0.000
1725522216,0.322,0.000
1725522216,0.345,0.000
1725522216,0.394,0.000
1725522216,0.255,0.000
1725522216,0.352,0.000
1725522216,0.393,0.000
1725522216,0.307,0.000
1725522216,0.390,0.000
1725522216,0.399,0.000
1725522216,0.327,0.000
1725522216,0.289,0.000
1725522216,0.249,0.000
1725522216,0.336,0.000
1725522216,0.285,0.000
1725522216,0.410,0.000
1725522216,0.284,0.000
1725522216,0.339,0.000
1725522216,0.338,0.000
1725522216,0.352,0.000
1725522216,0.311,0.000
1725522216,0.397,0.000
1725522216,0.361,0.000
1725522216,0.232,0.000
1725522216,0.292,0.000
1725522216,0.338,0.000
1725522216,0.575,0.000
1725522216,0.474,0.000
1725522216,0.641,0.000
1725522216,0.319,0.000
1725522216,0.345,0.000
1725522216,0.546,0.000
1725522216,0.291,0.000
1725522216,0.286,0.000
1725522216,0.410,0.000
1725522216,0.342,0.000
1725522216,0.253,0.000
1725522216,0.362,0.000
1725522216,0.266,0.000
1725522217,0.352,0.000
1725522217,0.387,0.000
1725522217,0.294,0.000
1725522217,0.357,0.000
1725522217,0.328,0.000
1725522217,0.371,0.000
1725522217,0.513,0.000
1725522217,0.272,0.000
1725522217,0.298,0.000
1725522217,0.312,0.000
1725522217,0.231,0.000
1725522217,0.340,0.000
1725522217,0.407,0.000
1725522217,0.432,0.000
1725522217,0.307,0.000
1725522217,0.244,0.000
1725522217,0.326,0.000
1725522217,0.355,0.000
1725522217,0.366,0.000
1725522217,0.344,0.000
1725522217,0.306,0.000
1725522217,0.307,0.000
1725522217,0.352,0.000
1725522217,0.317,0.000
1725522217,0.337,0.000
1725522217,0.309,0.000
1725522217,0.259,0.000
1725522217,0.378,0.000
1725522217,0.304,0.000
1725522217,0.314,0.000
1725522217,0.260,0.000
1725522217,0.349,0.000
1725522217,0.311,0.000
1725522217,0.332,0.000
1725522217,0.373,0.000
1725522217,0.335,0.000
1725522217,0.299,0.000
1725522217,0.536,0.000
1725522217,0.456,0.000
1725522217,0.292,0.000
1725522217,0.236,0.000
1725522217,0.205,0.000
1725522217,0.349,0.000
1725522217,0.393,0.000
1725522217,0.269,0.000
1725522217,0.298,0.000
1725522217,0.446,0.000
1725522217,0.318,0.000
1725522217,0.305,0.000
1725522217,0.370,0.000
1725522217,0.324,0.000
1725522217,0.228,0.000
1725522217,0.340,0.000
1725522217,0.428,0.000
1725522217,0.359,0.000
1725522217,0.376,0.000
1725522217,0.463,0.000
1725522217,0.324,0.000
1725522217,0.249,0.000
1725522217,0.416,0.000
1725522217,0.367,0.000
1725522217,0.501,0.000
1725522217,0.295,0.000
1725522217,0.334,0.000
1725522217,0.313,0.000
1725522217,0.259,0.000
1725522217,0.263,0.000
1725522217,0.264,0.000
1725522217,0.501,0.000
1725522217,0.335,0.000
1725522217,0.494,0.000
1725522217,0.400,0.000
1725522217,0.387,0.000
1725522217,0.278,0.000
1725522217,0.273,0.000
1725522217,0.287,0.000
1725522217,0.302,0.000
1725522217,0.339,0.000
1725522217,0.342,0.000
1725522217,0.368,0.000
1725522217,0.255,0.000
1725522217,0.507,0.000
1725522217,0.339,0.000
1725522217,0.294,0.000
1725522217,0.262,0.000
1725522217,0.331,0.000
1725522217,0.266,0.000
1725522217,0.281,0.000
1725522217,0.386,0.000
1725522217,0.260,0.000
1725522217,0.259,0.000
1725522217,0.527,0.000
1725522217,0.265,0.000
1725522217,0.282,0.000
1725522217,0.374,0.000
1725522217,0.342,0.000
1725522217,0.247,0.000
1725522217,0.498,0.000
1725522217,0.322,0.000
1725522217,0.432,0.000
1725522217,0.314,0.000
1725522217,0.435,0.000
1725522217,0.387,0.000
1725522217,0.343,0.000
1725522217,0.360,0.000
1725522217,0.343,0.000
1725522217,0.407,0.000
1725522217,0.335,0.000
1725522217,0.246,0.000
1725522217,0.331,0.000
1725522217,0.328,0.000
1725522217,0.372,0.000
1725522217,0.357,0.000
1725522217,0.247,0.000
1725522217,0.378,0.000
1725522217,0.279,0.000
1725522217,0.344,0.000
1725522217,0.447,0.000
1725522217,0.429,0.000
1725522217,0.252,0.000
1725522217,0.331,0.000
1725522217,0.376,0.000
1725522217,0.266,0.000
1725522217,0.314,0.000
1725522217,0.402,0.000
1725522217,0.345,0.000
1725522217,0.356,0.000
1725522217,0.261,0.000
1725522217,0.334,0.000
1725522217,0.301,0.000
1725522217,0.416,0.000
1725522217,0.339,0.000
1725522217,0.386,0.000
1725522217,0.300,0.000
1725522217,0.493,0.000
1725522217,0.321,0.000
1725522217,0.356,0.000
1725522217,0.421,0.000
1725522217,0.360,0.000
1725522217,0.306,0.000
1725522217,0.374,0.000
1725522217,0.377,0.000
1725522217,0.358,0.000
1725522217,0.338,0.000
1725522217,0.295,0.000
1725522218,0.298,0.000
1725522218,0.320,0.000
1725522218,0.309,0.000
1725522218,0.262,0.000
1725522218,0.252,0.000
1725522218,0.310,0.000
1725522218,0.283,0.000
1725522218,0.246,0.000
1725522218,0.329,0.000
1725522218,0.286,0.000
1725522218,0.312,0.000
1725522218,0.242,0.000
1725522218,0.411,0.000
1725522218,0.459,0.000
1725522218,0.284,0.000
1725522218,0.363,0.000
1725522218,0.286,0.000
1725522218,0.285,0.000
1725522218,0.295,0.000
1725522218,0.263,0.000
1725522218,0.341,0.000
1725522218,0.304,0.000
1725522218,0.679,0.000
1725522218,0.301,0.000
1725522218,0.386,0.000
1725522218,0.612,0.000
1725522218,0.253,0.000
1725522218,0.425,0.000
1725522218,0.337,0.000
1725522218,0.420,0.000
1725522218,0.292,0.000
1725522218,0.252,0.000
1725522218,0.337,0.000
1725522218,0.379,0.000
1725522218,0.274,0.000
1725522218,0.259,0.000
1725522218,0.281,0.000
1725522218,0.451,0.000
1725522218,0.284,0.000
1725522218,0.246,0.000
1725522218,0.340,0.000
1725522218,0.277,0.000
1725522218,0.244,0.000
1725522218,0.361,0.000
1725522218,0.277,0.000
1725522218,0.366,0.000
1725522218,0.311,0.000
1725522218,0.301,0.000
1725522218,0.506,0.000
1725522218,0.355,0.000
1725522218,0.544,0.000
1725522218,0.284,0.000
1725522218,0.385,0.000
1725522218,0.351,0.000
1725522218,0.405,0.000
1725522218,0.261,0.000
1725522218,0.328,0.000
1725522218,0.318,0.000
1725522218,0.327,0.000
1725522218,0.391,0.000
1725522218,0.329,0.000
1725522218,0.278,0.000
1725522218,0.416,0.000
1725522218,0.339,0.000
1725522218,0.360,0.000
1725522218,0.362,0.000
1725522218,0.324,0.000
1725522218,0.368,0.000
1725522218,0.284,0.000
1725522218,0.254,0.000
1725522218,0.322,0.000
1725522218,0.322,0.000
1725522218,0.384,0.000
1725522218,0.296,0.000
1725522218,0.248,0.000
1725522218,0.357,0.000
1725522218,0.260,0.000
1725522218,0.403,0.000
1725522218,0.314,0.000
1725522218,0.330,0.000
1725522218,0.351,0.000
1725522218,0.381,0.000
1725522218,0.290,0.000
1725522218,0.428,0.000
1725522218,0.329,0.000
1725522218,0.316,0.000
1725522218,0.248,0.000
1725522218,0.329,0.000
1725522218,0.410,0.000
1725522218,0.688,0.000
1725522218,0.278,0.000
1725522218,0.324,0.000
1725522218,0.263,0.000
1725522218,0.339,0.000
1725522218,0.328,0.000
1725522218,0.333,0.000
1725522218,0.325,0.000
1725522218,0.323,0.000
1725522218,0.401,0.000
1725522218,0.330,0.000
1725522218,0.509,0.000
1725522218,0.284,0.000
1725522218,0.321,0.000
1725522218,0.317,0.000
1725522218,0.371,0.000
1725522218,0.340,0.000
1725522218,0.305,0.000
1725522218,0.369,0.000
1725522218,0.395,0.000
1725522218,0.356,0.000
1725522218,0.262,0.000
1725522218,0.293,0.000
1725522218,0.285,0.000
1725522218,0.289,0.000
1725522218,0.311,0.000
1725522218,0.390,0.000
1725522218,0.274,0.000
1725522218,0.344,0.000
1725522218,0.321,0.000
1725522218,0.447,0.000
1725522218,0.427,0.000
1725522218,0.267,0.000
1725522218,0.403,0.000
1725522218,0.454,0.000
1725522218,0.252,0.000
1725522218,0.293,0.000
1725522218,0.310,0.000
1725522218,0.354,0.000
1725522218,0.342,0.000
1725522218,0.264,0.000
1725522218,0.291,0.000
1725522218,0.387,0.000
1725522218,0.357,0.000
1725522218,0.508,0.000
1725522218,0.300,0.000
1725522218,0.387,0.000
1725522218,0.295,0.000
1725522218,0.271,0.000
1725522218,0.361,0.000
1725522218,0.271,0.000
1725522218,0.237,0.000
1725522219,0.351,0.000
1725522219,0.325,0.000
1725522219,0.285,0.000
1725522219,0.605,0.000
1725522219,0.304,0.000
1725522219,0.322,0.000
1725522219,0.239,0.000
1725522219,0.248,0.000
1725522219,0.377,0.000
1725522219,0.442,0.000
1725522219,0.359,0.000
1725522219,0.371,0.000
1725522219,0.323,0.000
1725522219,0.335,0.000
1725522219,0.271,0.000
1725522219,0.275,0.000
1725522219,0.348,0.000
1725522219,0.293,0.000
1725522219,0.286,0.000
1725522219,0.268,0.000
1725522219,0.372,0.000
1725522219,0.415,0.000
1725522219,0.285,0.000
1725522219,0.301,0.000
1725522219,0.332,0.000
1725522219,0.309,0.000
1725522219,0.323,0.000
1725522219,0.298,0.000
1725522219,0.336,0.000
1725522219,0.399,0.000
1725522219,0.399,0.000
1725522219,0.264,0.000
1725522219,0.279,0.000
1725522219,0.460,0.000
1725522219,0.306,0.000
1725522219,0.344,0.000
1725522219,0.246,0.000
1725522219,0.289,0.000
1725522219,0.303,0.000
1725522219,0.368,0.000
1725522219,0.296,0.000
1725522219,0.416,0.000
1725522219,0.254,0.000
1725522219,0.287,0.000
1725522219,0.344,0.000
1725522219,0.336,0.000
1725522219,0.325,0.000
1725522219,0.332,0.000
1725522219,0.334,0.000
1725522219,0.406,0.000
1725522219,0.306,0.000
1725522219,0.264,0.000
1725522219,0.293,0.000
1725522219,0.486,0.000
1725522219,0.313,0.000
1725522219,0.281,0.000
1725522219,0.263,0.000
1725522219,0.303,0.000
1725522219,0.319,0.000
1725522219,0.410,0.000
1725522219,0.553,0.000
1725522219,0.382,0.000
1725522219,0.302,0.000
1725522219,0.317,0.000
1725522219,0.537,0.000
1725522219,0.398,0.000
1725522219,0.252,0.000
1725522219,0.344,0.000
1725522219,0.270,0.000
1725522219,0.454,0.000
1725522219,0.344,0.000
1725522219,0.252,0.000
1725522219,0.274,0.000
1725522219,0.339,0.000
1725522219,0.343,0.000
1725522219,0.334,0.000
1725522219,0.311,0.000
1725522219,0.396,0.000
1725522219,0.275,0.000
1725522219,0.292,0.000
1725522219,0.332,0.000
1725522219,0.309,0.000
1725522219,0.310,0.000
1725522219,0.431,0.000
1725522219,0.284,0.000
1725522219,0.260,0.000
1725522219,0.263,0.000
1725522219,0.253,0.000
1725522219,0.393,0.000
1725522219,0.383,0.000
1725522219,0.278,0.000
1725522219,0.348,0.000
1725522219,0.277,0.000
1725522219,0.305,0.000
1725522219,0.378,0.000
1725522219,0.430,0.000
1725522219,0.450,0.000
1725522219,0.427,0.000
1725522219,0.294,0.000
1725522219,0.341,0.000
1725522219,0.325,0.000
1725522219,0.464,0.000
1725522219,0.353,0.000
1725522219,0.624,0.000
1725522219,0.430,0.000
1725522219,0.346,0.000
1725522219,0.288,0.000
1725522219,0.335,0.000
1725522219,0.264,0.000
1725522219,0.346,0.000
1725522219,0.381,0.000
1725522219,0.316,0.000
1725522219,0.290,0.000
1725522219,0.338,0.000
1725522219,0.472,0.000
1725522219,0.406,0.000
1725522219,0.328,0.000
1725522219,0.286,0.000
1725522219,0.298,0.000
1725522219,0.252,0.000
1725522219,0.477,0.000
1725522219,0.307,0.000
1725522219,0.290,0.000
1725522219,0.344,0.000
1725522219,0.282,0.000
1725522219,0.260,0.000
1725522219,0.315,0.000
1725522219,0.408,0.000
1725522219,0.256,0.000
1725522219,0.327,0.000
1725522219,0.472,0.000
1725522219,0.350,0.000
1725522219,0.338,0.000
1725522219,0.425,0.000
1725522219,0.303,0.000
1725522219,0.309,0.000
1725522220,0.288,0.000
1725522220,0.326,0.000
1725522220,0.302,0.000
1725522220,0.322,0.000
1725522220,0.305,0.000
1725522220,0.323,0.000
1725522220,0.343,0.000
1725522220,0.441,0.000
1725522220,0.284,0.000
1725522220,0.256,0.000
1725522220,0.413,0.000
1725522220,0.353,0.000
1725522220,0.289,0.000
1725522220,0.354,0.000
1725522220,0.300,0.000
1725522220,0.307,0.000
1725522220,0.307,0.000
1725522220,0.396,0.000
1725522220,0.236,0.000
1725522220,0.259,0.000
1725522220,0.352,0.000
1725522220,0.322,0.000
1725522220,0.287,0.000
1725522220,0.312,0.000
1725522220,0.347,0.000
1725522220,0.263,0.000
1725522220,0.347,0.000
1725522220,0.326,0.000
1725522220,0.396,0.000
1725522220,0.332,0.000
1725522220,0.328,0.000
1725522220,0.388,0.000
1725522220,0.404,0.000
1725522220,0.294,0.000
1725522220,0.300,0.000
1725522220,0.403,0.000
1725522220,0.483,0.000
1725522220,0.381,0.000
1725522220,0.246,0.000
1725522220,0.442,0.000
1725522220,0.395,0.000
1725522220,0.273,0.000
1725522220,0.403,0.000
1725522220,0.427,0.000
1725522220,0.274,0.000
1725522220,0.251,0.000
1725522220,0.297,0.000
1725522220,0.316,0.000
1725522220,0.448,0.000
1725522220,0.313,0.000
1725522220,0.298,0.000
1725522220,0.286,0.000
1725522220,0.399,0.000
1725522220,0.348,0.000
1725522220,0.298,0.000
1725522220,0.251,0.000
1725522220,0.346,0.000
1725522220,0.231,0.000
1725522220,0.517,0.000
1725522220,0.282,0.000
1725522220,0.297,0.000
1725522220,0.389,0.000
1725522220,0.227,0.000
1725522220,0.377,0.000
1725522220,0.449,0.000
1725522220,0.390,0.000
1725522220,0.306,0.000
1725522220,0.293,0.000
1725522220,0.429,0.000
1725522220,0.435,0.000
1725522220,0.261,0.000
1725522220,0.375,0.000
1725522220,0.413,0.000
1725522220,0.330,0.000
1725522220,0.331,0.000
1725522220,0.272,0.000
1725522220,0.334,0.000
1725522220,0.354,0.000
1725522220,0.313,0.000
1725522220,0.321,0.000
1725522220,0.410,0.000
1725522220,0.357,0.000
1725522220,0.303,0.000
1725522220,0.269,0.000
1725522220,0.295,0.000
1725522220,0.333,0.000
1725522220,0.311,0.000
1725522220,0.237,0.000
1725522220,0.361,0.000
1725522220,0.337,0.000
1725522220,0.280,0.000
1725522220,0.301,0.000
1725522220,0.307,0.000
1725522220,0.204,0.000
1725522220,0.300,0.000
1725522220,0.325,0.000
1725522220,0.274,0.000
1725522220,0.543,0.000
1725522220,0.358,0.000
1725522220,0.474,0.000
1725522220,0.272,0.000
1725522220,0.459,0.000
1725522220,0.409,0.000
1725522220,0.284,0.000
1725522220,0.382,0.000
1725522220,0.314,0.000
1725522220,0.273,0.000
1725522220,0.314,0.000
1725522220,0.324,0.000
1725522220,0.352,0.000
1725522220,0.331,0.000
1725522220,0.300,0.000
1725522220,0.391,0.000
1725522220,0.336,0.000
1725522220,0.362,0.000
1725522220,0.395,0.000
1725522220,0.321,0.000
1725522220,0.451,0.000
1725522220,0.281,0.000
1725522220,0.321,0.000
1725522220,0.382,0.000
1725522220,0.313,0.000
1725522220,0.329,0.000
1725522220,0.263,0.000
1725522220,0.267,0.000
1725522220,0.387,0.000
1725522221,0.345,0.000
1725522221,0.337,0.000
1725522221,0.262,0.000
1725522221,0.368,0.000
1725522221,0.350,0.000
1725522221,0.300,0.000
1725522221,0.298,0.000
1725522221,0.308,0.000
1725522221,0.252,0.000
1725522221,0.243,0.000
1725522221,0.458,0.000
1725522221,0.398,0.000
1725522221,0.345,0.000
1725522221,0.400,0.000
1725522221,0.349,0.000
1725522221,0.264,0.000
1725522221,0.319,0.000
1725522221,0.317,0.000
1725522221,0.396,0.000
1725522221,0.329,0.000
1725522221,0.210,0.000
1725522221,0.323,0.000
1725522221,0.360,0.000
1725522221,0.366,0.000
1725522221,0.408,0.000
1725522221,0.317,0.000
1725522221,0.359,0.000
1725522221,0.311,0.000
1725522221,0.244,0.000
1725522221,0.314,0.000
1725522221,0.400,0.000
1725522221,0.335,0.000
1725522221,0.305,0.000
1725522221,0.336,0.000
1725522221,0.377,0.000
1725522221,0.288,0.000
1725522221,0.392,0.000
1725522221,0.265,0.000
1725522221,0.334,0.000
1725522221,0.317,0.000
1725522221,0.237,0.000
1725522221,0.331,0.000
1725522221,0.363,0.000
1725522221,0.292,0.000
1725522221,0.280,0.000
1725522221,0.347,0.000
1725522221,0.325,0.000
1725522221,0.436,0.000
1725522221,0.465,0.000
1725522221,0.318,0.000
1725522221,0.287,0.000
1725522221,0.279,0.000
1725522221,0.284,0.000
1725522221,0.401,0.000
1725522221,0.681,0.000
1725522221,0.275,0.000
1725522221,0.256,0.000
1725522221,0.343,0.000
1725522221,0.378,0.000
1725522221,0.535,0.000
1725522221,0.318,0.000
1725522221,0.301,0.000
1725522221,0.285,0.000
1725522221,0.578,0.000
1725522221,0.328,0.000
1725522221,0.276,0.000
1725522221,0.388,0.000
1725522221,0.321,0.000
1725522221,0.335,0.000
1725522221,0.308,0.000
1725522221,0.324,0.000
1725522221,0.283,0.000
1725522221,0.421,0.000
1725522221,0.428,0.000
1725522221,0.249,0.000
1725522221,0.292,0.000
1725522221,0.256,0.000
1725522221,0.437,0.000
1725522221,0.416,0.000
1725522221,0.438,0.000
1725522221,0.442,0.000
1725522221,0.313,0.000
1725522221,0.344,0.000
1725522221,0.314,0.000
1725522221,0.354,0.000
1725522221,0.303,0.000
1725522221,0.285,0.000
1725522221,0.359,0.000
1725522221,0.353,0.000
1725522221,0.339,0.000
1725522221,0.302,0.000
1725522221,0.277,0.000
1725522221,0.450,0.000
1725522221,0.277,0.000
1725522221,0.272,0.000
1725522221,0.308,0.000
1725522221,0.397,0.000
1725522221,0.292,0.000
1725522221,0.355,0.000
1725522221,0.345,0.000
1725522221,0.332,0.000
1725522221,0.336,0.000
1725522221,0.349,0.000
1725522221,0.368,0.000
1725522221,0.462,0.000
1725522221,0.329,0.000
1725522221,0.340,0.000
1725522221,0.298,0.000
1725522221,0.381,0.000
1725522221,0.397,0.000
1725522221,0.312,0.000
1725522221,0.279,0.000
1725522221,0.301,0.000
1725522221,0.293,0.000
1725522221,0.315,0.000
1725522221,0.539,0.000
1725522221,0.271,0.000
1725522221,0.426,0.000
1725522221,0.318,0.000
1725522221,0.295,0.000
1725522221,0.324,0.000
1725522221,0.305,0.000
1725522221,0.352,0.000
1725522221,0.348,0.000
1725522221,0.283,0.000
1725522222,0.415,0.000
1725522222,0.280,0.000
1725522222,0.504,0.000
1725522222,0.472,0.000
1725522222,0.375,0.000
1725522222,0.334,0.000
1725522222,0.459,0.000
1725522222,0.313,0.000
1725522222,0.417,0.000
1725522222,0.398,0.000
1725522222,0.457,0.000
1725522222,0.304,0.000
1725522222,0.352,0.000
1725522222,0.403,0.000
1725522222,0.246,0.000
1725522222,0.369,0.000
1725522222,0.431,0.000
1725522222,0.349,0.000
1725522222,0.320,0.000
1725522222,0.322,0.000
1725522222,0.310,0.000
1725522222,0.268,0.000
1725522222,0.386,0.000
1725522222,0.295,0.000
1725522222,0.276,0.000
1725522222,0.288,0.000
1725522222,0.265,0.000
1725522222,0.285,0.000
1725522222,0.481,0.000
1725522222,0.377,0.000
1725522222,0.260,0.000
1725522222,0.386,0.000
1725522222,0.410,0.000
1725522222,0.361,0.000
1725522222,0.290,0.000
1725522222,0.239,0.000
1725522222,0.343,0.000
1725522222,0.280,0.000
1725522222,0.370,0.000
1725522222,0.302,0.000
1725522222,0.365,0.000
1725522222,0.345,0.000
1725522222,0.314,0.000
1725522222,0.393,0.000
1725522222,0.306,0.000
1725522222,0.532,0.000
1725522222,0.312,0.000
1725522222,0.409,0.000
1725522222,0.323,0.000
1725522222,0.326,0.000
1725522222,0.344,0.000
1725522222,0.294,0.000
1725522222,0.288,0.000
1725522222,0.281,0.000
1725522222,0.246,0.000
1725522222,0.212,0.000
1725522222,0.367,0.000
1725522222,0.270,0.000
1725522222,0.310,0.000
1725522222,0.325,0.000
1725522222,0.262,0.000
1725522222,0.339,0.000
1725522222,0.327,0.000
1725522222,0.449,0.000
1725522222,0.509,0.000
1725522222,0.352,0.000
1725522222,0.271,0.000
1725522222,0.420,0.000
1725522222,0.392,0.000
1725522222,0.311,0.000
1725522222,0.500,0.000
1725522222,0.570,0.000
1725522222,0.363,0.000
1725522222,0.450,0.000
1725522222,0.826,0.000
1725522222,0.328,0.000
1725522222,0.330,0.000
1725522222,0.364,0.000
1725522222,0.326,0.000
1725522222,0.930,0.000
1725522222,0.364,0.000
1725522222,0.320,0.000
1725522222,0.363,0.000
1725522222,0.374,0.000
1725522222,0.393,0.000
1725522222,0.352,0.000
1725522222,0.275,0.000
1725522222,0.322,0.000
1725522222,0.324,0.000
1725522222,0.282,0.000
1725522222,0.334,0.000
1725522222,0.259,0.000
1725522222,0.317,0.000
1725522222,0.416,0.000
1725522222,0.342,0.000
1725522222,0.405,0.000
1725522222,0.259,0.000
1725522222,0.502,0.000
1725522222,0.376,0.000
1725522222,0.396,0.000
1725522222,0.523,0.000
1725522222,0.578,0.000
1725522222,0.293,0.000
1725522222,0.292,0.000
1725522222,0.402,0.000
1725522222,0.321,0.000
1725522222,0.276,0.000
1725522222,0.287,0.000
1725522222,0.281,0.000
1725522222,0.373,0.000
1725522222,0.318,0.000
1725522222,0.653,0.000
1725522222,0.316,0.000
1725522223,0.259,0.000
1725522223,0.369,0.000
1725522223,0.284,0.000
1725522223,0.311,0.000
1725522223,0.360,0.000
1725522223,0.368,0.000
1725522223,0.325,0.000
1725522223,0.262,0.000
1725522223,0.323,0.000
1725522223,0.256,0.000
1725522223,0.273,0.000
1725522223,0.370,0.000
1725522223,0.348,0.000
1725522223,0.450,0.000
1725522223,0.298,0.000
1725522223,0.534,0.000
1725522223,0.406,0.000
1725522223,0.263,0.000
1725522223,0.274,0.000
1725522223,0.559,0.000
1725522223,0.276,0.000
1725522223,0.298,0.000
1725522223,0.370,0.000
1725522223,0.644,0.000
1725522223,0.290,0.000
1725522223,0.271,0.000
1725522223,0.437,0.000
1725522223,0.598,0.000
1725522223,0.269,0.000
1725522223,0.264,0.000
1725522223,0.398,0.000
1725522223,0.381,0.000
1725522223,0.422,0.000
1725522223,0.375,0.000
1725522223,0.284,0.000
1725522223,0.420,0.000
1725522223,0.325,0.000
1725522223,0.290,0.000
1725522223,0.412,0.000
1725522223,0.394,0.000
1725522223,0.286,0.000
1725522223,0.429,0.000
1725522223,0.381,0.000
1725522223,0.344,0.000
1725522223,0.268,0.000
1725522223,0.331,0.000
1725522223,0.352,0.000
1725522223,0.516,0.000
1725522223,0.274,0.000
1725522223,0.364,0.000
1725522223,0.301,0.000
1725522223,0.433,0.000
1725522223,0.284,0.000
1725522223,0.314,0.000
1725522223,0.332,0.000
1725522223,0.342,0.000
1725522223,0.351,0.000
1725522223,0.239,0.000
1725522223,0.395,0.000
1725522223,0.284,0.000
1725522223,0.530,0.000
1725522223,0.267,0.000
1725522223,0.280,0.000
1725522223,0.314,0.000
1725522223,0.332,0.000
1725522223,0.255,0.000
1725522223,0.298,0.000
1725522223,0.379,0.000
1725522223,0.324,0.000
1725522223,0.339,0.000
1725522223,0.301,0.000
1725522223,0.277,0.000
1725522223,0.309,0.000
1725522223,0.266,0.000
1725522223,0.357,0.000
1725522223,0.290,0.000
1725522223,0.309,0.000
1725522223,0.401,0.000
1725522223,0.426,0.000
1725522223,0.312,0.000
1725522223,0.366,0.000
1725522223,0.272,0.000
1725522223,0.367,0.000
1725522223,0.359,0.000
1725522223,0.293,0.000
1725522223,0.309,0.000
1725522223,0.331,0.000
1725522223,0.521,0.000
1725522223,0.404,0.000
1725522223,0.428,0.000
1725522223,0.257,0.000
1725522223,0.346,0.000
1725522223,0.580,0.000
1725522223,0.346,0.000
1725522223,0.318,0.000
1725522223,0.258,0.000
1725522223,0.330,0.000
1725522223,0.395,0.000
1725522223,0.444,0.000
1725522223,0.282,0.000
1725522223,0.351,0.000
1725522223,0.444,0.000
1725522223,0.280,0.000
1725522223,0.308,0.000
1725522223,0.293,0.000
1725522223,0.274,0.000
1725522223,0.279,0.000
1725522223,0.292,0.000
1725522223,0.258,0.000
1725522223,0.326,0.000
1725522223,0.352,0.000
1725522224,0.234,0.000
1725522224,0.336,0.000
1725522224,0.296,0.000
1725522224,0.392,0.000
1725522224,0.331,0.000
1725522224,0.354,0.000
1725522224,0.370,0.000
1725522224,0.362,0.000
1725522224,0.351,0.000
1725522224,0.285,0.000
1725522224,0.321,0.000
1725522224,0.305,0.000
1725522224,0.455,0.000
1725522224,0.360,0.000
1725522224,0.282,0.000
1725522224,0.349,0.000
1725522224,0.424,0.000
1725522224,0.382,0.000
1725522224,0.377,0.000
1725522224,0.291,0.000
1725522224,0.282,0.000
1725522224,0.297,0.000
1725522224,0.272,0.000
1725522224,0.416,0.000
1725522224,0.245,0.000
1725522224,0.255,0.000
1725522224,0.273,0.000
1725522224,0.377,0.000
1725522224,0.350,0.000
1725522224,0.325,0.000
1725522224,0.408,0.000
1725522224,0.550,0.000
1725522224,0.311,0.000
1725522224,0.269,0.000
1725522224,0.307,0.000
1725522224,0.530,0.000
1725522224,0.369,0.000
1725522224,0.341,0.000
1725522224,0.504,0.000
1725522224,0.313,0.000
1725522224,0.324,0.000
1725522224,0.277,0.000
1725522224,0.285,0.000
1725522224,0.336,0.000
1725522224,0.308,0.000
1725522224,0.357,0.000
1725522224,0.735,0.000
1725522224,0.300,0.000
1725522224,0.312,0.000
1725522224,0.349,0.000
1725522224,0.226,0.000
1725522224,0.277,0.000
1725522224,0.374,0.000
1725522224,0.423,0.000
1725522224,0.303,0.000
1725522224,0.323,0.000
1725522224,0.262,0.000
1725522224,0.312,0.000
1725522224,0.316,0.000
1725522224,0.287,0.000
1725522224,0.313,0.000
1725522224,0.416,0.000
1725522224,0.392,0.000
1725522224,0.231,0.000
1725522224,0.319,0.000
1725522224,0.426,0.000
1725522224,0.334,0.000
1725522224,0.243,0.000
1725522224,0.314,0.000
1725522224,0.424,0.000
1725522224,0.410,0.000
1725522224,0.388,0.000
1725522224,0.309,0.000
1725522224,0.333,0.000
1725522224,0.342,0.000
1725522224,0.328,0.000
1725522224,0.397,0.000
1725522224,0.280,0.000
1725522224,0.356,0.000
1725522224,0.258,0.000
1725522224,0.321,0.000
1725522224,0.358,0.000
1725522224,0.364,0.000
1725522224,0.329,0.000
1725522224,0.279,0.000
1725522224,0.288,0.000
1725522224,0.468,0.000
1725522224,0.341,0.000
1725522224,0.415,0.000
1725522224,0.298,0.000
1725522224,0.267,0.000
1725522224,0.363,0.000
1725522224,0.309,0.000
1725522224,0.391,0.000
1725522224,0.507,0.000
1725522224,0.313,0.000
1725522224,0.434,0.000
1725522224,0.297,0.000
1725522224,0.321,0.000
1725522224,0.384,0.000
1725522224,0.336,0.000
1725522224,0.345,0.000
1725522224,0.380,0.000
1725522224,0.282,0.000
1725522224,0.548,0.000
1725522224,0.336,0.000
1725522224,0.562,0.000
1725522225,0.268,0.000
1725522225,0.326,0.000
1725522225,0.276,0.000
1725522225,0.292,0.000
1725522225,0.338,0.000
1725522225,0.325,0.000
1725522225,0.346,0.000
1725522225,0.293,0.000
1725522225,0.385,0.000
1725522225,0.266,0.000
1725522225,0.335,0.000
1725522225,0.329,0.000
1725522225,0.313,0.000
1725522225,0.494,0.000
1725522225,0.276,0.000
1725522225,0.318,0.000
1725522225,0.362,0.000
1725522225,0.317,0.000
1725522225,0.583,0.000
1725522225,0.364,0.000
1725522225,0.465,0.000
1725522225,0.283,0.000
1725522225,0.439,0.000
1725522225,0.380,0.000
1725522225,0.353,0.000
1725522225,0.424,0.000
1725522225,0.367,0.000
1725522225,0.231,0.000
1725522225,0.267,0.000
1725522225,0.487,0.000
1725522225,0.326,0.000
1725522225,0.412,0.000
1725522225,0.331,0.000
1725522225,0.368,0.000
1725522225,0.366,0.000
1725522225,0.264,0.000
1725522225,0.496,0.000
1725522225,0.373,0.000
1725522225,0.336,0.000
1725522225,0.323,0.000
1725522225,0.254,0.000
1725522225,0.307,0.000
1725522225,0.345,0.000
1725522225,0.371,0.000
1725522225,0.431,0.000
1725522225,0.435,0.000
1725522225,0.418,0.000
1725522225,0.371,0.000
1725522225,0.286,0.000
1725522225,0.299,0.000
1725522225,0.511,0.000
1725522225,0.419,0.000
1725522225,0.327,0.000
1725522225,0.278,0.000
1725522225,0.402,0.000
1725522225,0.342,0.000
1725522225,0.274,0.000
1725522225,0.312,0.000
1725522225,0.350,0.000
1725522225,0.385,0.000
1725522225,0.286,0.000
1725522225,0.415,0.000
1725522225,0.396,0.000
1725522225,0.294,0.000
1725522225,0.249,0.000
1725522225,0.295,0.000
1725522225,0.426,0.000
1725522225,0.336,0.000
1725522225,0.254,0.000
1725522225,0.389,0.000
1725522225,0.318,0.000
1725522225,0.432,0.000
1725522225,0.309,0.000
1725522225,0.360,0.000
1725522225,0.323,0.000
1725522225,0.335,0.000
1725522225,0.484,0.000
1725522225,0.467,0.000
1725522225,0.330,0.000
1725522225,0.324,0.000
1725522225,0.225,0.000
1725522225,0.318,0.000
1725522225,0.315,0.000
1725522225,0.342,0.000
1725522225,0.234,0.000
1725522225,0.288,0.000
1725522225,0.308,0.000
1725522225,0.344,0.000
1725522225,0.488,0.000
1725522225,0.382,0.000
1725522225,0.419,0.000
1725522225,0.381,0.000
1725522225,0.325,0.000
1725522225,0.342,0.000
1725522225,0.299,0.000
1725522225,0.323,0.000
1725522225,0.345,0.000
1725522225,0.351,0.000
1725522225,0.323,0.000
1725522225,0.407,0.000
1725522225,0.363,0.000
1725522225,0.305,0.000
1725522225,0.281,0.000
1725522225,0.280,0.000
1725522225,0.294,0.000
1725522226,0.251,0.000
1725522226,0.367,0.000
1725522226,0.285,0.000
1725522226,0.288,0.000
1725522226,0.301,0.000
1725522226,0.256,0.000
1725522226,0.294,0.000
1725522226,0.304,0.000
1725522226,0.435,0.000
1725522226,0.362,0.000
1725522226,0.313,0.000
1725522226,0.415,0.000
1725522226,0.327,0.000
1725522226,0.289,0.000
1725522226,0.352,0.000
1725522226,0.257,0.000
1725522226,0.299,0.000
1725522226,0.339,0.000
1725522226,0.315,0.000
1725522226,0.357,0.000
1725522226,0.446,0.000
1725522226,0.336,0.000
1725522226,0.268,0.000
1725522226,0.396,0.000
1725522226,0.297,0.000
1725522226,0.224,0.000
1725522226,0.314,0.000
1725522226,0.336,0.000
1725522226,0.362,0.000
1725522226,0.234,0.000
1725522226,0.273,0.000
1725522226,0.455,0.000
1725522226,0.362,0.000
1725522226,0.482,0.000
1725522226,0.401,0.000
1725522226,0.635,0.000
1725522226,0.300,0.000
1725522226,0.451,0.000
1725522226,0.306,0.000
1725522226,0.289,0.000
1725522226,0.380,0.000
1725522226,0.234,0.000
1725522226,0.302,0.000
1725522226,0.294,0.000
1725522226,0.360,0.000
1725522226,0.309,0.000
1725522226,0.323,0.000
1725522226,0.358,0.000
1725522226,0.373,0.000
1725522226,0.235,0.000
1725522226,0.300,0.000
1725522226,0.400,0.000
1725522226,0.296,0.000
1725522226,0.359,0.000
1725522226,0.311,0.000
1725522226,0.339,0.000
1725522226,0.255,0.000
1725522226,0.299,0.000
1725522226,0.360,0.000
1725522226,0.454,0.000
1725522226,0.330,0.000
1725522226,0.280,0.000
1725522226,0.316,0.000
1725522226,0.410,0.000
1725522226,0.420,0.000
1725522226,0.365,0.000
1725522226,0.369,0.000
1725522226,0.358,0.000
1725522226,0.322,0.000
1725522226,0.293,0.000
1725522226,0.325,0.000
1725522226,0.315,0.000
1725522226,0.325,0.000
1725522226,0.307,0.000
1725522226,0.367,0.000
1725522226,0.372,0.000
1725522226,0.256,0.000
1725522226,0.268,0.000
1725522226,0.292,0.000
1725522226,0.448,0.000
1725522226,0.247,0.000
1725522226,0.438,0.000
1725522226,0.343,0.000
1725522226,0.415,0.000
1725522226,0.383,0.000
1725522226,0.277,0.000
1725522226,0.351,0.000
1725522226,0.239,0.000
1725522226,0.292,0.000
1725522226,0.307,0.000
1725522226,0.553,0.000
1725522226,0.393,0.000
1725522226,0.260,0.000
1725522226,0.360,0.000
1725522226,0.511,0.000
1725522226,0.283,0.000
1725522226,0.319,0.000
1725522226,0.366,0.000
1725522226,0.297,0.000
1725522226,0.404,0.000
1725522227,0.269,0.000
1725522227,0.475,0.000
1725522227,0.352,0.000
1725522227,0.290,0.000
1725522227,0.463,0.000
1725522227,0.362,0.000
1725522227,0.328,0.000
1725522227,0.375,0.000
1725522227,0.280,0.000
1725522227,0.359,0.000
1725522227,0.254,0.000
1725522227,0.431,0.000
1725522227,0.315,0.000
1725522227,0.324,0.000
1725522227,0.287,0.000
1725522227,0.405,0.000
1725522227,0.333,0.000
1725522227,0.351,0.000
1725522227,0.297,0.000
1725522227,0.320,0.000
1725522227,0.307,0.000
1725522227,0.390,0.000
1725522227,0.233,0.000
1725522227,0.280,0.000
1725522227,0.339,0.000
1725522227,0.616,0.000
1725522227,0.333,0.000
1725522227,0.345,0.000
1725522227,0.267,0.000
1725522227,0.381,0.000
1725522227,0.453,0.000
1725522227,0.292,0.000
1725522227,0.351,0.000
1725522227,0.291,0.000
1725522227,0.474,0.000
1725522227,0.276,0.000
1725522227,0.314,0.000
1725522227,0.303,0.000
1725522227,0.472,0.000
1725522227,0.278,0.000
1725522227,0.302,0.000
1725522227,0.307,0.000
1725522227,0.278,0.000
1725522227,0.235,0.000
1725522227,0.286,0.000
1725522227,0.327,0.000
1725522227,0.288,0.000
1725522227,0.444,0.000
1725522227,0.366,0.000
1725522227,0.405,0.000
1725522227,0.290,0.000
1725522227,0.431,0.000
1725522227,0.339,0.000
1725522227,0.261,0.000
1725522227,0.405,0.000
1725522227,0.269,0.000
1725522227,0.281,0.000
1725522227,0.358,0.000
1725522227,0.324,0.000
1725522227,0.223,0.000
1725522227,0.292,0.000
1725522227,0.274,0.000
1725522227,0.307,0.000
1725522227,0.332,0.000
1725522227,0.303,0.000
1725522227,0.451,0.000
1725522227,0.343,0.000
1725522227,0.454,0.000
1725522227,0.242,0.000
1725522227,0.339,0.000
1725522227,0.270,0.000
1725522227,0.456,0.000
1725522227,0.267,0.000
1725522227,0.338,0.000
1725522227,0.323,0.000
1725522227,0.266,0.000
1725522227,0.292,0.000
1725522227,0.370,0.000
1725522227,0.282,0.000
1725522227,0.334,0.000
1725522227,0.415,0.000
1725522227,0.392,0.000
1725522227,0.243,0.000
1725522227,0.482,0.000
1725522227,0.314,0.000
1725522227,0.279,0.000
1725522227,0.239,0.000
1725522227,0.610,0.000
1725522227,0.300,0.000
1725522227,0.329,0.000
1725522227,0.370,0.000
1725522227,0.294,0.000
1725522227,0.311,0.000
1725522227,0.302,0.000
1725522228,0.952,0.000
1725522228,0.341,0.000
1725522228,0.274,0.000
1725522228,0.420,0.000
1725522228,0.243,0.000
1725522228,0.394,0.000
1725522228,0.403,0.000
1725522228,0.380,0.000
1725522228,0.370,0.000
1725522228,0.413,0.000
1725522228,0.265,0.000
1725522228,0.351,0.000
1725522228,0.386,0.000
1725522228,0.336,0.000
1725522228,0.363,0.000
1725522228,0.308,0.000
1725522228,0.287,0.000
1725522228,0.285,0.000
1725522228,0.294,0.000
1725522228,0.294,0.000
1725522228,0.420,0.000
1725522228,0.321,0.000
1725522228,0.434,0.000
1725522228,0.317,0.000
1725522228,0.304,0.000
1725522228,0.441,0.000
1725522228,0.298,0.000
1725522228,0.424,0.000
1725522228,0.459,0.000
1725522228,0.373,0.000
1725522228,0.335,0.000
1725522228,0.265,0.000
1725522228,0.434,0.000
1725522228,0.344,0.000
1725522228,0.444,0.000
1725522228,0.278,0.000
1725522228,0.355,0.000
1725522228,0.290,0.000
1725522228,0.380,0.000
1725522228,0.426,0.000
1725522228,0.386,0.000
1725522228,0.257,0.000
1725522228,0.358,0.000
1725522228,0.569,0.000
1725522228,0.427,0.000
1725522228,0.327,0.000
1725522228,0.367,0.000
1725522228,0.403,0.000
1725522228,0.201,0.000
1725522228,0.317,0.000
1725522228,0.277,0.000
1725522228,0.289,0.000
1725522228,0.272,0.000
1725522228,0.256,0.000
1725522228,0.353,0.000
1725522228,0.266,0.000
1725522228,0.304,0.000
1725522228,0.382,0.000
1725522228,0.300,0.000
1725522228,0.259,0.000
1725522228,0.303,0.000
1725522228,0.428,0.000
1725522228,0.337,0.000
1725522228,0.309,0.000
1725522228,0.372,0.000
1725522228,0.308,0.000
1725522228,0.317,0.000
1725522228,0.358,0.000
1725522228,0.220,0.000
1725522228,0.357,0.000
1725522228,0.371,0.000
1725522228,0.261,0.000
1725522228,0.382,0.000
1725522228,0.323,0.000
1725522228,0.263,0.000
1725522228,0.300,0.000
1725522228,0.539,0.000
1725522228,0.303,0.000
1725522228,0.321,0.000
1725522228,0.386,0.000
1725522228,0.290,0.000
1725522228,0.334,0.000
1725522228,0.422,0.000
1725522228,0.338,0.000
1725522228,0.393,0.000
1725522228,0.460,0.000
1725522229,0.359,0.000
1725522229,0.365,0.000
1725522229,0.334,0.000
1725522229,0.368,0.000
1725522229,0.325,0.000
1725522229,0.265,0.000
1725522229,0.231,0.000
1725522229,0.340,0.000
1725522229,0.303,0.000
1725522229,0.389,0.000
1725522229,0.329,0.000
1725522229,0.262,0.000
1725522229,0.300,0.000
1725522229,0.373,0.000
1725522229,0.261,0.000
1725522229,0.497,0.000
1725522229,0.392,0.000
1725522229,0.280,0.000
1725522229,0.330,0.000
1725522229,0.411,0.000
1725522229,0.341,0.000
1725522229,0.358,0.000
1725522229,0.454,0.000
1725522229,0.230,0.000
1725522229,0.284,0.000
1725522229,0.284,0.000
1725522229,0.410,0.000
1725522229,0.420,0.000
1725522229,0.304,0.000
1725522229,0.329,0.000
1725522229,0.333,0.000
1725522229,0.457,0.000
1725522229,0.389,0.000
1725522229,0.527,0.000
1725522229,0.331,0.000
1725522229,0.271,0.000
1725522229,0.284,0.000
1725522229,0.356,0.000
1725522229,0.289,0.000
1725522229,0.307,0.000
1725522229,5.384,0.000
1725522229,0.304,0.000
1725522229,0.333,0.000
1725522229,0.301,0.000
1725522229,0.527,0.000
1725522229,0.331,0.000
1725522229,0.349,0.000
1725522229,0.262,0.000
1725522229,0.361,0.000
1725522229,0.384,0.000
1725522229,0.302,0.000
1725522229,0.287,0.000
1725522229,0.433,0.000
1725522229,0.378,0.000
1725522229,0.365,0.000
1725522229,0.335,0.000
1725522229,0.302,0.000
1725522229,0.392,0.000
1725522229,0.335,0.000
1725522229,0.248,0.000
1725522229,0.381,0.000
1725522229,0.260,0.000
1725522229,0.274,0.000
1725522229,0.382,0.000
1725522229,0.412,0.000
1725522229,0.312,0.000
1725522229,0.310,0.000
1725522229,0.228,0.000
1725522229,0.858,0.000
1725522229,0.379,0.000
1725522229,0.330,0.000
1725522229,0.345,0.000
1725522229,0.305,0.000
1725522229,0.412,0.000
1725522229,0.499,0.000
1725522229,0.330,0.000
1725522229,0.362,0.000
1725522229,0.391,0.000
1725522229,0.316,0.000
1725522229,0.407,0.000
1725522229,0.576,0.000
1725522230,0.321,0.000
1725522230,0.378,0.000
1725522230,0.289,0.000
1725522230,0.307,0.000
1725522230,0.275,0.000
1725522230,0.314,0.000
1725522230,0.351,0.000
1725522230,0.348,0.000
1725522230,0.436,0.000
1725522230,0.331,0.000
1725522230,0.367,0.000
1725522230,0.368,0.000
1725522230,0.306,0.000
1725522230,0.438,0.000
1725522230,0.307,0.000
1725522230,0.349,0.000
1725522230,0.320,0.000
1725522230,0.252,0.000
1725522230,0.375,0.000
1725522230,0.334,0.000
1725522230,0.552,0.000
1725522230,0.393,0.000
1725522230,0.418,0.000
1725522230,0.426,0.000
1725522230,0.313,0.000
1725522230,0.622,0.000
1725522230,0.299,0.000
1725522230,0.425,0.000
1725522230,0.373,0.000
1725522230,0.321,0.000
1725522230,0.322,0.000
1725522230,0.346,0.000
1725522230,0.330,0.000
1725522230,0.318,0.000
1725522230,0.381,0.000
1725522230,0.373,0.000
1725522230,0.552,0.000
1725522230,0.528,0.000
1725522230,0.348,0.000
1725522230,0.311,0.000
1725522230,0.300,0.000
1725522230,0.268,0.000
1725522230,0.364,0.000
1725522230,0.404,0.000
1725522230,0.277,0.000
1725522230,0.230,0.000
1725522230,0.332,0.000
1725522230,0.435,0.000
1725522230,0.336,0.000
1725522230,0.288,0.000
1725522230,0.380,0.000
1725522230,0.388,0.000
1725522230,0.324,0.000
1725522230,0.404,0.000
1725522230,0.345,0.000
1725522230,0.349,0.000
1725522230,0.335,0.000
1725522230,0.507,0.000
1725522230,0.282,0.000
1725522230,0.999,0.000
1725522230,0.344,0.000
1725522230,0.357,0.000
1725522230,0.279,0.000
1725522230,0.339,0.000
1725522230,0.422,0.000
1725522230,0.289,0.000
1725522230,0.341,0.000
1725522230,0.326,0.000
1725522230,0.256,0.000
1725522230,0.396,0.000
1725522230,0.416,0.000
1725522230,0.420,0.000
1725522230,0.350,0.000
1725522230,0.350,0.000
1725522231,0.329,0.000
1725522231,0.351,0.000
1725522231,0.301,0.000
1725522231,0.375,0.000
1725522231,0.390,0.000
1725522231,0.326,0.000
1725522231,0.274,0.000
1725522231,0.390,0.000
1725522231,0.291,0.000
1725522231,0.435,0.000
1725522231,0.290,0.000
1725522231,0.404,0.000
1725522231,0.357,0.000
1725522231,0.334,0.000
1725522231,0.299,0.000
1725522231,0.294,0.000
1725522231,0.346,0.000
1725522231,0.387,0.000
1725522231,0.323,0.000
1725522231,0.272,0.000
1725522231,0.455,0.000
1725522231,0.413,0.000
1725522231,0.494,0.000
1725522231,0.340,0.000
1725522231,0.305,0.000
1725522231,0.342,0.000
1725522231,0.300,0.000
1725522231,0.359,0.000
1725522231,0.317,0.000
1725522231,0.395,0.000
1725522231,0.488,0.000
1725522231,0.369,0.000
1725522231,0.278,0.000
1725522231,0.524,0.000
1725522231,0.301,0.000
1725522231,0.309,0.000
1725522231,0.315,0.000
1725522231,0.320,0.000
1725522231,0.281,0.000
1725522231,0.386,0.000
1725522231,0.407,0.000
1725522231,0.352,0.000
1725522231,0.441,0.000
1725522231,0.285,0.000
1725522231,0.782,0.000
1725522231,0.360,0.000
1725522231,0.398,0.000
1725522231,0.253,0.000
1725522231,0.405,0.000
1725522231,0.358,0.000
1725522231,0.354,0.000
1725522231,0.255,0.000
1725522231,0.294,0.000
1725522231,0.465,0.000
1725522231,0.360,0.000
1725522231,0.271,0.000
1725522231,0.371,0.000
1725522231,0.278,0.000
1725522231,0.364,0.000
1725522231,0.301,0.000
1725522231,0.386,0.000
1725522231,0.394,0.000
1725522231,0.439,0.000
1725522231,0.340,0.000
1725522231,0.333,0.000
1725522231,0.393,0.000
1725522231,0.363,0.000
1725522231,0.275,0.000
1725522231,0.551,0.000
1725522231,0.292,0.000
1725522231,0.297,0.000
1725522232,0.262,0.000
1725522232,0.307,0.000
1725522232,0.435,0.000
1725522232,0.355,0.000
1725522232,0.308,0.000
1725522232,0.308,0.000
1725522232,0.308,0.000
1725522232,0.364,0.000
1725522232,0.325,0.000
1725522232,0.361,0.000
1725522232,0.322,0.000
1725522232,0.361,0.000
1725522232,0.255,0.000
1725522232,0.455,0.000
1725522232,0.607,0.000
1725522232,0.269,0.000
1725522232,0.358,0.000
1725522232,0.308,0.000
1725522232,0.269,0.000
1725522232,0.365,0.000
1725522232,0.425,0.000
1725522232,0.334,0.000
1725522232,0.392,0.000
1725522232,0.271,0.000
1725522232,0.356,0.000
1725522232,0.351,0.000
1725522232,0.530,0.000
1725522232,0.330,0.000
1725522232,0.289,0.000
1725522232,0.304,0.000
1725522232,0.300,0.000
1725522232,0.321,0.000
1725522232,0.396,0.000
1725522232,0.485,0.000
1725522232,0.378,0.000
1725522232,0.270,0.000
1725522232,0.316,0.000
1725522232,0.315,0.000
1725522232,0.433,0.000
1725522232,0.368,0.000
1725522232,0.360,0.000
1725522232,0.362,0.000
1725522232,0.439,0.000
1725522232,0.455,0.000
1725522232,0.386,0.000
1725522232,0.355,0.000
1725522232,0.385,0.000
1725522232,0.307,0.000
1725522232,0.307,0.000
1725522232,0.310,0.000
1725522232,0.340,0.000
1725522232,0.344,0.000
1725522232,0.400,0.000
1725522232,0.386,0.000
1725522232,0.269,0.000
1725522232,0.330,0.000
1725522232,0.445,0.000
1725522232,0.438,0.000
1725522232,0.367,0.000
1725522233,0.271,0.000
1725522233,0.329,0.000
1725522233,0.473,0.000
1725522233,0.380,0.000
1725522233,0.365,0.000
1725522233,0.309,0.000
1725522233,0.275,0.000
1725522233,0.327,0.000
1725522233,0.327,0.000
1725522233,0.326,0.000
1725522233,0.319,0.000
1725522233,0.435,0.000
1725522233,0.338,0.000
1725522233,0.301,0.000
1725522233,0.317,0.000
1725522233,0.573,0.000
1725522233,0.417,0.000
1725522233,0.255,0.000
1725522233,0.368,0.000
1725522233,0.428,0.000
1725522233,0.279,0.000
1725522233,0.287,0.000
1725522233,0.432,0.000
1725522233,0.422,0.000
1725522233,0.438,0.000
1725522233,0.262,0.000
1725522233,0.308,0.000
1725522233,0.327,0.000
1725522233,0.410,0.000
1725522233,0.396,0.000
1725522233,0.297,0.000
1725522233,0.531,0.000
1725522233,0.290,0.000
1725522233,0.427,0.000
1725522233,0.437,0.000
1725522233,0.554,0.000
1725522233,0.370,0.000
1725522233,0.435,0.000
1725522233,0.348,0.000
1725522233,0.361,0.000
1725522233,0.360,0.000
1725522233,0.559,0.000
1725522233,0.302,0.000
1725522233,0.310,0.000
1725522233,0.275,0.000
1725522233,0.413,0.000
1725522233,0.359,0.000
1725522233,0.420,0.000
1725522233,0.306,0.000
1725522233,0.429,0.000
1725522233,0.424,0.000
1725522233,0.294,0.000
1725522233,0.376,0.000
1725522234,0.343,0.000
1725522234,0.408,0.000
1725522234,0.360,0.000
1725522234,0.286,0.000
1725522234,0.359,0.000
1725522234,0.339,0.000
1725522234,0.414,0.000
1725522234,0.311,0.000
1725522234,0.352,0.000
1725522234,0.326,0.000
1725522234,0.358,0.000
1725522234,0.395,0.000
1725522234,0.304,0.000
1725522234,0.292,0.000
1725522234,0.391,0.000
1725522234,0.237,0.000
1725522234,0.554,0.000
1725522234,0.275,0.000
1725522234,0.363,0.000
1725522234,0.274,0.000
1725522234,0.324,0.000
1725522234,0.310,0.000
1725522234,0.411,0.000
1725522234,0.323,0.000
1725522234,0.332,0.000
1725522234,0.630,0.000
1725522234,0.402,0.000
1725522234,0.324,0.000
1725522234,0.313,0.000
1725522234,0.230,0.000
1725522234,0.430,0.000
1725522234,0.298,0.000
1725522234,0.300,0.000
1725522234,0.301,0.000
1725522234,0.340,0.000
1725522234,0.364,0.000
1725522234,0.528,0.000
1725522234,0.423,0.000
1725522234,0.274,0.000
1725522234,0.331,0.000
1725522235,0.340,0.000
1725522235,0.370,0.000
1725522235,0.263,0.000
1725522235,0.376,0.000
1725522235,0.305,0.000
1725522235,0.307,0.000
1725522235,0.485,0.000
1725522235,0.504,0.000
1725522235,0.282,0.000
1725522235,0.292,0.000
1725522235,0.453,0.000
1725522235,0.281,0.000
1725522235,0.400,0.000
1725522235,0.295,0.000
1725522235,0.325,0.000
1725522235,0.261,0.000
1725522235,0.353,0.000
1725522235,0.365,0.000
1725522235,0.336,0.000
1725522235,0.514,0.000
1725522235,0.327,0.000
1725522235,0.286,0.000
1725522235,0.341,0.000
1725522235,0.219,0.000
1725522235,0.271,0.000
1725522235,0.272,0.000
1725522235,0.359,0.000
1725522235,0.295,0.000
1725522235,0.309,0.000
1725522235,0.335,0.000
1725522235,0.411,0.000
1725522235,0.364,0.000
1725522235,0.297,0.000
1725522235,0.342,0.000
1725522235,0.420,0.000
1725522235,0.419,0.000
1725522235,0.337,0.000
1725522235,0.384,0.000
1725522235,0.416,0.000
1725522235,0.334,0.000
1725522235,0.337,0.000
1725522236,0.335,0.000
1725522236,0.317,0.000
1725522236,0.397,0.000
1725522236,0.335,0.000
1725522236,0.378,0.000
1725522236,0.257,0.000
1725522236,0.274,0.000
1725522236,0.361,0.000
1725522236,0.427,0.000
1725522236,0.519,0.000
1725522236,0.337,0.000
1725522236,0.272,0.000
1725522236,0.317,0.000
1725522236,0.541,0.000
1725522236,0.481,0.000
1725522236,0.306,0.000
1725522236,0.353,0.000
1725522236,0.334,0.000
1725522236,0.349,0.000
1725522236,0.347,0.000
1725522236,0.415,0.000
1725522236,0.377,0.000
1725522236,0.356,0.000
1725522236,0.254,0.000
1725522236,0.341,0.000
1725522236,0.331,0.000
1725522236,0.412,0.000
1725522236,0.366,0.000
1725522236,0.323,0.000
1725522236,0.332,0.000
1725522236,0.260,0.000
1725522236,0.359,0.000
1725522237,0.417,0.000
1725522237,0.336,0.000
1725522237,0.478,0.000
1725522237,0.279,0.000
1725522237,0.383,0.000
1725522237,0.410,0.000
1725522237,0.317,0.000
1725522237,0.323,0.000
1725522237,0.495,0.000
1725522237,0.363,0.000
1725522237,0.290,0.000
1725522237,0.299,0.000
1725522237,0.314,0.000
1725522237,0.307,0.000
1725522237,0.415,0.000
1725522237,0.249,0.000
1725522237,0.411,0.000
1725522237,0.283,0.000
1725522237,0.328,0.000
1725522237,0.259,0.000
1725522237,0.342,0.000
1725522237,0.405,0.000
1725522237,0.297,0.000
1725522237,0.385,0.000
1725522237,0.439,0.000
1725522237,0.332,0.000
1725522238,0.397,0.000
1725522238,0.461,0.000
1725522238,0.355,0.000
1725522238,0.315,0.000
1725522238,0.327,0.000
1725522238,0.403,0.000
1725522238,0.249,0.000
1725522238,0.306,0.000
1725522238,0.326,0.000
1725522238,0.390,0.000
1725522238,0.352,0.000
1725522238,0.543,0.000
1725522238,0.388,0.000
1725522238,0.466,0.000
1725522238,0.456,0.000
1725522238,0.317,0.000
1725522238,0.397,0.000
1725522238,0.285,0.000
1725522238,0.347,0.000
1725522238,0.318,0.000
1725522238,0.450,0.000
1725522238,0.515,0.000
1725522238,0.332,0.000
1725522239,0.462,0.000
1725522239,0.389,0.000
1725522239,0.295,0.000
1725522239,0.330,0.000
1725522239,0.371,0.000
1725522239,0.514,0.000
1725522239,0.260,0.000
1725522239,0.326,0.000
1725522239,0.401,0.000
1725522239,0.336,0.000
1725522239,0.397,0.000
1725522239,0.269,0.000
1725522239,0.346,0.000
1725522239,0.282,0.000
1725522239,0.391,0.000
1725522239,0.377,0.000
1725522239,0.455,0.000
1725522239,0.291,0.000
1725522239,0.316,0.000
1725522240,0.425,0.000
1725522240,0.425,0.000
1725522240,0.313,0.000
1725522240,0.364,0.000
1725522240,0.469,0.000
1725522240,0.316,0.000
1725522240,0.439,0.000
1725522240,0.355,0.000
1725522240,0.334,0.000
1725522240,0.292,0.000
1725522240,0.339,0.000
1725522240,0.290,0.000
1725522240,0.381,0.000
1725522240,0.315,0.000
1725522240,0.314,0.000
1725522240,0.675,0.000
1725522241,0.311,0.000
1725522241,0.297,0.000
1725522241,0.306,0.000
1725522241,0.436,0.000
1725522241,0.324,0.000
1725522241,0.292,0.000
1725522241,0.509,0.000
1725522241,0.294,0.000
1725522241,0.419,0.000
1725522241,0.354,0.000
1725522241,0.416,0.000
1725522241,0.336,0.000
1725522241,0.301,0.000
1725522242,0.508,0.000
1725522242,0.359,0.000
1725522242,0.297,0.000
1725522242,0.338,0.000
1725522242,0.300,0.000
1725522242,0.309,0.000
1725522242,0.329,0.000
1725522242,0.469,0.000
1725522242,0.686,0.000
1725522242,0.418,0.000
1725522242,0.324,0.000
1725522242,0.319,0.000
1725522242,0.385,0.000
1725522243,0.402,0.000
1725522243,0.344,0.000
1725522243,0.340,0.000
1725522243,0.379,0.000
1725522243,0.326,0.000
1725522243,0.377,0.000
1725522243,0.329,0.000
1725522243,1.162,0.000
1725522243,0.338,0.000
1725522243,0.371,0.000
1725522244,0.328,0.000
1725522244,0.362,0.000
1725522244,0.418,0.000
1725522244,0.259,0.000
1725522244,0.573,0.000
1725522244,0.355,0.000
1725522244,0.308,0.000
1725522244,0.335,0.000
1725522244,0.363,0.000
1725522245,0.421,0.000
1725522245,0.322,0.000
1725522245,0.329,0.000
1725522245,0.341,0.000
1725522245,0.392,0.000
1725522245,1.113,0.000
1725522245,0.395,0.000
1725522245,0.374,0.000
1725522245,0.402,0.000
1725522246,0.300,0.000
1725522246,0.512,0.000
1725522246,0.317,0.000
1725522246,0.349,0.000
1725522246,0.335,0.000
1725522246,0.332,0.000
1725522246,0.414,0.000
1725522246,0.494,0.000
1725522246,0.361,0.000
1725522246,0.281,0.000
1725522246,0.362,0.000
1725522247,0.404,0.000
1725522247,0.365,0.000
1725522247,0.354,0.000
1725522247,0.804,0.000
1725522247,0.437,0.000
1725522247,0.376,0.000
1725522247,0.402,0.000
1725522247,0.325,0.000
1725522247,0.322,0.000
1725522247,0.591,0.000
1725522248,0.591,0.000
1725522248,0.297,0.000
1725522248,0.392,0.000
1725522248,0.482,0.000
1725522248,0.347,0.000
1725522248,0.413,0.000
1725522248,0.382,0.000
1725522248,0.415,0.000
1725522248,0.312,0.000
1725522248,0.295,0.000
1725522248,0.441,0.000
1725522249,0.382,0.000
1725522249,0.301,0.000
1725522249,0.420,0.000
1725522249,0.445,0.000
1725522249,0.354,0.000
1725522249,0.373,0.000
1725522249,0.439,0.000
1725522249,0.310,0.000
1725522249,0.306,0.000
1725522250,0.308,0.000
1725522250,0.287,0.000
1725522250,0.283,0.000
1725522250,0.303,0.000
1725522250,0.382,0.000
1725522250,0.414,0.000
1725522250,0.341,0.000
1725522251,0.441,0.000
1725522251,0.518,0.000
1725522251,0.398,0.000
1725522251,0.560,0.000
1725522252,0.374,0.000
1725522252,0.431,0.000
1725522252,0.268,0.000
1725522252,0.331,0.000
1725522252,0.301,0.000
1725522252,0.327,0.000
1725522253,0.301,0.000
1725522253,0.350,0.000
1725522253,0.370,0.000
1725522253,0.388,0.000
1725522253,0.298,0.000
1725522253,0.349,0.000
1725522254,0.502,0.000
1725522254,0.389,0.000
1725522254,0.399,0.000
1725522254,0.331,0.000
1725522255,0.378,0.000
1725522255,0.442,0.000
1725522255,0.394,0.000
1725522255,0.433,0.000
1725522255,0.333,0.000
1725522256,0.474,0.000
1725522256,0.280,0.000
1725522256,0.266,0.000
1725522256,0.528,0.000
1725522256,0.334,0.000
1725522256,0.422,0.000
1725522257,0.385,0.000
1725522257,0.284,0.000
1725522257,0.388,0.000
1725522257,0.327,0.000
1725522257,0.308,0.000
1725522257,0.487,0.000
1725522258,0.467,0.000
1725522258,0.476,0.000
1725522258,0.344,0.000
1725522258,0.463,0.000
1725522259,0.294,0.000
1725522259,0.359,0.000
1725522259,0.303,0.000
1725522259,0.436,0.000
1725522260,0.510,0.000
1725522260,0.459,0.000
